We need to deduce the transformation by matching the example outputs.

Output 1: 00000000
0 0
1 0
2 0
3 0
4 0
5 0
6 0
7 0

Output 2: 11110010
0 1
1 1
2 1
3 1
4 0
5 0
6 1
7 0

Output 3: 10111100
0 1
1 0
2 1
3 1
4 1
5 1
6 0
7 0

Output 4: 00010010
0 0
1 0
2 0
3 1
4 0
5 0
6 1
7 0

Output 5: 00011010
0 0
1 0
2 0
3 1
4 1
5 0
6 1
7 0

Output 6: 01010111
0 0
1 1
2 0
3 1
4 0
5 1
6 1
7 1

Output 7: 01101110
0 0
1 1
2 1
3 0
4 1
5 1
6 1
7 0

Output 8: 11110111
0 1
1 1
2 1
3 1
4 0
5 1
6 1
7 1

Output 9: 01111101
0 0
1 1
2 1
3 1
4 1
5 1
6 0
7 1

Output 10: 01011110
0 0
1 1
2 0
3 1
4 1
5 1
6 1
7 0

Output bit columns (with bitsum as hash)
0 0110000100 3
1 0100011111 6
2 0110001110 5
3 0111110111 8
4 0010101011 5
5 0010011111 6
6 0101111101 7
7 0000010110 3

Input 1: 00000000
0 0
1 0
2 0
3 0
4 0
5 0
6 0
7 0

Input 2: 11001011
0 1
1 1
2 0
3 0
4 1
5 0
6 1
7 1

Input 3: 11110010
0 1
1 1
2 1
3 1
4 0
5 0
6 1
7 0

Input 4: 01001000
0 0
1 1
2 0
3 0
4 1
5 0
6 0
7 0

Input 5: 01101000
0 0
1 1
2 1
3 0
4 1
5 0
6 0
7 0

Input 6: 01011101
0 0
1 1
2 0
3 1
4 1
5 1
6 0
7 1

Input 7: 10111001
0 1
1 0
2 1
3 1
4 1
5 0
6 0
7 1

Input 8: 11011111
0 1
1 1
2 0
3 1
4 1
5 1
6 1
7 1

Input 9: 11110101
0 1
1 1
2 1
3 1
4 0
5 1
6 0
7 1

Input 10: 01111001
0 0
1 1
2 1
3 1
4 1
5 0
6 0
7 1

Identity
0 0110001110 5 match 2
1 0111110111 8 match 3
2 0010101011 5 match 4
3 0010011111 6 match 5
4 0101111101 7 match 6
5 0000010110 3 match 7
6 0110000100 3 match 0
7 0100011111 6 match 1

Matching output with Identity
0 6
1 7
2 0
3 1
4 2
5 3
6 4
7 5

Left
6 7 0 1 2 3 4 5
Best: I6 I7 I0 I1 I2 I3 I4 I5: 8

Right
5 4 3 2 1 0 7 6
Best: I5 I4 I3 I2 I1 I0 I7 I6: 8

NOT
0 1001110001 5
1 1000001000 2
2 1101010100 5
3 1101100000 4
4 1010000010 3
5 1111101001 7
6 1001111011 7
7 1011100000 4

Matching output with NOT
0 absent
1 absent
2 absent
3 absent
4 absent
5 absent
6 absent
7 absent

Left
none
Best: none

Right
none
Best: none

Constant
0 0000000000 a
1 1111111111 a

Matching output with Constant
0 absent
1 absent
2 absent
3 absent
4 absent
5 absent
6 absent
7 absent

Left
none
Best: none

Right
none
Best: none

AND
01 10 0110000110 4
12 21 0010100011 4
23 32 0010001011 4
34 43 0000011101 4
45 54 0000010100 2
56 65 0000000100 1
67 76 0100000100 2
70 07 0100001110 4

02 20 0010001010 3
13 31 0010010111 5
24 42 0000101001 3
35 53 0000010110 3 match 7
46 64 0100000100 2
57 75 0000010110 3 match 7
60 06 0110000100 3 match 0
71 17 0100010111 5

03 30 0010001110 4
14 41 0101110101 6
25 52 0000000010 1
36 63 0010000100 2
47 74 0100011101 5
50 05 0000000110 2
61 16 0110000100 3 match 0
72 27 0000001011 3

04 40 0100001100 3
15 51 0000010110 3 match 7
26 62 0010000000 1
37 73 0000011111 5

Matching output with AND
0 06 60 16 61
1 absent
2 absent
3 absent
4 absent
5 absent
6 absent
7 35 53 57 75 15 51

Left
06 17x
60 71x
16 27x
61 72x
Best: AND06: 1

Right
35 24x
53 42x
57 46x
75 64x
15 04x
51 40x
Best: AND35: 1

OR
01 10 0111111111 9
12 21 0111111111 9
23 32 0010111111 7
34 43 0111111111 9
45 54 0101111111 8
56 65 0110010110 5
67 76 0110011111 7
70 07 0110011111 7

02 20 0110101111 7
13 31 0111111111 9
24 42 0111111111 9
35 53 0010011111 6 match 5
46 64 0111111101 8
57 75 0100011111 6 match 1
60 06 0110001110 5 match 2
71 17 0111111111 9

03 30 0110011111 7
14 41 0111111111 9
25 52 0010111111 7
36 63 0110011111 7
47 74 0101111111 8
50 05 0110011110 6
61 16 0111110111 8 match 3
72 27 0110111111 8

04 40 0111111111 9
15 51 0111110111 8 match 3
26 62 0110101111 7
37 73 0110011111 7

Matching output with OR
0 absent
1 57 75
2 06 60
3 16 61 15 51
4 absent
5 35 53
6 absent
7 absent

Left
none
Best: none

Right
none
Best: none

XOR
01 10 0001111001 5
12 21 0101011100 5
23 32 0000110100 3
34 43 0111100010 5
45 54 0101101011 6
56 65 0110010010 4
67 76 0010011011 5
70 07 0010010001 3

02 20 0100100101 4
13 31 0101101000 4
24 42 0111010110 6
35 53 0010001001 3
46 64 0011111001 6
57 75 0100001001 3
60 06 0000001010 2
71 17 0011101000 4

03 30 0100010001 3
14 41 0010001010 3
25 52 0010111101 6
36 63 0100011011 5
47 74 0001100010 3
50 05 0110011000 4
61 16 0001110011 5
72 27 0110110100 5

04 40 0011110011 6
15 51 0111100001 5
26 62 0100101111 6
37 73 0110000000 2

Matching output with XOR
0 absent
1 absent
2 absent
3 absent
4 absent
5 absent
6 absent
7 absent

Left
none
Best: none

Right
none
Best: none

AND-NOT
01 0000001000 1
12 0101010100 4
23 0000100000 1
34 0010000010 2
45 0101101001 5
56 0000010010 2
67 0010000000 1
70 0000010001 2

02 0100000100 2
13 0101100000 3
24 0010000010 2
35 0010001001 3
46 0001111001 5
57 0000000000 a
60 0000000000 a
71 0000001000 1

03 0100000000 1
14 0010000010 2
25 0010101001 4
36 0000011011 4
47 0001100000 2
50 0000010000 1
61 0000000000 a
72 0100010100 3

04 0010000010 2
15 0111100001 5
26 0000101011 4
37 0010000000 1
40 0001110001 4
51 0000000000 a
62 0100000100 2
73 0100000000 1

05 0110001000 3
16 0001110011 5
27 0010100000 2
30 0000010001 2
41 0000001000 1
52 0000010100 2
63 0100000000 1
74 0000000010 1

06 0000001010 2
17 0011100000 3
20 0000100001 2
31 0000001000 1
42 0101010100 4
53 0000000000 a
64 0010000000 1
75 0100001001 3

07 0010000000 1
10 0001110001 4
21 0000001000 1
32 0000010100 2
43 0101100000 3
54 0000000010 1
65 0110000000 2
76 0000011011 4

Matching output with AND-NOT
0 absent
1 absent
2 absent
3 absent
4 absent
5 absent
6 absent
7 absent

Left
none
Best: none

Right
none
Best: none

OR-NOT
01 1110001110 6
12 1111110111 9
23 1111101011 8
34 1010011111 7
45 1111111101 9
56 1001111111 8
67 1111100100 6
70 1101111111 9

02 1111011110 8
13 1111110111 9
24 1010101011 6
35 1111111111 a
46 1101111111 9
57 1011110110 7
60 1111110101 8
71 1100011111 7

03 1111101110 8
14 1111110111 9
25 1111101011 8
36 1011111111 9
47 1111111101 9
50 1001110111 7
61 1110001100 5
72 1101011111 8

04 1110001110 6
15 1111111111 a
26 1011111011 8
37 1011111111 9
40 1101111101 8
51 1000011110 5
62 1111010100 6
73 1101111111 9

05 1111101111 9
16 1111111111 a
27 1011101011 7
30 1011111111 9
41 1101111101 8
52 1101010110 6
63 1111100100 6
74 1110011111 8

06 1111111111 a
17 1111110111 9
20 1011111011 8
31 1010011111 7
42 1101111101 8
53 1101110110 7
64 1110000110 5
75 1111111111 a

07 1111101110 8
10 1111110111 9
21 1010101011 6
32 1111011111 9
43 1101111101 8
54 1010010110 5
65 1111101101 8
76 1101111111 9

Matching output with OR-NOT
0 absent
1 absent
2 absent
3 absent
4 absent
5 absent
6 absent
7 absent

Left
none
Best: none

Right
none
Best: none

XOR-NOT
01 1110000110 5
12 1010100011 5
23 1111001011 7
34 1000011101 5
45 1010010100 4
56 1001101101 6
67 1101100100 5
70 1101101110 7

02 1011011010 6
13 1010010111 6
24 1000101001 4
35 1101110110 7
46 1100000110 4
57 1011110110 7
60 1111110101 8
71 1100010111 6

03 1011101110 7
14 1101110101 7
25 1101000010 4
36 1011100100 5
47 1110011101 7
50 1001100111 6
61 1110001100 5
72 1001001011 5

04 1100001100 4
15 1000011110 5
26 1011010000 4
37 1001111111 8
40 1100001100 4
51 1000011110 5
62 1011010000 4
73 1001111111 8

05 1001100111 6
16 1110001100 5
27 1001001011 5
30 1011101110 7
41 1101110101 7
52 1101000010 4
63 1011100100 5
74 1110011101 7

06 1111110101 8
17 1100010111 6
20 1011011010 6
31 1010010111 6
42 1000101001 4
53 1101110110 7
64 1100000110 4
75 1011110110 7

07 1101101110 7
10 1110000110 5
21 1010100011 5
32 1111001011 7
43 1000011101 5
54 1010010100 4
65 1001101101 6
76 1101100100 5

Matching output with XOR-NOT
0 absent
1 absent
2 absent
3 absent
4 absent
5 absent
6 absent
7 absent

Left
none
Best: none

Right
none
Best: none

Selecting

Lefts
Identity I6 I7 I0 I1 I2 I3 I4 I5: 8
NOT none
Constant none
AND AND06: 1
OR none
XOR none
AND-NOT none
OR-NOT none
XOR-NOT none

Rights
Identity I5 I4 I3 I2 I1 I0 I7 I6: 8
NOT none
Constant none
AND AND35: 1
OR none
XOR none
AND-NOT none
OR-NOT none
XOR-NOT none

Left longest: 8
Right longest: 8

Left winner: Identity yes, NOT no, Constant no, AND no, OR no, XOR no, AND-NOT no, OR-NOT no, XOR-NOT no
Right winner: Identity yes, NOT no, Constant no, AND no, OR no, XOR no, AND-NOT no, OR-NOT no, XOR-NOT no

Best left: I6 I7 I0 I1 I2 I3 I4 I5: 8
Best right: I5 I4 I3 I2 I1 I0 I7 I6: 8

Truncated left: I6 I7 I0 I1 I2 I3 I4 I5: 8
Truncated right: none

Tentative from right
7 pending
6 pending
5 pending
4 pending
3 pending
2 pending
1 pending
0 pending

Tentative
0 I6
1 I7
2 I0
3 I1
4 I2
5 I3
6 I4
7 I5

Preferred from left
0 I6
1 I7
2 I0
3 I1
4 I2
5 I3
6 I4
7 I5

Preferred
0 I6
1 I7
2 I0
3 I1
4 I2
5 I3
6 I4
7 I5

Matching
0 I6
1 I7
2 I0
3 I1
4 I2
5 I3
6 I4
7 I5

Perfect match
Identity no
NOT no
Constant no
AND no
OR no
XOR no
AND-NOT no
OR-NOT no
XOR-NOT no

Matched
0 I6
1 I7
2 I0
3 I1
4 I2
5 I3
6 I4
7 I5

Selected
0 I6
1 I7
2 I0
3 I1
4 I2
5 I3
6 I4
7 I5

Applying to 11010000
Input
0 1
1 1
2 0
3 1
4 0
5 0
6 0
7 0
Output
0 I6 = 0
1 I7 = 0
2 I0 = 1
3 I1 = 1
4 I2 = 0
5 I3 = 1
6 I4 = 0
7 I5 = 0

I will now return the answer in \boxed{}
The answer in \boxed is
\boxed{00110100}
</think>
\boxed{00110100}