We need to deduce the transformation by matching the example outputs.

Output 1: 01001110
0 0
1 1
2 0
3 0
4 1
5 1
6 1
7 0

Output 2: 00010110
0 0
1 0
2 0
3 1
4 0
5 1
6 1
7 0

Output 3: 01000110
0 0
1 1
2 0
3 0
4 0
5 1
6 1
7 0

Output 4: 11000010
0 1
1 1
2 0
3 0
4 0
5 0
6 1
7 0

Output 5: 10001110
0 1
1 0
2 0
3 0
4 1
5 1
6 1
7 0

Output 6: 01011111
0 0
1 1
2 0
3 1
4 1
5 1
6 1
7 1

Output 7: 00011101
0 0
1 0
2 0
3 1
4 1
5 1
6 0
7 1

Output 8: 11110011
0 1
1 1
2 1
3 1
4 0
5 0
6 1
7 1

Output 9: 10011111
0 1
1 0
2 0
3 1
4 1
5 1
6 1
7 1

Output 10: 11011111
0 1
1 1
2 0
3 1
4 1
5 1
6 1
7 1

Output bit columns (with bitsum as hash)
0 0001100111 5
1 1011010101 6
2 0000000100 1
3 0100011111 6
4 1000111011 6
5 1110111011 8
6 1111110111 9
7 0000011111 5

Input 1: 10011001
0 1
1 0
2 0
3 1
4 1
5 0
6 0
7 1

Input 2: 10110101
0 1
1 0
2 1
3 1
4 0
5 1
6 0
7 1

Input 3: 10011101
0 1
1 0
2 0
3 1
4 1
5 1
6 0
7 1

Input 4: 10011110
0 1
1 0
2 0
3 1
4 1
5 1
6 1
7 0

Input 5: 10111000
0 1
1 0
2 1
3 1
4 1
5 0
6 0
7 0

Input 6: 11010000
0 1
1 1
2 0
3 1
4 0
5 0
6 0
7 0

Input 7: 00110001
0 0
1 0
2 1
3 1
4 0
5 0
6 0
7 1

Input 8: 11000111
0 1
1 1
2 0
3 0
4 0
5 1
6 1
7 1

Input 9: 11110001
0 1
1 1
2 1
3 1
4 0
5 0
6 0
7 1

Input 10: 11010001
0 1
1 1
2 0
3 1
4 0
5 0
6 0
7 1

Identity
0 1111110111 9 match 6
1 0000010111 4
2 0100101010 4
3 1111111011 9
4 1011100000 4
5 0111000100 4
6 0001000100 2
7 1110001111 7

Matching output with Identity
0 absent
1 absent
2 absent
3 absent
4 absent
5 absent
6 0
7 absent

Left
none
Best: none

Right
none
Best: none

NOT
0 0000001000 1
1 1111101000 6
2 1011010101 6 match 1
3 0000000100 1 match 2
4 0100011111 6 match 3
5 1000111011 6 match 4
6 1110111011 8 match 5
7 0001110000 3

Matching output with NOT
0 absent
1 2
2 3
3 4
4 5
5 6
6 absent
7 absent

Left
none
Best: none

Right
none
Best: none

Constant
0 0000000000 a
1 1111111111 a

Matching output with Constant
0 absent
1 absent
2 absent
3 absent
4 absent
5 absent
6 absent
7 absent

Left
none
Best: none

Right
none
Best: none

AND
01 10 0000010111 4
12 21 0000000010 1
23 32 0100101010 4
34 43 1011100000 4
45 54 0011000000 2
56 65 0001000100 2
67 76 0000000100 1 match 2
70 07 1110000111 6

02 20 0100100010 3
13 31 0000010011 3
24 42 0000100000 1
35 53 0111000000 3
46 64 0001000000 1
57 75 0110000100 3
60 06 0001000100 2
71 17 0000000111 3

03 30 1111110011 8
14 41 0000000000 a
25 52 0100000000 1
36 63 0001000000 1
47 74 1010000000 2
50 05 0111000100 4
61 16 0000000100 1 match 2
72 27 0100001010 3

04 40 1011100000 4
15 51 0000000100 1 match 2
26 62 0000000000 a
37 73 1110001011 6

Matching output with AND
0 absent
1 absent
2 67 76 16 61 15 51
3 absent
4 absent
5 absent
6 absent
7 absent

Left
none
Best: none

Right
none
Best: none

OR
01 10 1111110111 9 match 6
12 21 0100111111 7
23 32 1111111011 9
34 43 1111111011 9
45 54 1111100100 6
56 65 0111000100 4
67 76 1111001111 8
70 07 1111111111 a

02 20 1111111111 a
13 31 1111111111 a
24 42 1111101010 7
35 53 1111111111 a
46 64 1011100100 5
57 75 1111001111 8
60 06 1111110111 9 match 6
71 17 1110011111 8

03 30 1111111111 a
14 41 1011110111 8
25 52 0111101110 7
36 63 1111111111 a
47 74 1111101111 9
50 05 1111110111 9 match 6
61 16 0001010111 5
72 27 1110101111 8

04 40 1111110111 9 match 6
15 51 0111010111 7
26 62 0101101110 6
37 73 1111111111 a

Matching output with OR
0 absent
1 absent
2 absent
3 absent
4 absent
5 absent
6 01 10 06 60 05 50 04 40
7 absent

Left
none
Best: none

Right
none
Best: none

XOR
01 10 1111100000 5
12 21 0100111101 6
23 32 1011010001 5
34 43 0100011011 5
45 54 1100100100 4
56 65 0110000000 2
67 76 1111001011 7
70 07 0001111000 4

02 20 1011011101 7
13 31 1111101100 7
24 42 1111001010 6
35 53 1000111111 7
46 64 1010100100 4
57 75 1001001011 5
60 06 1110110011 7
71 17 1110011000 5

03 30 0000001100 2
14 41 1011110111 8
25 52 0011101110 6
36 63 1110111111 9
47 74 0101101111 7
50 05 1000110011 5
61 16 0001010011 4
72 27 1010100101 5

04 40 0100010111 5
15 51 0111010011 6
26 62 0101101110 6
37 73 0001110100 4

Matching output with XOR
0 absent
1 absent
2 absent
3 absent
4 absent
5 absent
6 absent
7 absent

Left
none
Best: none

Right
none
Best: none

AND-NOT
01 1111100000 5
12 0000010101 3
23 0000000000 a
34 0100011011 5
45 1000100000 2
56 0110000000 2
67 0001000000 1
70 0000001000 1

02 1011010101 6 match 1
13 0000000100 1 match 2
24 0100001010 3
35 1000111011 6 match 4
46 1010100000 3
57 0001000000 1
60 0000000000 a
71 1110001000 4

03 0000000100 1 match 2
14 0000010111 4
25 0000101010 3
36 1110111011 8 match 5
47 0001100000 2
50 0000000000 a
61 0001000000 1
72 1010000101 4

04 0100010111 5
15 0000010011 3
26 0100101010 4
37 0001110000 3
40 0000000000 a
51 0111000000 3
62 0001000100 2
73 0000000100 1 match 2

05 1000110011 5
16 0000010011 3
27 0000100000 1
30 0000001000 1
41 1011100000 4
52 0011000100 3
63 0000000100 1 match 2
74 0100001111 5

06 1110110011 7
17 0000010000 1
20 0000001000 1
31 1111101000 6
42 1011000000 3
53 0000000100 1 match 2
64 0000000100 1 match 2
75 1000001011 4

07 0001110000 3
10 0000000000 a
21 0100101000 3
32 1011010001 5
43 0000000000 a
54 0100000100 2
65 0000000000 a
76 1110001011 6

Matching output with AND-NOT
0 absent
1 02
2 13 03 73 63 53 64
3 absent
4 35
5 36
6 absent
7 absent

Left
none
Best: none

Right
none
Best: none

OR-NOT
01 1111111111 a
12 1011010111 7
23 0100101110 5
34 1111111111 a
45 1011111011 8
56 1111111111 a
67 0001110100 4
70 1110001111 7

02 1111110111 9 match 6
13 0000010111 4
24 0100111111 7
35 1111111011 9
46 1111111011 9
57 0111110100 6
60 0001001100 3
71 1111101111 9

03 1111110111 9 match 6
14 0100011111 6 match 3
25 1100111011 7
36 1111111011 9
47 1011110000 5
50 0111001100 5
61 1111101100 7
72 1111011111 9

04 1111111111 a
15 1000111111 7
26 1110111011 8 match 5
37 1111111011 9
40 1011101000 5
51 1111101100 7
62 1011010101 6 match 1
73 1110001111 7

05 1111111111 a
16 1110111111 9
27 0101111010 6
30 1111111011 9
41 1111101000 6
52 1111010101 7
63 0001000100 2
74 1110011111 8

06 1111111111 a
17 0001110111 6
20 0100101010 4
31 1111111011 9
42 1011110101 7
53 0111000100 4
64 0101011111 7
75 1110111111 9

07 1111110111 9 match 6
10 0000011111 5 match 7
21 1111101010 7
32 1111111111 a
43 1011100100 5
54 0111011111 8
65 1001111111 8
76 1110111111 9

Matching output with OR-NOT
0 absent
1 62
2 absent
3 14
4 absent
5 26
6 02 03 07
7 10

Left
none
Best: none

Right
10 07 76x
Best: OR-NOT10 OR-NOT07: 2

XOR-NOT
01 0000011111 5 match 7
12 1011000010 4
23 0100101110 5
34 1011100100 5
45 0011011011 6
56 1001111111 8
67 0000110100 3
70 1110000111 6

02 0100100010 3
13 0000010011 3
24 0000110101 4
35 0111000000 3
46 0101011011 6
57 0110110100 5
60 0001001100 3
71 0001100111 5 match 0

03 1111110011 8
14 0100001000 2
25 1100010001 4
36 0001000000 1
47 1010010000 3
50 0111001100 5
61 1110101100 6
72 0101011010 5

04 1011101000 5
15 1000101100 4
26 1010010001 4
37 1110001011 6
40 1011101000 5
51 1000101100 4
62 1010010001 4
73 1110001011 6

05 0111001100 5
16 1110101100 6
27 0101011010 5
30 1111110011 8
41 0100001000 2
52 1100010001 4
63 0001000000 1
74 1010010000 3

06 0001001100 3
17 0001100111 5 match 0
20 0100100010 3
31 0000010011 3
42 0000110101 4
53 0111000000 3
64 0101011011 6
75 0110110100 5

07 1110000111 6
10 0000011111 5 match 7
21 1011000010 4
32 0100101110 5
43 1011100100 5
54 0011011011 6
65 1001111111 8
76 0000110100 3

Matching output with XOR-NOT
0 71 17
1 absent
2 absent
3 absent
4 absent
5 absent
6 absent
7 01 10

Left
71 02x
17 20x
Best: XOR-NOT71: 1

Right
01 70x
10 07x
Best: XOR-NOT01: 1

Selecting

Lefts
Identity none
NOT none
Constant none
AND none
OR none
XOR none
AND-NOT none
OR-NOT none
XOR-NOT XOR-NOT71: 1

Rights
Identity none
NOT none
Constant none
AND none
OR none
XOR none
AND-NOT none
OR-NOT OR-NOT10 OR-NOT07: 2
XOR-NOT XOR-NOT01: 1

Left longest: 1
Right longest: 2

Right winner: Identity no, NOT no, Constant no, AND no, OR no, XOR no, AND-NOT no, OR-NOT yes, XOR-NOT no
Left winner: Identity no, NOT no, Constant no, AND no, OR no, XOR no, AND-NOT no, OR-NOT no, XOR-NOT yes

Best right: OR-NOT10 OR-NOT07: 2
Best left: XOR-NOT71: 1

Truncated right: OR-NOT10 OR-NOT07: 2
Truncated left: XOR-NOT71: 1

Tentative from right
7 OR-NOT10
6 OR-NOT07
5 pending
4 pending
3 pending
2 pending
1 pending
0 pending

Tentative
0 XOR-NOT71
1 pending
2 pending
3 pending
4 pending
5 pending
6 OR-NOT07
7 OR-NOT10

Preferred from right
7 OR-NOT10
6 OR-NOT07
5 ?76
4 ?65
3 ?54
2 ?43
1 ?32
0 XOR-NOT71

Preferred
0 XOR-NOT71
1 ?32
2 ?43
3 ?54
4 ?65
5 ?76
6 OR-NOT07
7 OR-NOT10

Matching
0 XOR-NOT71
1 ?32 - Identity absent, NOT2, Constant absent, AND absent, OR absent, XOR absent, AND-NOT absent, OR-NOT absent, XOR-NOT absent
2 ?43 - Identity absent, NOT3, Constant absent, AND absent, OR absent, XOR absent, AND-NOT absent, OR-NOT absent, XOR-NOT absent
3 ?54 - Identity absent, NOT4, Constant absent, AND absent, OR absent, XOR absent, AND-NOT absent, OR-NOT absent, XOR-NOT absent
4 ?65 - Identity absent, NOT5, Constant absent, AND absent, OR absent, XOR absent, AND-NOT absent, OR-NOT absent, XOR-NOT absent
5 ?76 - Identity absent, NOT6, Constant absent, AND absent, OR absent, XOR absent, AND-NOT absent, OR-NOT absent, XOR-NOT absent
6 OR-NOT07
7 OR-NOT10

Perfect match
Identity no
NOT yes
Constant no
AND no
OR no
XOR no
AND-NOT no
OR-NOT no
XOR-NOT no

Matched
0 XOR-NOT71
1 NOT2
2 NOT3
3 NOT4
4 NOT5
5 NOT6
6 OR-NOT07
7 OR-NOT10

Selected
0 XOR-NOT71
1 NOT2
2 NOT3
3 NOT4
4 NOT5
5 NOT6
6 OR-NOT07
7 OR-NOT10

Applying to 00001101
Input
0 0
1 0
2 0
3 0
4 1
5 1
6 0
7 1
Output
0 XOR-NOT71 = XOR(1,NOT(0)) = 0
1 NOT2 = NOT(0) = 1
2 NOT3 = NOT(0) = 1
3 NOT4 = NOT(1) = 0
4 NOT5 = NOT(1) = 0
5 NOT6 = NOT(0) = 1
6 OR-NOT07 = OR(0,NOT(1)) = 0
7 OR-NOT10 = OR(0,NOT(0)) = 1

I will now return the answer in \boxed{}
The answer in \boxed is
\boxed{01100101}
</think>
\boxed{01100101}