We need to deduce the transformation by matching the example outputs.

Output 1: 10111010
0 1
1 0
2 1
3 1
4 1
5 0
6 1
7 0

Output 2: 00010111
0 0
1 0
2 0
3 1
4 0
5 1
6 1
7 1

Output 3: 11100001
0 1
1 1
2 1
3 0
4 0
5 0
6 0
7 1

Output 4: 01110000
0 0
1 1
2 1
3 1
4 0
5 0
6 0
7 0

Output 5: 00111100
0 0
1 0
2 1
3 1
4 1
5 1
6 0
7 0

Output 6: 11000101
0 1
1 1
2 0
3 0
4 0
5 1
6 0
7 1

Output 7: 00110101
0 0
1 0
2 1
3 1
4 0
5 1
6 0
7 1

Output 8: 01110001
0 0
1 1
2 1
3 1
4 0
5 0
6 0
7 1

Output 9: 11001010
0 1
1 1
2 0
3 0
4 1
5 0
6 1
7 0

Output bit columns (with bitsum as hash)
0 101001001 4
1 001101011 5
2 101110110 6
3 110110110 6
4 100010001 3
5 010011100 4
6 110000001 3
7 011001110 5

Input 1: 01010111
0 0
1 1
2 0
3 1
4 0
5 1
6 1
7 1

Input 2: 11100010
0 1
1 1
2 1
3 0
4 0
5 0
6 1
7 0

Input 3: 00111100
0 0
1 0
2 1
3 1
4 1
5 1
6 0
7 0

Input 4: 00001110
0 0
1 0
2 0
3 0
4 1
5 1
6 1
7 0

Input 5: 10000111
0 1
1 0
2 0
3 0
4 0
5 1
6 1
7 1

Input 6: 10111000
0 1
1 0
2 1
3 1
4 1
5 0
6 0
7 0

Input 7: 10100110
0 1
1 0
2 1
3 0
4 0
5 1
6 1
7 0

Input 8: 00101110
0 0
1 0
2 1
3 0
4 1
5 1
6 1
7 0

Input 9: 01011001
0 0
1 1
2 0
3 1
4 1
5 0
6 0
7 1

Identity
0 010011100 4 match 5
1 110000001 3 match 6
2 011001110 5 match 7
3 101001001 4 match 0
4 001101011 5 match 1
5 101110110 6 match 2
6 110110110 6 match 3
7 100010001 3 match 4

Matching output with Identity
0 3
1 4
2 5
3 6
4 7
5 0
6 1
7 2

Left
3 4 5 6 7 0 1 2
Best: I3 I4 I5 I6 I7 I0 I1 I2: 8

Right
2 1 0 7 6 5 4 3
Best: I2 I1 I0 I7 I6 I5 I4 I3: 8

NOT
0 101100011 5
1 001111110 6
2 100110001 4
3 010110110 5
4 110010100 4
5 010001001 3
6 001001001 3
7 011101110 6

Matching output with NOT
0 absent
1 absent
2 absent
3 absent
4 absent
5 absent
6 absent
7 absent

Left
none
Best: none

Right
none
Best: none

Constant
0 000000000 a
1 111111111 a

Matching output with Constant
0 absent
1 absent
2 absent
3 absent
4 absent
5 absent
6 absent
7 absent

Left
none
Best: none

Right
none
Best: none

AND
01 10 010000000 1
12 21 010000000 1
23 32 001001000 2
34 43 001001001 3
45 54 001100010 3
56 65 100110110 5
67 76 100010000 2
70 07 000010000 1

02 20 010001100 3
13 31 100000001 2
24 42 001001010 3
35 53 101000000 2
46 64 000100010 2
57 75 100010000 2
60 06 010010100 3
71 17 100000001 2

03 30 000001000 1
14 41 000000001 1
25 52 001000110 3
36 63 100000000 1
47 74 000000001 1
50 05 000010100 2
61 16 110000000 2
72 27 000000000 a

04 40 000001000 1
15 51 100000000 1
26 62 010000110 3
37 73 100000001 2

Matching output with AND
0 absent
1 absent
2 absent
3 absent
4 absent
5 absent
6 absent
7 absent

Left
none
Best: none

Right
none
Best: none

OR
01 10 110011101 6
12 21 111001111 7
23 32 111001111 7
34 43 101101011 6
45 54 101111111 8
56 65 111110110 7
67 76 110110111 7
70 07 110011101 6

02 20 011011110 6
13 31 111001001 5
24 42 011101111 7
35 53 101111111 8
46 64 111111111 a
57 75 101110111 7
60 06 110111110 7
71 17 110010001 4

03 30 111011101 7
14 41 111101011 7
25 52 111111110 8
36 63 111111111 a
47 74 101111011 7
50 05 111111110 8
61 16 110110111 7
72 27 111011111 8

04 40 011111111 8
15 51 111110111 8
26 62 111111110 8
37 73 101011001 5

Matching output with OR
0 absent
1 absent
2 absent
3 absent
4 absent
5 absent
6 absent
7 absent

Left
none
Best: none

Right
none
Best: none

XOR
01 10 100011101 5
12 21 101001111 6
23 32 110000111 5
34 43 100100010 3
45 54 100011101 5
56 65 011000000 2
67 76 010100111 5
70 07 110001101 5

02 20 001010010 3
13 31 011001000 3
24 42 010100101 4
35 53 000111111 6
46 64 111011101 7
57 75 001100111 5
60 06 100101010 4
71 17 010010000 2

03 30 111010101 6
14 41 111101010 6
25 52 110111000 5
36 63 011111111 8
47 74 101111010 6
50 05 111101010 6
61 16 000110111 5
72 27 111011111 8

04 40 011110111 7
15 51 011110111 7
26 62 101111000 5
37 73 001011000 3

Matching output with XOR
0 absent
1 absent
2 absent
3 absent
4 absent
5 absent
6 absent
7 absent

Left
none
Best: none

Right
none
Best: none

AND-NOT
01 000011100 3
12 100000001 2
23 010000110 3
34 100000000 1
45 000001001 2
56 001000000 1
67 010100110 4
70 100000001 2

02 000010000 1
13 010000000 1
24 010000100 2
35 000001001 2
46 001001001 3
57 001100110 4
60 100100010 3
71 000010000 1

03 010010100 3
14 110000000 2
25 010001000 2
36 001001001 3
47 001101010 4
50 101100010 4
61 000110110 4
72 100010001 3 match 4

04 010010100 3
15 010000001 2
26 001001000 2
37 001001000 2
40 001100011 4
51 001110110 5
62 100110000 3
73 000010000 1

05 010001000 2
16 000000001 1
27 011001110 5 match 7
30 101000001 3
41 001101010 4
52 100110000 3
63 010110110 5
74 100010000 2

06 000001000 1
17 010000000 1
20 001000010 2
31 001001000 2
42 000100001 2
53 000110110 4
64 110010100 4
75 000000001 1

07 010001100 3
10 100000001 2
21 001001110 4
32 100000001 2
43 000100010 2
54 100010100 3
65 010000000 1
76 000000001 1

Matching output with AND-NOT
0 absent
1 absent
2 absent
3 absent
4 72
5 absent
6 absent
7 27

Left
none
Best: none

Right
27 16x
Best: AND-NOT27: 1

OR-NOT
01 011111110 7
12 110110001 5
23 011111110 7
34 111011101 7
45 011101011 6
56 101111111 8
67 111111110 8
70 101110011 6

02 110111101 7
13 110110111 7
24 111011110 7
35 111001001 5
46 001101011 5 match 1
57 111111110 8
60 111110111 8
71 101111111 8

03 010111110 6
14 110010101 5
25 011001111 6
36 101001001 4 match 0
47 011101111 7
50 101110111 7
61 111111110 8
72 100110001 4

04 110011100 5
15 110001001 4
26 011001111 6
37 111101111 8
40 101101011 6
51 101111110 7
62 110110111 7
73 110110111 7

05 010011101 5
16 111001001 5
27 011101110 6
30 101101011 6
41 001111111 7
52 101110111 7
63 110110110 6 match 3
74 110010101 5

06 011011101 6
17 111101111 8
20 111101111 8
31 101111111 8
42 101111011 7
53 111110110 7
64 110110110 6 match 3
75 110011001 5

07 011111110 7
10 111100011 6
21 011111110 7
32 101111001 6
43 011111111 8
54 111110110 7
65 110111111 8
76 101011001 5

Matching output with OR-NOT
0 36
1 46
2 absent
3 63 64
4 absent
5 absent
6 absent
7 absent

Left
36 47x
Best: OR-NOT36: 1

Right
none
Best: none

XOR-NOT
01 011100010 4
12 010110000 3
23 001111000 4
34 011011101 6
45 011100010 4
56 100111111 7
67 101011000 4
70 001110010 4

02 110101101 6
13 100110111 6
24 101011010 5
35 111000000 3
46 000100010 2
57 110011000 4
60 011010101 5
71 101101111 7

03 000101010 3
14 000010101 3
25 001000111 4
36 100000000 1
47 010000101 3
50 000010101 3
61 111001000 4
72 000100000 1

04 100001000 2
15 100001000 2
26 010000111 4
37 110100111 6
40 100001000 2
51 100001000 2
62 010000111 4
73 110100111 6

05 000010101 3
16 111001000 4
27 000100000 1
30 000101010 3
41 000010101 3
52 001000111 4
63 100000000 1
74 010000101 3

06 011010101 5
17 101101111 7
20 110101101 6
31 100110111 6
42 101011010 5
53 111000000 3
64 000100010 2
75 110011000 4

07 001110010 4
10 011100010 4
21 010110000 3
32 001111000 4
43 011011101 6
54 011100010 4
65 100111111 7
76 101011000 4

Matching output with XOR-NOT
0 absent
1 absent
2 absent
3 absent
4 absent
5 absent
6 absent
7 absent

Left
none
Best: none

Right
none
Best: none

Selecting

Lefts
Identity I3 I4 I5 I6 I7 I0 I1 I2: 8
NOT none
Constant none
AND none
OR none
XOR none
AND-NOT none
OR-NOT OR-NOT36: 1
XOR-NOT none

Rights
Identity I2 I1 I0 I7 I6 I5 I4 I3: 8
NOT none
Constant none
AND none
OR none
XOR none
AND-NOT AND-NOT27: 1
OR-NOT none
XOR-NOT none

Left longest: 8
Right longest: 8

Left winner: Identity yes, NOT no, Constant no, AND no, OR no, XOR no, AND-NOT no, OR-NOT no, XOR-NOT no
Right winner: Identity yes, NOT no, Constant no, AND no, OR no, XOR no, AND-NOT no, OR-NOT no, XOR-NOT no

Best left: I3 I4 I5 I6 I7 I0 I1 I2: 8
Best right: I2 I1 I0 I7 I6 I5 I4 I3: 8

Truncated left: I3 I4 I5 I6 I7 I0 I1 I2: 8
Truncated right: none

Tentative from right
7 pending
6 pending
5 pending
4 pending
3 pending
2 pending
1 pending
0 pending

Tentative
0 I3
1 I4
2 I5
3 I6
4 I7
5 I0
6 I1
7 I2

Preferred from left
0 I3
1 I4
2 I5
3 I6
4 I7
5 I0
6 I1
7 I2

Preferred
0 I3
1 I4
2 I5
3 I6
4 I7
5 I0
6 I1
7 I2

Matching
0 I3
1 I4
2 I5
3 I6
4 I7
5 I0
6 I1
7 I2

Perfect match
Identity no
NOT no
Constant no
AND no
OR no
XOR no
AND-NOT no
OR-NOT no
XOR-NOT no

Matched
0 I3
1 I4
2 I5
3 I6
4 I7
5 I0
6 I1
7 I2

Selected
0 I3
1 I4
2 I5
3 I6
4 I7
5 I0
6 I1
7 I2

Applying to 10111110
Input
0 1
1 0
2 1
3 1
4 1
5 1
6 1
7 0
Output
0 I3 = 1
1 I4 = 1
2 I5 = 1
3 I6 = 1
4 I7 = 0
5 I0 = 1
6 I1 = 0
7 I2 = 1

I will now return the answer in \boxed{}
The answer in \boxed is
\boxed{11110101}
</think>
\boxed{11110101}