We need to deduce the transformation by matching the example outputs.

Output 1: 01000100
0 0
1 1
2 0
3 0
4 0
5 1
6 0
7 0

Output 2: 01001000
0 0
1 1
2 0
3 0
4 1
5 0
6 0
7 0

Output 3: 01110100
0 0
1 1
2 1
3 1
4 0
5 1
6 0
7 0

Output 4: 01101101
0 0
1 1
2 1
3 0
4 1
5 1
6 0
7 1

Output 5: 11101001
0 1
1 1
2 1
3 0
4 1
5 0
6 0
7 1

Output 6: 10001110
0 1
1 0
2 0
3 0
4 1
5 1
6 1
7 0

Output 7: 00110101
0 0
1 0
2 1
3 1
4 0
5 1
6 0
7 1

Output bit columns (with bitsum as hash)
0 0000110 2
1 1111100 5
2 0011101 4
3 0010001 2
4 0101110 4
5 1011011 5
6 0000010 1
7 0001101 3

Input 1: 10110100
0 1
1 0
2 1
3 1
4 0
5 1
6 0
7 0

Input 2: 00100000
0 0
1 0
2 1
3 0
4 0
5 0
6 0
7 0

Input 3: 10101111
0 1
1 0
2 1
3 0
4 1
5 1
6 1
7 1

Input 4: 10100010
0 1
1 0
2 1
3 0
4 0
5 0
6 1
7 0

Input 5: 11101001
0 1
1 1
2 1
3 0
4 1
5 0
6 0
7 1

Input 6: 11011100
0 1
1 1
2 0
3 1
4 1
5 1
6 0
7 0

Input 7: 10001011
0 1
1 0
2 0
3 0
4 1
5 0
6 1
7 1

Identity
0 1011111 6
1 0000110 2 match 0
2 1111100 5 match 1
3 1000010 2
4 0010111 4
5 1010010 3
6 0011001 3
7 0010101 3

Matching output with Identity
0 1
1 2
2 absent
3 absent
4 absent
5 absent
6 absent
7 absent

Left
1 2 3x
Best: I1 I2: 2

Right
none
Best: none

NOT
0 0100000 1
1 1111001 5
2 0000011 2
3 0111101 5
4 1101000 3
5 0101101 4
6 1100110 4
7 1101010 4

Matching output with NOT
0 absent
1 absent
2 absent
3 absent
4 absent
5 absent
6 absent
7 absent

Left
none
Best: none

Right
none
Best: none

Constant
0 0000000 a
1 1111111 a

Matching output with Constant
0 absent
1 absent
2 absent
3 absent
4 absent
5 absent
6 absent
7 absent

Left
none
Best: none

Right
none
Best: none

AND
01 10 0000110 2 match 0
12 21 0000100 1
23 32 1000000 1
34 43 0000010 1 match 6
45 54 0010010 2
56 65 0010000 1
67 76 0010001 2 match 3
70 07 0010101 3

02 20 1011100 4
13 31 0000010 1 match 6
24 42 0010100 2
35 53 1000010 2
46 64 0010001 2 match 3
57 75 0010000 1
60 06 0011001 3
71 17 0000100 1

03 30 1000010 2
14 41 0000110 2 match 0
25 52 1010000 2
36 63 0000000 a
47 74 0010101 3
50 05 1010010 3
61 16 0000000 a
72 27 0010100 2

04 40 0010111 4
15 51 0000010 1 match 6
26 62 0011000 2
37 73 0000000 a

Matching output with AND
0 01 10 14 41
1 absent
2 absent
3 67 76 46 64
4 absent
5 absent
6 34 43 13 31 15 51
7 absent

Left
01 12x
10 21x
14 25x
41 52x
Best: AND01: 1

Right
none
Best: none

OR
01 10 1011111 6
12 21 1111110 6
23 32 1111110 6
34 43 1010111 5
45 54 1010111 5
56 65 1011011 5 match 5
67 76 0011101 4 match 2
70 07 1011111 6

02 20 1111111 a
13 31 1000110 3
24 42 1111111 a
35 53 1010010 3
46 64 0011111 5
57 75 1010111 5
60 06 1011111 6
71 17 0010111 4

03 30 1011111 6
14 41 0010111 4
25 52 1111110 6
36 63 1011011 5 match 5
47 74 0010111 4
50 05 1011111 6
61 16 0011111 5
72 27 1111101 6

04 40 1011111 6
15 51 1010110 4
26 62 1111101 6
37 73 1010111 5

Matching output with OR
0 absent
1 absent
2 67 76
3 absent
4 absent
5 56 65 36 63
6 absent
7 absent

Left
none
Best: none

Right
none
Best: none

XOR
01 10 1011001 4
12 21 1111010 5
23 32 0111110 5
34 43 1010101 4
45 54 1000101 3
56 65 1001011 4
67 76 0001100 2
70 07 1001010 3

02 20 0100011 3
13 31 1000100 2
24 42 1101011 5
35 53 0010000 1
46 64 0001110 3
57 75 1000111 4
60 06 1000110 3
71 17 0010011 3

03 30 0011101 4 match 2
14 41 0010001 2 match 3
25 52 0101110 4 match 4
36 63 1011011 5 match 5
47 74 0000010 1 match 6
50 05 0001101 3 match 7
61 16 0011111 5
72 27 1101001 4

04 40 1001000 2
15 51 1010100 3
26 62 1100101 4
37 73 1010111 5

Matching output with XOR
0 absent
1 absent
2 03 30
3 14 41
4 25 52
5 36 63
6 47 74
7 05 50

Left
none
Best: none

Right
05 74 63 52 41 30 27x
50 47 36 25 14 03 72x
Best: XOR05 XOR74 XOR63 XOR52 XOR41 XOR30: 6

AND-NOT
01 1011001 4
12 0000010 1 match 6
23 0111100 4
34 1000000 1
45 0000101 2
56 1000010 2
67 0001000 1
70 0000000 a

02 0000011 2
13 0000100 1
24 1101000 3
35 0000000 a
46 0000110 2 match 0
57 1000010 2
60 0000000 a
71 0010001 2 match 3

03 0011101 4 match 2
14 0000000 a
25 0101100 3
36 1000010 2
47 0000010 1 match 6
50 0000000 a
61 0011001 3
72 0000001 1

04 1001000 2
15 0000100 1
26 1100100 3
37 1000010 2
40 0000000 a
51 1010000 2
62 0000001 1
73 0010101 3

05 0001101 3 match 7
16 0000110 2 match 0
27 1101000 3
30 0000000 a
41 0010001 2 match 3
52 0000010 1 match 6
63 0011001 3
74 0000000 a

06 1000110 3
17 0000010 1 match 6
20 0100000 1
31 1000000 1
42 0000011 2
53 0010000 1
64 0001000 1
75 0000101 2

07 1001010 3
10 0000000 a
21 1111000 4
32 0000010 1 match 6
43 0010101 3
54 1000000 1
65 0001001 2
76 0000100 1

Matching output with AND-NOT
0 46 16
1 absent
2 03
3 71 41
4 absent
5 absent
6 12 47 52 17 32
7 05

Left
46 57x
16 27x
Best: AND-NOT46: 1

Right
05 74x
Best: AND-NOT05: 1

OR-NOT
01 1111111 a
12 0000111 3
23 1111101 6
34 1101010 4
45 0111111 6
56 1110110 5
67 1111011 6
70 0110101 4

02 1011111 6
13 0111111 6
24 1111100 5 match 1
35 1101111 6
46 1110111 6
57 1111010 5
60 0111001 4
71 1111101 6

03 1111111 a
14 1101110 5
25 1111101 6
36 1100110 4
47 1111111 a
50 1110010 4
61 1111001 5
72 0010111 4

04 1111111 a
15 0101111 5
26 1111110 6
37 1101010 4
40 0110111 5
51 1111011 6
62 0011011 4
73 0111101 5

05 1111111 a
16 1100110 4
27 1111110 6
30 1100010 3
41 1111111 a
52 1010011 4
63 0111101 5
74 1111101 6

06 1111111 a
17 1101110 5
20 1111100 5 match 1
31 1111011 6
42 0010111 4
53 1111111 a
64 1111001 5
75 0111101 5

07 1111111 a
10 0100110 3
21 1111101 6
32 1000011 3
43 0111111 6
54 1111010 5
65 0111101 5
76 1110111 6

Matching output with OR-NOT
0 absent
1 24 20
2 absent
3 absent
4 absent
5 absent
6 absent
7 absent

Left
none
Best: none

Right
none
Best: none

XOR-NOT
01 0100110 3
12 0000101 2
23 1000001 2
34 0101010 3
45 0111010 4
56 0110100 3
67 1110011 5
70 0110101 4

02 1011100 4
13 0111011 5
24 0010100 2
35 1101111 6
46 1110001 4
57 0111000 3
60 0111001 4
71 1101100 4

03 1100010 3
14 1101110 5
25 1010001 3
36 0100100 2
47 1111101 6
50 1110010 4
61 1100000 2
72 0010110 3

04 0110111 5
15 0101011 4
26 0011010 3
37 0101000 2
40 0110111 5
51 0101011 4
62 0011010 3
73 0101000 2

05 1110010 4
16 1100000 2
27 0010110 3
30 1100010 3
41 1101110 5
52 1010001 3
63 0100100 2
74 1111101 6

06 0111001 4
17 1101100 4
20 1011100 4
31 0111011 5
42 0010100 2
53 1101111 6
64 1110001 4
75 0111000 3

07 0110101 4
10 0100110 3
21 0000101 2
32 1000001 2
43 0101010 3
54 0111010 4
65 0110100 3
76 1110011 5

Matching output with XOR-NOT
0 absent
1 absent
2 absent
3 absent
4 absent
5 absent
6 absent
7 absent

Left
none
Best: none

Right
none
Best: none

Selecting

Lefts
Identity I1 I2: 2
NOT none
Constant none
AND AND01: 1
OR none
XOR none
AND-NOT AND-NOT46: 1
OR-NOT none
XOR-NOT none

Rights
Identity none
NOT none
Constant none
AND none
OR none
XOR XOR05 XOR74 XOR63 XOR52 XOR41 XOR30: 6
AND-NOT AND-NOT05: 1
OR-NOT none
XOR-NOT none

Left longest: 2
Right longest: 6

Right winner: Identity no, NOT no, Constant no, AND no, OR no, XOR yes, AND-NOT no, OR-NOT no, XOR-NOT no
Left winner: Identity yes, NOT no, Constant no, AND no, OR no, XOR no, AND-NOT no, OR-NOT no, XOR-NOT no

Best right: XOR05 XOR74 XOR63 XOR52 XOR41 XOR30: 6
Best left: I1 I2: 2

Truncated right: XOR05 XOR74 XOR63 XOR52 XOR41 XOR30: 6
Truncated left: I1 I2: 2

Tentative from right
7 XOR05
6 XOR74
5 XOR63
4 XOR52
3 XOR41
2 XOR30
1 pending
0 pending

Tentative
0 I1
1 I2
2 XOR30
3 XOR41
4 XOR52
5 XOR63
6 XOR74
7 XOR05

Preferred from right
7 XOR05
6 XOR74
5 XOR63
4 XOR52
3 XOR41
2 XOR30
1 I2
0 I1

Preferred
0 I1
1 I2
2 XOR30
3 XOR41
4 XOR52
5 XOR63
6 XOR74
7 XOR05

Matching
0 I1
1 I2
2 XOR30
3 XOR41
4 XOR52
5 XOR63
6 XOR74
7 XOR05

Perfect match
Identity no
NOT no
Constant no
AND no
OR no
XOR no
AND-NOT no
OR-NOT no
XOR-NOT no

Matched
0 I1
1 I2
2 XOR30
3 XOR41
4 XOR52
5 XOR63
6 XOR74
7 XOR05

Selected
0 I1
1 I2
2 XOR30
3 XOR41
4 XOR52
5 XOR63
6 XOR74
7 XOR05

Applying to 11101101
Input
0 1
1 1
2 1
3 0
4 1
5 1
6 0
7 1
Output
0 I1 = 1
1 I2 = 1
2 XOR30 = XOR(0,1) = 1
3 XOR41 = XOR(1,1) = 0
4 XOR52 = XOR(1,1) = 0
5 XOR63 = XOR(0,0) = 0
6 XOR74 = XOR(1,1) = 0
7 XOR05 = XOR(1,1) = 0

I will now return the answer in \boxed{}
The answer in \boxed is
\boxed{11100000}
</think>
\boxed{11100000}