We need to deduce the transformation by matching the example outputs.

Output 1: 00010010
0 0
1 0
2 0
3 1
4 0
5 0
6 1
7 0

Output 2: 11101000
0 1
1 1
2 1
3 0
4 1
5 0
6 0
7 0

Output 3: 10110010
0 1
1 0
2 1
3 1
4 0
5 0
6 1
7 0

Output 4: 01111011
0 0
1 1
2 1
3 1
4 1
5 0
6 1
7 1

Output 5: 01000010
0 0
1 1
2 0
3 0
4 0
5 0
6 1
7 0

Output 6: 11101110
0 1
1 1
2 1
3 0
4 1
5 1
6 1
7 0

Output 7: 10101010
0 1
1 0
2 1
3 0
4 1
5 0
6 1
7 0

Output 8: 11011010
0 1
1 1
2 0
3 1
4 1
5 0
6 1
7 0

Output 9: 10100001
0 1
1 0
2 1
3 0
4 0
5 0
6 0
7 1

Output bit columns (with bitsum as hash)
0 011001111 6
1 010111010 5
2 011101101 6
3 101100010 4
4 010101110 5
5 000001000 1
6 101111110 7
7 000100001 2

Input 1: 01000000
0 0
1 1
2 0
3 0
4 0
5 0
6 0
7 0

Input 2: 10110111
0 1
1 0
2 1
3 1
4 0
5 1
6 1
7 1

Input 3: 11010010
0 1
1 1
2 0
3 1
4 0
5 0
6 1
7 0

Input 4: 11110001
0 1
1 1
2 1
3 1
4 0
5 0
6 0
7 1

Input 5: 00001001
0 0
1 0
2 0
3 0
4 1
5 0
6 0
7 1

Input 6: 10101111
0 1
1 0
2 1
3 0
4 1
5 1
6 1
7 1

Input 7: 10111110
0 1
1 0
2 1
3 1
4 1
5 1
6 1
7 0

Input 8: 01100111
0 0
1 1
2 1
3 0
4 0
5 1
6 1
7 1

Input 9: 10010110
0 1
1 0
2 0
3 1
4 0
5 1
6 1
7 0

Identity
0 011101101 6 match 2
1 101100010 4 match 3
2 010101110 5 match 4
3 011100101 5
4 000011100 3
5 010001111 5
6 011001111 6 match 0
7 010111010 5 match 1

Matching output with Identity
0 6
1 7
2 0
3 1
4 2
5 absent
6 absent
7 absent

Left
6 7 0 1 2 3x
Best: I6 I7 I0 I1 I2: 5

Right
none
Best: none

NOT
0 100010010 3
1 010011101 5
2 101010001 4
3 100011010 4
4 111100011 6
5 101110000 4
6 100110000 3
7 101000101 4

Matching output with NOT
0 absent
1 absent
2 absent
3 absent
4 absent
5 absent
6 absent
7 absent

Left
none
Best: none

Right
none
Best: none

Constant
0 000000000 a
1 111111111 a

Matching output with Constant
0 absent
1 absent
2 absent
3 absent
4 absent
5 absent
6 absent
7 absent

Left
none
Best: none

Right
none
Best: none

AND
01 10 001100000 2
12 21 000100010 2
23 32 010100100 3
34 43 000000100 1
45 54 000001100 2
56 65 010001111 5
67 76 010001010 3
70 07 010101000 3

02 20 010101100 4
13 31 001100000 2
24 42 000001100 2
35 53 010000101 3
46 64 000001100 2
57 75 010001010 3
60 06 011001101 5
71 17 000100010 2

03 30 011100101 5
14 41 000000000 a
25 52 010001110 4
36 63 011000101 4
47 74 000011000 2
50 05 010001101 4
61 16 001000010 2
72 27 010101010 4

04 40 000001100 2
15 51 000000010 1
26 62 010001110 4
37 73 010100000 2

Matching output with AND
0 absent
1 absent
2 absent
3 absent
4 absent
5 absent
6 absent
7 absent

Left
none
Best: none

Right
none
Best: none

OR
01 10 111101111 8
12 21 111101110 7
23 32 011101111 7
34 43 011111101 7
45 54 010011111 6
56 65 011001111 6 match 0
67 76 011111111 8
70 07 011111111 8

02 20 011101111 7
13 31 111100111 7
24 42 010111110 6
35 53 011101111 7
46 64 011011111 7
57 75 010111111 7
60 06 011101111 7
71 17 111111010 7

03 30 011101101 6 match 2
14 41 101111110 7 match 6
25 52 010101111 6
36 63 011101111 7
47 74 010111110 6
50 05 011101111 7
61 16 111101111 8
72 27 010111110 6

04 40 011111101 7
15 51 111101111 8
26 62 011101111 7
37 73 011111111 8

Matching output with OR
0 56 65
1 absent
2 03 30
3 absent
4 absent
5 absent
6 14 41
7 absent

Left
56 67x
65 76x
Best: OR56: 1

Right
none
Best: none

XOR
01 10 110001111 6
12 21 111001100 5
23 32 001001011 4
34 43 011111001 6
45 54 010010011 4
56 65 001000000 1
67 76 001110101 5
70 07 001010111 5

02 20 001000011 3
13 31 110000111 5
24 42 010110010 4
35 53 001101010 4
46 64 011010011 5
57 75 000110101 4
60 06 000100010 2
71 17 111011000 5

03 30 000001000 1 match 5
14 41 101111110 7 match 6
25 52 000100001 2 match 7
36 63 000101010 3
47 74 010100110 4
50 05 001100010 3
61 16 110101101 6
72 27 000010100 2

04 40 011110001 5
15 51 111101101 7
26 62 001100001 3
37 73 001011111 6

Matching output with XOR
0 absent
1 absent
2 absent
3 absent
4 absent
5 03 30
6 14 41
7 25 52

Left
none
Best: none

Right
25 14 03 72x
52 41 30 27x
Best: XOR25 XOR14 XOR03: 3

AND-NOT
01 010001101 4
12 101000000 2
23 000001010 2
34 011100001 4
45 000010000 1
56 000000000 a
67 001000101 3
70 000010010 2

02 001000001 2
13 100000010 2
24 010100010 3
35 001100000 2
46 000010000 1
57 000000101 2
60 000000010 1
71 010011000 3

03 000001000 1 match 5
14 101100010 4 match 3
25 000100000 1
36 000100000 1
47 000000100 1
50 000000010 1
61 010001101 4
72 000010000 1

04 011100001 4
15 101100000 3
26 000100000 1
37 001000101 3
40 000010000 1
51 010001101 4
62 001000001 2
73 000011010 3

05 001100000 2
16 100100000 2
27 000000100 1
30 000000000 a
41 000011100 3
52 000000001 1
63 000001010 2
74 010100010 3

06 000100000 1
17 101000000 2
20 000000010 1
31 010000101 3
42 000010000 1
53 000001010 2
64 011000011 4
75 000110000 2

07 001000101 3
10 100000010 2
21 010001100 3
32 001000001 2
43 000011000 2
54 010000011 3
65 001000000 1
76 000110000 2

Matching output with AND-NOT
0 absent
1 absent
2 absent
3 14
4 absent
5 03
6 absent
7 absent

Left
none
Best: none

Right
none
Best: none

OR-NOT
01 011111101 7
12 101110011 6
23 110111110 7
34 111100111 7
45 101111100 6
56 110111111 8
67 111001111 7
70 110111010 6

02 111111101 8
13 101111010 6
24 111101111 8
35 111110101 7
46 100111100 5
57 111001111 7
60 111011111 8
71 010111111 7

03 111111111 a
14 111100011 6
25 111111110 8
36 111110101 7
47 101011101 6
50 110011111 7
61 011011111 7
72 111111011 8

04 111101111 8
15 101110010 5
26 110111110 7
37 111100101 6
40 100011110 5
51 010011111 6
62 111011111 8
73 110111010 6

05 111111101 8
16 101110010 5
27 111101111 8
30 111110111 8
41 010011101 5
52 111011111 8
63 111011111 8
74 111111011 8

06 111111101 8
17 101100111 6
20 110111110 7
31 011111101 7
42 101011101 6
53 110011111 7
64 111101111 8
75 111111010 7

07 111101101 7
10 101110010 5
21 010111111 7
32 111110101 7
43 100011110 5
54 111101111 8
65 111111111 a
76 110111010 6

Matching output with OR-NOT
0 absent
1 absent
2 absent
3 absent
4 absent
5 absent
6 absent
7 absent

Left
none
Best: none

Right
none
Best: none

XOR-NOT
01 001110000 3
12 000110011 4
23 110110100 5
34 100000110 3
45 101101100 5
56 110111111 8
67 110001010 4
70 110101000 4

02 110111100 6
13 001111000 4
24 101001101 5
35 110010101 5
46 100101100 4
57 111001010 5
60 111011101 7
71 000100111 4

03 111110111 8
14 010000001 2
25 111011110 7
36 111010101 6
47 101011001 5
50 110011101 6
61 001010010 3
72 111101011 7

04 100001110 4
15 000010010 2
26 110011110 6
37 110100000 3
40 100001110 4
51 000010010 2
62 110011110 6
73 110100000 3

05 110011101 6
16 001010010 3
27 111101011 7
30 111110111 8
41 010000001 2
52 111011110 7
63 111010101 6
74 101011001 5

06 111011101 7
17 000100111 4
20 110111100 6
31 001111000 4
42 101001101 5
53 110010101 5
64 100101100 4
75 111001010 5

07 110101000 4
10 001110000 3
21 000110011 4
32 110110100 5
43 100000110 3
54 101101100 5
65 110111111 8
76 110001010 4

Matching output with XOR-NOT
0 absent
1 absent
2 absent
3 absent
4 absent
5 absent
6 absent
7 absent

Left
none
Best: none

Right
none
Best: none

Selecting

Lefts
Identity I6 I7 I0 I1 I2: 5
NOT none
Constant none
AND none
OR OR56: 1
XOR none
AND-NOT none
OR-NOT none
XOR-NOT none

Rights
Identity none
NOT none
Constant none
AND none
OR none
XOR XOR25 XOR14 XOR03: 3
AND-NOT none
OR-NOT none
XOR-NOT none

Left longest: 5
Right longest: 3

Left winner: Identity yes, NOT no, Constant no, AND no, OR no, XOR no, AND-NOT no, OR-NOT no, XOR-NOT no
Right winner: Identity no, NOT no, Constant no, AND no, OR no, XOR yes, AND-NOT no, OR-NOT no, XOR-NOT no

Best left: I6 I7 I0 I1 I2: 5
Best right: XOR25 XOR14 XOR03: 3

Truncated left: I6 I7 I0 I1 I2: 5
Truncated right: XOR25 XOR14 XOR03: 3

Tentative from right
7 XOR25
6 XOR14
5 XOR03
4 pending
3 pending
2 pending
1 pending
0 pending

Tentative
0 I6
1 I7
2 I0
3 I1
4 I2
5 XOR03
6 XOR14
7 XOR25

Preferred from left
0 I6
1 I7
2 I0
3 I1
4 I2
5 XOR03
6 XOR14
7 XOR25

Preferred
0 I6
1 I7
2 I0
3 I1
4 I2
5 XOR03
6 XOR14
7 XOR25

Matching
0 I6
1 I7
2 I0
3 I1
4 I2
5 XOR03
6 XOR14
7 XOR25

Perfect match
Identity no
NOT no
Constant no
AND no
OR no
XOR no
AND-NOT no
OR-NOT no
XOR-NOT no

Matched
0 I6
1 I7
2 I0
3 I1
4 I2
5 XOR03
6 XOR14
7 XOR25

Selected
0 I6
1 I7
2 I0
3 I1
4 I2
5 XOR03
6 XOR14
7 XOR25

Applying to 01100011
Input
0 0
1 1
2 1
3 0
4 0
5 0
6 1
7 1
Output
0 I6 = 1
1 I7 = 1
2 I0 = 0
3 I1 = 1
4 I2 = 1
5 XOR03 = XOR(0,0) = 0
6 XOR14 = XOR(1,0) = 1
7 XOR25 = XOR(1,0) = 1

I will now return the answer in \boxed{}
The answer in \boxed is
\boxed{11011011}
</think>
\boxed{11011011}