We need to deduce the transformation by matching the example outputs.

Output 1: 11110111
0 1
1 1
2 1
3 1
4 0
5 1
6 1
7 1

Output 2: 11100111
0 1
1 1
2 1
3 0
4 0
5 1
6 1
7 1

Output 3: 11111110
0 1
1 1
2 1
3 1
4 1
5 1
6 1
7 0

Output 4: 11111111
0 1
1 1
2 1
3 1
4 1
5 1
6 1
7 1

Output 5: 11111111
0 1
1 1
2 1
3 1
4 1
5 1
6 1
7 1

Output 6: 11111010
0 1
1 1
2 1
3 1
4 1
5 0
6 1
7 0

Output 7: 11111101
0 1
1 1
2 1
3 1
4 1
5 1
6 0
7 1

Output 8: 11110111
0 1
1 1
2 1
3 1
4 0
5 1
6 1
7 1

Output 9: 11111011
0 1
1 1
2 1
3 1
4 1
5 0
6 1
7 1

Output bit columns (with bitsum as hash)
0 111111111 a
1 111111111 a
2 111111111 a
3 101111111 8
4 001111101 6
5 111110110 7
6 111111011 8
7 110110111 7

Input 1: 10000010
0 1
1 0
2 0
3 0
4 0
5 0
6 1
7 0

Input 2: 10011111
0 1
1 0
2 0
3 1
4 1
5 1
6 1
7 1

Input 3: 00010101
0 0
1 0
2 0
3 1
4 0
5 1
6 0
7 1

Input 4: 00000101
0 0
1 0
2 0
3 0
4 0
5 1
6 0
7 1

Input 5: 11111110
0 1
1 1
2 1
3 1
4 1
5 1
6 1
7 0

Input 6: 01010111
0 0
1 1
2 0
3 1
4 0
5 1
6 1
7 1

Input 7: 01100101
0 0
1 1
2 1
3 0
4 0
5 1
6 0
7 1

Input 8: 10111100
0 1
1 0
2 1
3 1
4 1
5 1
6 0
7 0

Input 9: 11000100
0 1
1 1
2 0
3 0
4 0
5 1
6 0
7 0

Identity
0 110010011 5
1 000011101 4
2 000010110 3
3 011011010 5
4 010010010 3
5 011111111 8
6 110011000 4
7 011101100 5

Matching output with Identity
0 absent
1 absent
2 absent
3 absent
4 absent
5 absent
6 absent
7 absent

Left
none
Best: none

Right
none
Best: none

NOT
0 001101100 4
1 111100010 5
2 111101001 6
3 100100101 4
4 101101101 6
5 100000000 1
6 001100111 5
7 100010011 4

Matching output with NOT
0 absent
1 absent
2 absent
3 absent
4 absent
5 absent
6 absent
7 absent

Left
none
Best: none

Right
none
Best: none

Constant
0 000000000 a
1 111111111 a match 0 1 2

Matching output with Constant
0 C1
1 C1
2 C1
3 absent
4 absent
5 absent
6 absent
7 absent

Left
1 1 1
Best: C1 C1 C1: 3

Right
none
Best: none

AND
01 10 000010001 2
12 21 000010100 2
23 32 000010010 2
34 43 010010010 3
45 54 010010010 3
56 65 010011000 3
67 76 010001000 2
70 07 010000000 1

02 20 000010010 2
13 31 000011000 2
24 42 000010010 2
35 53 011011010 5
46 64 010010000 2
57 75 011101100 5
60 06 110010000 3
71 17 000001100 2

03 30 010010010 3
14 41 000010000 1
25 52 000010110 3
36 63 010011000 3
47 74 010000000 1
50 05 010010011 4
61 16 000011000 2
72 27 000000100 1

04 40 010010010 3
15 51 000011101 4
26 62 000010000 1
37 73 011001000 3

Matching output with AND
0 absent
1 absent
2 absent
3 absent
4 absent
5 absent
6 absent
7 absent

Left
none
Best: none

Right
none
Best: none

OR
01 10 110011111 7
12 21 000011111 5
23 32 011011110 6
34 43 011011010 5
45 54 011111111 8
56 65 111111111 a match 0 1 2
67 76 111111100 7
70 07 111111111 a match 0 1 2

02 20 110010111 6
13 31 011011111 7
24 42 010010110 4
35 53 011111111 8
46 64 110011010 5
57 75 011111111 8
60 06 110011011 6
71 17 011111101 7

03 30 111011011 7
14 41 010011111 6
25 52 011111111 8
36 63 111011010 6
47 74 011111110 7
50 05 111111111 a match 0 1 2
61 16 110011101 6
72 27 011111110 7

04 40 110010011 5
15 51 011111111 8
26 62 110011110 6
37 73 011111110 7

Matching output with OR
0 56 65 07 70 05 50
1 56 65 07 70 05 50
2 56 65 07 70 05 50
3 absent
4 absent
5 absent
6 absent
7 absent

Left
56 67x
65 76x
07 10x
70 01x
05 16x
50 61x
Best: OR56: 1

Right
none
Best: none

XOR
01 10 110001110 5
12 21 000001011 3
23 32 011001100 4
34 43 001001000 2
45 54 001101101 5
56 65 101100111 6
67 76 101110100 5
70 07 101111111 8 match 3

02 20 110000101 4
13 31 011000111 5
24 42 010000100 2
35 53 000100101 3
46 64 100001010 3
57 75 000010011 3
60 06 000001011 3
71 17 011110001 5

03 30 101001001 4
14 41 010001111 5
25 52 011101001 5
36 63 101000010 3
47 74 001111110 6
50 05 101101100 5
61 16 110000101 4
72 27 011111010 6

04 40 100000001 2
15 51 011100010 4
26 62 110001110 5
37 73 000110110 4

Matching output with XOR
0 absent
1 absent
2 absent
3 07 70
4 absent
5 absent
6 absent
7 absent

Left
none
Best: none

Right
none
Best: none

AND-NOT
01 110000010 3
12 000001001 2
23 000000100 1
34 001001000 2
45 000000000 a
56 001100111 5
67 100010000 2
70 001101100 4

02 110000001 3
13 000000101 2
24 000000100 1
35 000000000 a
46 000000010 1
57 000010011 3
60 000001000 1
71 011100000 3

03 100000001 2
14 000001101 3
25 000000000 a
36 001000010 2
47 000010010 2
50 001101100 4
61 110000000 2
72 011101000 4

04 100000001 2
15 000000000 a
26 000000110 2
37 000010010 2
40 000000000 a
51 011100010 4
62 110001000 3
73 000100100 2

05 100000000 1
16 000000101 2
27 000010010 2
30 001001000 2
41 010000010 2
52 011101001 5
63 100000000 1
74 001101100 4

06 000000011 2
17 000010001 2
20 000000100 1
31 011000010 3
42 010000000 1
53 000100101 3
64 100001000 2
75 000000000 a

07 100010011 4
10 000001100 2
21 000000010 1
32 011001000 3
43 000000000 a
54 001101101 5
65 100000000 1
76 001100100 3

Matching output with AND-NOT
0 absent
1 absent
2 absent
3 absent
4 absent
5 absent
6 absent
7 absent

Left
none
Best: none

Right
none
Best: none

OR-NOT
01 111110011 7
12 111111101 8
23 100110111 6
34 111111111 a match 0 1 2
45 110010010 4
56 011111111 8
67 110011011 6
70 011101100 5

02 111111011 8 match 6
13 100111101 6
24 101111111 8 match 3
35 111011010 6
46 011110111 7
57 111111111 a match 0 1 2
60 111111100 7
71 111101110 7

03 110110111 7 match 7
14 101111101 7
25 100010110 4
36 011111111 8
47 110010011 5
50 011111111 8
61 111111010 7
72 111101101 7

04 111111111 a match 0 1 2
15 100011101 5
26 001110111 6
37 111011011 7
40 011111110 7
51 111111111 a match 0 1 2
62 111111001 7
73 111101101 7

05 110010011 5
16 001111111 7
27 100010111 5
30 011111110 7
41 111110010 6
52 111111111 a match 0 1 2
63 110111101 7
74 111101101 7

06 111110111 8
17 100011111 6
20 001111110 6
31 111111010 7
42 111111011 8 match 6
53 111111111 a match 0 1 2
64 111111101 8
75 111101100 6

07 110010011 5
10 001111101 6 match 4
21 111110110 7 match 5
32 111111011 8 match 6
43 110110111 7 match 7
54 111111111 a match 0 1 2
65 110011000 4
76 011101111 7

Matching output with OR-NOT
0 34 57 04 51 52 53 54
1 34 57 04 51 52 53 54
2 34 57 04 51 52 53 54
3 24
4 10
5 21
6 02 42 32
7 03 43

Left
34 45x
57 60x
04 15x
51 62x
52 63x
53 64x
54 65x
Best: OR-NOT34: 1

Right
03 72x
43 32 21 10 07x
Best: OR-NOT43 OR-NOT32 OR-NOT21 OR-NOT10: 4

XOR-NOT
01 001110001 4
12 111110100 6
23 100110011 5
34 110110111 7 match 7
45 110010010 4
56 010011000 3
67 010001011 4
70 010000000 1

02 001111010 5
13 100111000 4
24 101111011 7
35 111011010 6
46 011110101 6
57 111101100 6
60 111110100 6
71 100001110 4

03 010110110 5
14 101110000 4
25 100010110 4
36 010111101 6
47 110000001 3
50 010010011 4
61 001111010 5
72 100000101 3

04 011111110 7
15 100011101 5
26 001110001 4
37 111001001 5
40 011111110 7
51 100011101 5
62 001110001 4
73 111001001 5

05 010010011 4
16 001111010 5
27 100000101 3
30 010110110 5
41 101110000 4
52 100010110 4
63 010111101 6
74 110000001 3

06 111110100 6
17 100001110 4
20 001111010 5
31 100111000 4
42 101111011 7
53 111011010 6
64 011110101 6
75 111101100 6

07 010000000 1
10 001110001 4
21 111110100 6
32 100110011 5
43 110110111 7 match 7
54 110010010 4
65 010011000 3
76 010001011 4

Matching output with XOR-NOT
0 absent
1 absent
2 absent
3 absent
4 absent
5 absent
6 absent
7 34 43

Left
none
Best: none

Right
34 23x
43 32x
Best: XOR-NOT34: 1

Selecting

Lefts
Identity none
NOT none
Constant C1 C1 C1: 3
AND none
OR OR56: 1
XOR none
AND-NOT none
OR-NOT OR-NOT34: 1
XOR-NOT none

Rights
Identity none
NOT none
Constant none
AND none
OR none
XOR none
AND-NOT none
OR-NOT OR-NOT43 OR-NOT32 OR-NOT21 OR-NOT10: 4
XOR-NOT XOR-NOT34: 1

Left longest: 3
Right longest: 4

Right winner: Identity no, NOT no, Constant no, AND no, OR no, XOR no, AND-NOT no, OR-NOT yes, XOR-NOT no
Left winner: Identity no, NOT no, Constant yes, AND no, OR no, XOR no, AND-NOT no, OR-NOT no, XOR-NOT no

Best right: OR-NOT43 OR-NOT32 OR-NOT21 OR-NOT10: 4
Best left: C1 C1 C1: 3

Truncated right: OR-NOT43 OR-NOT32 OR-NOT21 OR-NOT10: 4
Truncated left: C1 C1 C1: 3

Tentative from right
7 OR-NOT43
6 OR-NOT32
5 OR-NOT21
4 OR-NOT10
3 pending
2 pending
1 pending
0 pending

Tentative
0 C1
1 C1
2 C1
3 pending
4 OR-NOT10
5 OR-NOT21
6 OR-NOT32
7 OR-NOT43

Preferred from right
7 OR-NOT43
6 OR-NOT32
5 OR-NOT21
4 OR-NOT10
3 ?07
2 C1
1 C1
0 C1

Preferred
0 C1
1 C1
2 C1
3 ?07
4 OR-NOT10
5 OR-NOT21
6 OR-NOT32
7 OR-NOT43

Matching
0 C1
1 C1
2 C1
3 ?07 - Identity absent, NOT absent, Constant absent, AND absent, OR absent, XOR07, AND-NOT absent, OR-NOT absent, XOR-NOT absent
4 OR-NOT10
5 OR-NOT21
6 OR-NOT32
7 OR-NOT43

Perfect match
Identity no
NOT no
Constant no
AND no
OR no
XOR yes
AND-NOT no
OR-NOT no
XOR-NOT no

Matched
0 C1
1 C1
2 C1
3 XOR07
4 OR-NOT10
5 OR-NOT21
6 OR-NOT32
7 OR-NOT43

Selected
0 C1
1 C1
2 C1
3 XOR07
4 OR-NOT10
5 OR-NOT21
6 OR-NOT32
7 OR-NOT43

Applying to 11011001
Input
0 1
1 1
2 0
3 1
4 1
5 0
6 0
7 1
Output
0 C1 = 1
1 C1 = 1
2 C1 = 1
3 XOR07 = XOR(1,1) = 0
4 OR-NOT10 = OR(1,NOT(1)) = 1
5 OR-NOT21 = OR(0,NOT(1)) = 0
6 OR-NOT32 = OR(1,NOT(0)) = 1
7 OR-NOT43 = OR(1,NOT(1)) = 1

I will now return the answer in \boxed{}
The answer in \boxed is
\boxed{11101011}
</think>
\boxed{11101011}