We need to deduce the transformation by matching the example outputs.

Output 1: 01000001
0 0
1 1
2 0
3 0
4 0
5 0
6 0
7 1

Output 2: 10000001
0 1
1 0
2 0
3 0
4 0
5 0
6 0
7 1

Output 3: 01000001
0 0
1 1
2 0
3 0
4 0
5 0
6 0
7 1

Output 4: 11000000
0 1
1 1
2 0
3 0
4 0
5 0
6 0
7 0

Output 5: 00000000
0 0
1 0
2 0
3 0
4 0
5 0
6 0
7 0

Output 6: 10000000
0 1
1 0
2 0
3 0
4 0
5 0
6 0
7 0

Output 7: 10000001
0 1
1 0
2 0
3 0
4 0
5 0
6 0
7 1

Output 8: 11000000
0 1
1 1
2 0
3 0
4 0
5 0
6 0
7 0

Output bit columns (with bitsum as hash)
0 01010111 5
1 10110001 4
2 00000000 a
3 00000000 a
4 00000000 a
5 00000000 a
6 00000000 a
7 11100010 4

Input 1: 11010101
0 1
1 1
2 0
3 1
4 0
5 1
6 0
7 1

Input 2: 11000010
0 1
1 1
2 0
3 0
4 0
5 0
6 1
7 0

Input 3: 11010001
0 1
1 1
2 0
3 1
4 0
5 0
6 0
7 1

Input 4: 00101011
0 0
1 0
2 1
3 0
4 1
5 0
6 1
7 1

Input 5: 00010000
0 0
1 0
2 0
3 1
4 0
5 0
6 0
7 0

Input 6: 00011010
0 0
1 0
2 0
3 1
4 1
5 0
6 1
7 0

Input 7: 11101010
0 1
1 1
2 1
3 0
4 1
5 0
6 1
7 0

Input 8: 01001111
0 0
1 1
2 0
3 0
4 1
5 1
6 1
7 1

Identity
0 11100010 4 match 7
1 11100011 5
2 00010010 2
3 10101100 4
4 00010111 4
5 10000001 2
6 01010111 5 match 0
7 10110001 4 match 1

Matching output with Identity
0 6
1 7
2 absent
3 absent
4 absent
5 absent
6 absent
7 0

Left
6 7 0x
Best: I6 I7: 2

Right
0 7x
Best: I0: 1

NOT
0 00011101 4
1 00011100 3
2 11101101 6
3 01010011 4
4 11101000 4
5 01111110 6
6 10101000 3
7 01001110 4

Matching output with NOT
0 absent
1 absent
2 absent
3 absent
4 absent
5 absent
6 absent
7 absent

Left
none
Best: none

Right
none
Best: none

Constant
0 00000000 a match 2 3 4 5 6
1 11111111 a

Matching output with Constant
0 absent
1 absent
2 C0
3 C0
4 C0
5 C0
6 C0
7 absent

Left
none
Best: none

Right
none
Best: none

AND
01 10 11100010 4 match 7
12 21 00000010 1
23 32 00000000 a match 2 3 4 5 6
34 43 00000100 1
45 54 00000001 1
56 65 00000001 1
67 76 00010001 2
70 07 10100000 2

02 20 00000010 1
13 31 10100000 2
24 42 00010010 2
35 53 10000000 1
46 64 00010111 4
57 75 10000001 2
60 06 01000010 2
71 17 10100001 3

03 30 10100000 2
14 41 00000011 2
25 52 00000000 a match 2 3 4 5 6
36 63 00000100 1
47 74 00010001 2
50 05 10000000 1
61 16 01000011 3
72 27 00010000 1

04 40 00000010 1
15 51 10000001 2
26 62 00010010 2
37 73 10100000 2

Matching output with AND
0 absent
1 absent
2 23 32 25 52
3 23 32 25 52
4 23 32 25 52
5 23 32 25 52
6 23 32 25 52
7 01 10

Left
none
Best: none

Right
01 70x
10 07x
Best: AND01: 1

OR
01 10 11100011 5
12 21 11110011 6
23 32 10111110 6
34 43 10111111 7
45 54 10010111 5
56 65 11010111 6
67 76 11110111 7
70 07 11110011 6

02 20 11110010 5
13 31 11101111 7
24 42 00010111 4
35 53 10101101 5
46 64 01010111 5 match 0
57 75 10110001 4 match 1
60 06 11110111 7
71 17 11110011 6

03 30 11101110 6
14 41 11110111 7
25 52 10010011 4
36 63 11111111 a
47 74 10110111 6
50 05 11100011 5
61 16 11110111 7
72 27 10110011 5

04 40 11110111 7
15 51 11100011 5
26 62 01010111 5 match 0
37 73 10111101 6

Matching output with OR
0 46 64 26 62
1 57 75
2 absent
3 absent
4 absent
5 absent
6 absent
7 absent

Left
46 57 60x
64 75 06x
26 37x
62 73x
Best: OR46 OR57: 2

Right
none
Best: none

XOR
01 10 00000001 1
12 21 11110001 5
23 32 10111110 6
34 43 10111011 6
45 54 10010110 4
56 65 11010110 5
67 76 11100110 5
70 07 01010011 4

02 20 11110000 4
13 31 01001111 5
24 42 00000101 2
35 53 00101101 4
46 64 01000000 1
57 75 00110000 2
60 06 10110101 5
71 17 01010010 3

03 30 01001110 4
14 41 11110100 5
25 52 10010011 4
36 63 11111011 7
47 74 10100110 4
50 05 01100011 4
61 16 10110100 4
72 27 10100011 4

04 40 11110101 6
15 51 01100010 3
26 62 01000101 3
37 73 00011101 4

Matching output with XOR
0 absent
1 absent
2 absent
3 absent
4 absent
5 absent
6 absent
7 absent

Left
none
Best: none

Right
none
Best: none

AND-NOT
01 00000000 a match 2 3 4 5 6
12 11100001 4
23 00010010 2
34 10101000 3
45 00010110 3
56 10000000 1
67 01000110 3
70 00010001 2

02 11100000 3
13 01000011 3
24 00000000 a match 2 3 4 5 6
35 00101100 3
46 00000000 a match 2 3 4 5 6
57 00000000 a match 2 3 4 5 6
60 00010101 3
71 00010000 1

03 01000010 2
14 11100000 3
25 00010010 2
36 10101000 3
47 00000110 2
50 00000001 1
61 00010100 2
72 10100001 3

04 11100000 3
15 01100010 3
26 00000000 a match 2 3 4 5 6
37 00001100 2
40 00010101 3
51 00000000 a match 2 3 4 5 6
62 01000101 3
73 00010001 2

05 01100010 3
16 10100000 2
27 00000010 1
30 00001100 2
41 00010100 2
52 10000001 2
63 01010011 4
74 10100000 2

06 10100000 2
17 01000010 2
20 00010000 1
31 00001100 2
42 00000101 2
53 00000001 1
64 01000000 1
75 00110000 2

07 01000010 2
10 00000001 1
21 00010000 1
32 10101100 4
43 00010011 3
54 10000000 1
65 01010110 4
76 10100000 2

Matching output with AND-NOT
0 absent
1 absent
2 01 24 46 57 26 51
3 01 24 46 57 26 51
4 01 24 46 57 26 51
5 01 24 46 57 26 51
6 01 24 46 57 26 51
7 absent

Left
none
Best: none

Right
none
Best: none

OR-NOT
01 11111110 7
12 11101111 7
23 01010011 4
34 11101100 5
45 01111111 7
56 10101001 4
67 01011111 6
70 10111101 6

02 11101111 7
13 11110011 6
24 11111010 6
35 11111110 7
46 10111111 7
57 11001111 6
60 01011111 6
71 10111101 6

03 11110011 6
14 11101011 6
25 01111110 6
36 10101100 4
47 01011111 6
50 10011101 5
61 01011111 6
72 11111101 7

04 11101010 5
15 11111111 a
26 10111010 5
37 11101110 6
40 00011111 5
51 10011101 5
62 11111111 a
73 11110011 6

05 11111110 7
16 11101011 6
27 01011110 5
30 10111101 6
41 00011111 5
52 11101101 6
63 01010111 5 match 0
74 11111001 6

06 11101010 5
17 11101111 7
20 00011111 5
31 10111100 5
42 11111111 a
53 11010011 5
64 11111111 a
75 11111111 a

07 11101110 6
10 11111111 a
21 00011110 4
32 11101101 6
43 01010111 5 match 0
54 11101001 5
65 01111111 7
76 10111001 5

Matching output with OR-NOT
0 63 43
1 absent
2 absent
3 absent
4 absent
5 absent
6 absent
7 absent

Left
63 74x
43 54x
Best: OR-NOT63: 1

Right
none
Best: none

XOR-NOT
01 11111110 7
12 00001110 3
23 01000001 2
34 01000100 2
45 01101001 4
56 00101001 3
67 00011001 3
70 10101100 4

02 00001111 4
13 10110000 3
24 11111010 6
35 11010010 4
46 10111111 7
57 11001111 6
60 01001010 3
71 10101101 5

03 10110001 4 match 1
14 00001011 3
25 01101100 4
36 00000100 1
47 01011001 4
50 10011100 4
61 01001011 4
72 01011100 4

04 00001010 2
15 10011101 5
26 10111010 5
37 11100010 4 match 7
40 00001010 2
51 10011101 5
62 10111010 5
73 11100010 4 match 7

05 10011100 4
16 01001011 4
27 01011100 4
30 10110001 4 match 1
41 00001011 3
52 01101100 4
63 00000100 1
74 01011001 4

06 01001010 3
17 10101101 5
20 00001111 4
31 10110000 3
42 11111010 6
53 11010010 4
64 10111111 7
75 11001111 6

07 10101100 4
10 11111110 7
21 00001110 3
32 01000001 2
43 01000100 2
54 01101001 4
65 00101001 3
76 00011001 3

Matching output with XOR-NOT
0 absent
1 03 30
2 absent
3 absent
4 absent
5 absent
6 absent
7 37 73

Left
none
Best: none

Right
37 26x
73 62x
Best: XOR-NOT37: 1

Selecting

Lefts
Identity I6 I7: 2
NOT none
Constant none
AND none
OR OR46 OR57: 2
XOR none
AND-NOT none
OR-NOT OR-NOT63: 1
XOR-NOT none

Rights
Identity I0: 1
NOT none
Constant none
AND AND01: 1
OR none
XOR none
AND-NOT none
OR-NOT none
XOR-NOT XOR-NOT37: 1

Left longest: 2
Right longest: 1

Left winner: Identity yes, NOT no, Constant no, AND no, OR no, XOR no, AND-NOT no, OR-NOT no, XOR-NOT no
Right winner: Identity yes, NOT no, Constant no, AND no, OR no, XOR no, AND-NOT no, OR-NOT no, XOR-NOT no

Best left: I6 I7: 2
Best right: I0: 1

Truncated left: I6 I7: 2
Truncated right: I0: 1

Tentative from right
7 I0
6 pending
5 pending
4 pending
3 pending
2 pending
1 pending
0 pending

Tentative
0 I6
1 I7
2 pending
3 pending
4 pending
5 pending
6 pending
7 I0

Preferred from left
0 I6
1 I7
2 ?0?
3 ?1?
4 ?2?
5 ?3?
6 ?4?
7 I0

Preferred
0 I6
1 I7
2 ?03
3 ?14
4 ?25
5 ?36
6 ?47
7 I0

Matching
0 I6
1 I7
2 ?03 - Identity absent, NOT absent, Constant C0, AND absent, OR absent, XOR absent, AND-NOT absent, OR-NOT absent, XOR-NOT absent
3 ?14 - Identity absent, NOT absent, Constant C0, AND absent, OR absent, XOR absent, AND-NOT absent, OR-NOT absent, XOR-NOT absent
4 ?25 - Identity absent, NOT absent, Constant C0, AND25, OR absent, XOR absent, AND-NOT absent, OR-NOT absent, XOR-NOT absent
5 ?36 - Identity absent, NOT absent, Constant C0, AND absent, OR absent, XOR absent, AND-NOT absent, OR-NOT absent, XOR-NOT absent
6 ?47 - Identity absent, NOT absent, Constant C0, AND absent, OR absent, XOR absent, AND-NOT absent, OR-NOT absent, XOR-NOT absent
7 I0

Perfect match
Identity no
NOT no
Constant yes
AND no
OR no
XOR no
AND-NOT no
OR-NOT no
XOR-NOT no

Matched
0 I6
1 I7
2 C0
3 C0
4 C0
5 C0
6 C0
7 I0

Selected
0 I6
1 I7
2 C0
3 C0
4 C0
5 C0
6 C0
7 I0

Applying to 10001100
Input
0 1
1 0
2 0
3 0
4 1
5 1
6 0
7 0
Output
0 I6 = 0
1 I7 = 0
2 C0 = 0
3 C0 = 0
4 C0 = 0
5 C0 = 0
6 C0 = 0
7 I0 = 1

I will now return the answer in \boxed{}
The answer in \boxed is
\boxed{00000001}
</think>
\boxed{00000001}