We need to deduce the transformation by matching the example outputs.

Output 1: 00000000
0 0
1 0
2 0
3 0
4 0
5 0
6 0
7 0

Output 2: 00000000
0 0
1 0
2 0
3 0
4 0
5 0
6 0
7 0

Output 3: 10000000
0 1
1 0
2 0
3 0
4 0
5 0
6 0
7 0

Output 4: 00000000
0 0
1 0
2 0
3 0
4 0
5 0
6 0
7 0

Output 5: 00000000
0 0
1 0
2 0
3 0
4 0
5 0
6 0
7 0

Output 6: 00000000
0 0
1 0
2 0
3 0
4 0
5 0
6 0
7 0

Output 7: 10000000
0 1
1 0
2 0
3 0
4 0
5 0
6 0
7 0

Output bit columns (with bitsum as hash)
0 0010001 2
1 0000000 a
2 0000000 a
3 0000000 a
4 0000000 a
5 0000000 a
6 0000000 a
7 0000000 a

Input 1: 11100111
0 1
1 1
2 1
3 0
4 0
5 1
6 1
7 1

Input 2: 00110010
0 0
1 0
2 1
3 1
4 0
5 0
6 1
7 0

Input 3: 10101001
0 1
1 0
2 1
3 0
4 1
5 0
6 0
7 1

Input 4: 00100010
0 0
1 0
2 1
3 0
4 0
5 0
6 1
7 0

Input 5: 01011100
0 0
1 1
2 0
3 1
4 1
5 1
6 0
7 0

Input 6: 10110110
0 1
1 0
2 1
3 1
4 0
5 1
6 1
7 0

Input 7: 01001001
0 0
1 1
2 0
3 0
4 1
5 0
6 0
7 1

Identity
0 1010010 3
1 1000101 3
2 1111010 5
3 0100110 3
4 0010101 3
5 1000110 3
6 1101010 4
7 1010001 3

Matching output with Identity
0 absent
1 absent
2 absent
3 absent
4 absent
5 absent
6 absent
7 absent

Left
none
Best: none

Right
none
Best: none

NOT
0 0101101 4
1 0111010 4
2 0000101 2
3 1011001 4
4 1101010 4
5 0111001 4
6 0010101 3
7 0101110 4

Matching output with NOT
0 absent
1 absent
2 absent
3 absent
4 absent
5 absent
6 absent
7 absent

Left
none
Best: none

Right
none
Best: none

Constant
0 0000000 a match 1 2 3 4 5 6 7
1 1111111 a

Matching output with Constant
0 absent
1 C0
2 C0
3 C0
4 C0
5 C0
6 C0
7 C0

Left
none
Best: none

Right
0 0 0 0 0 0 0
Best: C0 C0 C0 C0 C0 C0 C0: 7

AND
01 10 1000000 1
12 21 1000000 1
23 32 0100010 2
34 43 0000100 1
45 54 0000100 1
56 65 1000010 2
67 76 1000000 1
70 07 1010000 2

02 20 1010010 3
13 31 0000100 1
24 42 0010000 1
35 53 0000110 2
46 64 0000000 a match 1 2 3 4 5 6 7
57 75 1000000 1
60 06 1000010 2
71 17 1000001 2

03 30 0000010 1
14 41 0000101 2
25 52 1000010 2
36 63 0100010 2
47 74 0010001 2 match 0
50 05 1000010 2
61 16 1000000 1
72 27 1010000 2

04 40 0010000 1
15 51 1000100 2
26 62 1101010 4
37 73 0000000 a match 1 2 3 4 5 6 7

Matching output with AND
0 47 74
1 46 64 37 73
2 46 64 37 73
3 46 64 37 73
4 46 64 37 73
5 46 64 37 73
6 46 64 37 73
7 46 64 37 73

Left
47 50x
74 05x
Best: AND47: 1

Right
46 35x
64 53x
37 26x
73 62x
Best: AND46: 1

OR
01 10 1010111 5
12 21 1111111 a
23 32 1111110 6
34 43 0110111 5
45 54 1010111 5
56 65 1101110 5
67 76 1111011 6
70 07 1010011 4

02 20 1111010 5
13 31 1100111 5
24 42 1111111 a
35 53 1100110 4
46 64 1111111 a
57 75 1010111 5
60 06 1111010 5
71 17 1010101 4

03 30 1110110 5
14 41 1010101 4
25 52 1111110 6
36 63 1101110 5
47 74 1010101 4
50 05 1010110 4
61 16 1101111 6
72 27 1111011 6

04 40 1010111 5
15 51 1000111 4
26 62 1111010 5
37 73 1110111 6

Matching output with OR
0 absent
1 absent
2 absent
3 absent
4 absent
5 absent
6 absent
7 absent

Left
none
Best: none

Right
none
Best: none

XOR
01 10 0010111 4
12 21 0111111 6
23 32 1011100 4
34 43 0110011 4
45 54 1010011 4
56 65 0101100 3
67 76 0111011 5
70 07 0000011 2

02 20 0101000 2
13 31 1100011 4
24 42 1101111 6
35 53 1100000 2
46 64 1111111 a
57 75 0010111 4
60 06 0111000 3
71 17 0010100 2

03 30 1110100 4
14 41 1010000 2
25 52 0111100 4
36 63 1001100 3
47 74 1000100 2
50 05 0010100 2
61 16 0101111 5
72 27 0101011 4

04 40 1000111 4
15 51 0000011 2
26 62 0010000 1
37 73 1110111 6

Matching output with XOR
0 absent
1 absent
2 absent
3 absent
4 absent
5 absent
6 absent
7 absent

Left
none
Best: none

Right
none
Best: none

AND-NOT
01 0010010 2
12 0000101 2
23 1011000 3
34 0100010 2
45 0010001 2 match 0
56 0000100 1
67 0101010 3
70 0000001 1

02 0000000 a match 1 2 3 4 5 6 7
13 1000001 2
24 1101010 4
35 0100000 1
46 0010101 3
57 0000110 2
60 0101000 2
71 0010000 1

03 1010000 2
14 1000000 1
25 0111000 3
36 0000100 1
47 0000100 1
50 0000100 1
61 0101010 3
72 0000001 1

04 1000010 2
15 0000001 1
26 0010000 1
37 0100110 3
40 0000101 2
51 0000010 1
62 0000000 a match 1 2 3 4 5 6 7
73 1010001 3

05 0010000 1
16 0000101 2
27 0101010 3
30 0100100 2
41 0010000 1
52 0000100 1
63 1001000 2
74 1000000 1

06 0010000 1
17 0000100 1
20 0101000 2
31 0100010 2
42 0000101 2
53 1000000 1
64 1101010 4
75 0010001 2 match 0

07 0000010 1
10 0000101 2
21 0111010 4
32 0000100 1
43 0010001 2 match 0
54 1000010 2
65 0101000 2
76 0010001 2 match 0

Matching output with AND-NOT
0 45 75 43 76
1 02 62
2 02 62
3 02 62
4 02 62
5 02 62
6 02 62
7 02 62

Left
45 56x
75 06x
43 54x
76 07x
Best: AND-NOT45: 1

Right
02 71x
62 51x
Best: AND-NOT02: 1

OR-NOT
01 1111010 5
12 1000101 3
23 1111011 6
34 1101110 5
45 0111101 5
56 1010111 5
67 1101110 5
70 1111101 6

02 1010111 5
13 1011101 5
24 1111010 5
35 0111111 6
46 0010101 3
57 1101110 5
60 1101111 6
71 1111011 6

03 1011011 5
14 1101111 6
25 1111011 6
36 0110111 5
47 0111111 6
50 1101111 6
61 1111010 5
72 1010101 4

04 1111010 5
15 1111101 6
26 1111111 a
37 0101110 4
40 0111101 5
51 1111110 6
62 1101111 6
73 1011001 4

05 1111011 6
16 1010101 4
27 1111110 6
30 0101111 5
41 0111111 6
52 1000111 4
63 1111011 6
74 1111011 6

06 1010111 5
17 1101111 6
20 1111111 a
31 0111110 5
42 0010101 3
53 1011111 6
64 1101010 4
75 1111001 5

07 1111110 6
10 1101101 5
21 1111010 5
32 0100111 4
43 1011101 5
54 1101110 5
65 1111011 6
76 1010101 4

Matching output with OR-NOT
0 absent
1 absent
2 absent
3 absent
4 absent
5 absent
6 absent
7 absent

Left
none
Best: none

Right
none
Best: none

XOR-NOT
01 1101000 3
12 1000000 1
23 0100011 3
34 1001100 3
45 0101100 3
56 1010011 4
67 1000100 2
70 1111100 5

02 1010111 5
13 0011100 3
24 0010000 1
35 0011111 5
46 0000000 a match 1 2 3 4 5 6 7
57 1101000 3
60 1000111 4
71 1101011 5

03 0001011 3
14 0101111 5
25 1000011 3
36 0110011 4
47 0111011 5
50 1101011 5
61 1010000 2
72 1010100 3

04 0111000 3
15 1111100 5
26 1101111 6
37 0001000 1
40 0111000 3
51 1111100 5
62 1101111 6
73 0001000 1

05 1101011 5
16 1010000 2
27 1010100 3
30 0001011 3
41 0101111 5
52 1000011 3
63 0110011 4
74 0111011 5

06 1000111 4
17 1101011 5
20 1010111 5
31 0011100 3
42 0010000 1
53 0011111 5
64 0000000 a match 1 2 3 4 5 6 7
75 1101000 3

07 1111100 5
10 1101000 3
21 1000000 1
32 0100011 3
43 1001100 3
54 0101100 3
65 1010011 4
76 1000100 2

Matching output with XOR-NOT
0 absent
1 46 64
2 46 64
3 46 64
4 46 64
5 46 64
6 46 64
7 46 64

Left
none
Best: none

Right
46 35x
64 53x
Best: XOR-NOT46: 1

Selecting

Lefts
Identity none
NOT none
Constant none
AND AND47: 1
OR none
XOR none
AND-NOT AND-NOT45: 1
OR-NOT none
XOR-NOT none

Rights
Identity none
NOT none
Constant C0 C0 C0 C0 C0 C0 C0: 7
AND AND46: 1
OR none
XOR none
AND-NOT AND-NOT02: 1
OR-NOT none
XOR-NOT XOR-NOT46: 1

Left longest: 1
Right longest: 7

Right winner: Identity no, NOT no, Constant yes, AND no, OR no, XOR no, AND-NOT no, OR-NOT no, XOR-NOT no
Left winner: Identity no, NOT no, Constant no, AND yes, OR no, XOR no, AND-NOT no, OR-NOT no, XOR-NOT no

Best right: C0 C0 C0 C0 C0 C0 C0: 7
Best left: AND47: 1

Truncated right: C0 C0 C0 C0 C0 C0 C0: 7
Truncated left: AND47: 1

Tentative from right
7 C0
6 C0
5 C0
4 C0
3 C0
2 C0
1 C0
0 pending

Tentative
0 AND47
1 C0
2 C0
3 C0
4 C0
5 C0
6 C0
7 C0

Preferred from right
7 C0
6 C0
5 C0
4 C0
3 C0
2 C0
1 C0
0 AND47

Preferred
0 AND47
1 C0
2 C0
3 C0
4 C0
5 C0
6 C0
7 C0

Matching
0 AND47
1 C0
2 C0
3 C0
4 C0
5 C0
6 C0
7 C0

Perfect match
Identity no
NOT no
Constant no
AND no
OR no
XOR no
AND-NOT no
OR-NOT no
XOR-NOT no

Matched
0 AND47
1 C0
2 C0
3 C0
4 C0
5 C0
6 C0
7 C0

Selected
0 AND47
1 C0
2 C0
3 C0
4 C0
5 C0
6 C0
7 C0

Applying to 00010110
Input
0 0
1 0
2 0
3 1
4 0
5 1
6 1
7 0
Output
0 AND47 = AND(0,0) = 0
1 C0 = 0
2 C0 = 0
3 C0 = 0
4 C0 = 0
5 C0 = 0
6 C0 = 0
7 C0 = 0

I will now return the answer in \boxed{}
The answer in \boxed is
\boxed{00000000}
</think>
\boxed{00000000}