We need to deduce the transformation by matching the example outputs.

Output 1: 00101011
0 0
1 0
2 1
3 0
4 1
5 0
6 1
7 1

Output 2: 01010111
0 0
1 1
2 0
3 1
4 0
5 1
6 1
7 1

Output 3: 10110111
0 1
1 0
2 1
3 1
4 0
5 1
6 1
7 1

Output 4: 10011001
0 1
1 0
2 0
3 1
4 1
5 0
6 0
7 1

Output 5: 01100111
0 0
1 1
2 1
3 0
4 0
5 1
6 1
7 1

Output 6: 10100111
0 1
1 0
2 1
3 0
4 0
5 1
6 1
7 1

Output 7: 10111111
0 1
1 0
2 1
3 1
4 1
5 1
6 1
7 1

Output 8: 00001110
0 0
1 0
2 0
3 0
4 1
5 1
6 1
7 0

Output 9: 11100111
0 1
1 1
2 1
3 0
4 0
5 1
6 1
7 1

Output bit columns (with bitsum as hash)
0 001101101 5
1 010010001 3
2 101011101 6
3 011100100 4
4 100100110 4
5 011011111 7
6 111011111 8
7 111111101 8

Input 1: 01011010
0 0
1 1
2 0
3 1
4 1
5 0
6 1
7 0

Input 2: 10100100
0 1
1 0
2 1
3 0
4 0
5 1
6 0
7 0

Input 3: 10110001
0 1
1 0
2 1
3 1
4 0
5 0
6 0
7 1

Input 4: 00011001
0 0
1 0
2 0
3 1
4 1
5 0
6 0
7 1

Input 5: 11101011
0 1
1 1
2 1
3 0
4 1
5 0
6 1
7 1

Input 6: 11100001
0 1
1 1
2 1
3 0
4 0
5 0
6 0
7 1

Input 7: 10000001
0 1
1 0
2 0
3 0
4 0
5 0
6 0
7 1

Input 8: 01001101
0 0
1 1
2 0
3 0
4 1
5 1
6 0
7 1

Input 9: 11101111
0 1
1 1
2 1
3 0
4 1
5 1
6 1
7 1

Identity
0 011011101 6
1 100011011 5
2 011011001 5
3 101100000 3
4 100110011 5
5 010000011 3
6 100010001 3
7 001111111 7

Matching output with Identity
0 absent
1 absent
2 absent
3 absent
4 absent
5 absent
6 absent
7 absent

Left
none
Best: none

Right
none
Best: none

NOT
0 100100010 3
1 011100100 4 match 3
2 100100110 4 match 4
3 010011111 6
4 011001100 4
5 101111100 6
6 011101110 6
7 110000000 2

Matching output with NOT
0 absent
1 absent
2 absent
3 1
4 2
5 absent
6 absent
7 absent

Left
none
Best: none

Right
none
Best: none

Constant
0 000000000 a
1 111111111 a

Matching output with Constant
0 absent
1 absent
2 absent
3 absent
4 absent
5 absent
6 absent
7 absent

Left
none
Best: none

Right
none
Best: none

AND
01 10 000011001 3
12 21 000011001 3
23 32 001000000 1
34 43 100100000 2
45 54 000000011 2
56 65 000000001 1
67 76 000010001 2
70 07 001011101 5

02 20 011011001 5
13 31 100000000 1
24 42 000010001 2
35 53 000000000 a
46 64 100010001 3
57 75 000000011 2
60 06 000010001 2
71 17 000011011 4

03 30 001000000 1
14 41 100010011 4
25 52 010000001 2
36 63 100000000 1
47 74 000110011 4
50 05 010000001 2
61 16 100010001 3
72 27 001011001 4

04 40 000010001 2
15 51 000000011 2
26 62 000010001 2
37 73 001100000 2

Matching output with AND
0 absent
1 absent
2 absent
3 absent
4 absent
5 absent
6 absent
7 absent

Left
none
Best: none

Right
none
Best: none

OR
01 10 111011111 8 match 6
12 21 111011011 7
23 32 111111001 7
34 43 101110011 6
45 54 110110011 6
56 65 110010011 5
67 76 101111111 8
70 07 011111111 8

02 20 011011101 6
13 31 101111011 7
24 42 111111011 8
35 53 111100011 6
46 64 100110011 5
57 75 011111111 8
60 06 111011101 7
71 17 101111111 8

03 30 111111101 8 match 7
14 41 100111011 6
25 52 011011011 6
36 63 101110001 5
47 74 101111111 8
50 05 011011111 7 match 5
61 16 100011011 5
72 27 011111111 8

04 40 111111111 a
15 51 110011011 6
26 62 111011001 6
37 73 101111111 8

Matching output with OR
0 absent
1 absent
2 absent
3 absent
4 absent
5 05 50
6 01 10
7 03 30

Left
none
Best: none

Right
03 72x
30 27x
Best: OR03: 1

XOR
01 10 111000110 5
12 21 111000010 4
23 32 110111001 6
34 43 001010011 4
45 54 110110000 4
56 65 110010010 4
67 76 101101110 6
70 07 010100010 3

02 20 000000100 1
13 31 001111011 6
24 42 111101010 6
35 53 111100011 6
46 64 000100010 2
57 75 011111100 6
60 06 111001100 5
71 17 101100100 4

03 30 110111101 7
14 41 000101000 2
25 52 001011010 4
36 63 001110001 4
47 74 101001100 4
50 05 001011110 5
61 16 000001010 2
72 27 010100110 4

04 40 111101110 7
15 51 110011000 4
26 62 111001000 4
37 73 100011111 6

Matching output with XOR
0 absent
1 absent
2 absent
3 absent
4 absent
5 absent
6 absent
7 absent

Left
none
Best: none

Right
none
Best: none

AND-NOT
01 011000100 3
12 100000010 2
23 010011001 4
34 001000000 1
45 100110000 3
56 010000010 2
67 100000000 1
70 000100010 2

02 000000100 1
13 000011011 4
24 011001000 3
35 101100000 3
46 000100010 2
57 010000000 1
60 100000000 1
71 001100100 3

03 010011101 5
14 000001000 1
25 001011000 3
36 001100000 2
47 100000000 1
50 000000010 1
61 000000000 a
72 000100110 3

04 011001100 4
15 100011000 3
26 011001000 3
37 100000000 1
40 100100010 3
51 010000000 1
62 100000000 1
73 000011111 5

05 001011100 4
16 000001010 2
27 010000000 1
30 100100000 2
41 000100000 1
52 000000010 1
63 000010001 2
74 001001100 3

06 011001100 4
17 100000000 1
20 000000000 a
31 001100000 2
42 100100010 3
53 010000011 3
64 000000000 a
75 001111100 5

07 010000000 1
10 100000010 2
21 011000000 2
32 100100000 2
43 000010011 3
54 010000000 1
65 100010000 2
76 001101110 5

Matching output with AND-NOT
0 absent
1 absent
2 absent
3 absent
4 absent
5 absent
6 absent
7 absent

Left
none
Best: none

Right
none
Best: none

OR-NOT
01 011111101 7
12 100111111 7
23 011011111 7 match 5
34 111101100 6
45 101111111 8
56 011101111 7
67 110010001 4
70 101111111 8

02 111111111 a
13 110011111 7
24 011011101 6
35 101111100 6
46 111111111 a
57 110000011 4
60 100110011 5
71 011111111 8

03 011011111 7 match 5
14 111011111 8 match 6
25 111111101 8 match 7
36 111101110 7
47 110110011 6
50 110100011 5
61 111110101 7
72 101111111 8

04 011011101 6
15 101111111 8
26 011111111 8
37 111100000 4
40 100110011 5
51 011100111 6
62 100110111 6
73 011111111 8

05 111111101 8 match 7
16 111111111 a
27 111011001 6
30 101100010 4
41 111110111 8
52 110100111 6
63 110011111 7
74 011111111 8

06 011111111 8
17 110011011 6
20 111111011 8
31 111100100 5
42 100110111 6
53 010011111 6
64 111011101 7
75 101111111 8

07 111011101 7
10 100111011 6
21 011111101 7
32 101100110 5
43 110111111 8
54 011001111 6
65 101111101 7
76 011111111 8

Matching output with OR-NOT
0 absent
1 absent
2 absent
3 absent
4 absent
5 23 03
6 14
7 25 05

Left
none
Best: none

Right
25 14 03 72x
05 74x
Best: OR-NOT25 OR-NOT14 OR-NOT03: 3

XOR-NOT
01 000111001 4
12 000111101 5
23 001000110 3
34 110101100 5
45 001001111 5
56 001101101 5 match 0
67 010010001 3 match 1
70 101011101 6 match 2

02 111111011 8
13 110000100 3
24 000010101 3
35 000011100 3
46 111011101 7
57 100000011 3
60 000110011 4
71 010011011 5

03 001000010 2
14 111010111 7
25 110100101 5
36 110001110 5
47 010110011 5
50 110100001 4
61 111110101 7
72 101011001 5

04 000010001 2
15 001100111 5
26 000110111 5
37 011100000 3
40 000010001 2
51 001100111 5
62 000110111 5
73 011100000 3

05 110100001 4
16 111110101 7
27 101011001 5
30 001000010 2
41 111010111 7
52 110100101 5
63 110001110 5
74 010110011 5

06 000110011 4
17 010011011 5
20 111111011 8
31 110000100 3
42 000010101 3
53 000011100 3
64 111011101 7
75 100000011 3

07 101011101 6 match 2
10 000111001 4
21 000111101 5
32 001000110 3
43 110101100 5
54 001001111 5
65 001101101 5 match 0
76 010010001 3 match 1

Matching output with XOR-NOT
0 56 65
1 67 76
2 70 07
3 absent
4 absent
5 absent
6 absent
7 absent

Left
56 67 70 01x
65 76 07 10x
Best: XOR-NOT56 XOR-NOT67 XOR-NOT70: 3

Right
none
Best: none

Selecting

Lefts
Identity none
NOT none
Constant none
AND none
OR none
XOR none
AND-NOT none
OR-NOT none
XOR-NOT XOR-NOT56 XOR-NOT67 XOR-NOT70: 3

Rights
Identity none
NOT none
Constant none
AND none
OR OR03: 1
XOR none
AND-NOT none
OR-NOT OR-NOT25 OR-NOT14 OR-NOT03: 3
XOR-NOT none

Left longest: 3
Right longest: 3

Left winner: Identity no, NOT no, Constant no, AND no, OR no, XOR no, AND-NOT no, OR-NOT no, XOR-NOT yes
Right winner: Identity no, NOT no, Constant no, AND no, OR no, XOR no, AND-NOT no, OR-NOT yes, XOR-NOT no

Best left: XOR-NOT56 XOR-NOT67 XOR-NOT70: 3
Best right: OR-NOT25 OR-NOT14 OR-NOT03: 3

Truncated left: XOR-NOT56 XOR-NOT67 XOR-NOT70: 3
Truncated right: OR-NOT25 OR-NOT14 OR-NOT03: 3

Tentative from right
7 OR-NOT25
6 OR-NOT14
5 OR-NOT03
4 pending
3 pending
2 pending
1 pending
0 pending

Tentative
0 XOR-NOT56
1 XOR-NOT67
2 XOR-NOT70
3 pending
4 pending
5 OR-NOT03
6 OR-NOT14
7 OR-NOT25

Preferred from left
0 XOR-NOT56
1 XOR-NOT67
2 XOR-NOT70
3 ?01
4 ?12
5 OR-NOT03
6 OR-NOT14
7 OR-NOT25

Preferred
0 XOR-NOT56
1 XOR-NOT67
2 XOR-NOT70
3 ?01
4 ?12
5 OR-NOT03
6 OR-NOT14
7 OR-NOT25

Matching
0 XOR-NOT56
1 XOR-NOT67
2 XOR-NOT70
3 ?01 - Identity absent, NOT1, Constant absent, AND absent, OR absent, XOR absent, AND-NOT absent, OR-NOT absent, XOR-NOT absent
4 ?12 - Identity absent, NOT2, Constant absent, AND absent, OR absent, XOR absent, AND-NOT absent, OR-NOT absent, XOR-NOT absent
5 OR-NOT03
6 OR-NOT14
7 OR-NOT25

Perfect match
Identity no
NOT yes
Constant no
AND no
OR no
XOR no
AND-NOT no
OR-NOT no
XOR-NOT no

Matched
0 XOR-NOT56
1 XOR-NOT67
2 XOR-NOT70
3 NOT1
4 NOT2
5 OR-NOT03
6 OR-NOT14
7 OR-NOT25

Selected
0 XOR-NOT56
1 XOR-NOT67
2 XOR-NOT70
3 NOT1
4 NOT2
5 OR-NOT03
6 OR-NOT14
7 OR-NOT25

Applying to 11010001
Input
0 1
1 1
2 0
3 1
4 0
5 0
6 0
7 1
Output
0 XOR-NOT56 = XOR(0,NOT(0)) = 1
1 XOR-NOT67 = XOR(0,NOT(1)) = 0
2 XOR-NOT70 = XOR(1,NOT(1)) = 1
3 NOT1 = NOT(1) = 0
4 NOT2 = NOT(0) = 1
5 OR-NOT03 = OR(1,NOT(1)) = 1
6 OR-NOT14 = OR(1,NOT(0)) = 1
7 OR-NOT25 = OR(0,NOT(0)) = 1

I will now return the answer in \boxed{}
The answer in \boxed is
\boxed{10101111}
</think>
\boxed{10101111}