We need to deduce the transformation by matching the example outputs.

Output 1: 11000000
0 1
1 1
2 0
3 0
4 0
5 0
6 0
7 0

Output 2: 01000010
0 0
1 1
2 0
3 0
4 0
5 0
6 1
7 0

Output 3: 00000000
0 0
1 0
2 0
3 0
4 0
5 0
6 0
7 0

Output 4: 11000110
0 1
1 1
2 0
3 0
4 0
5 1
6 1
7 0

Output 5: 01000110
0 0
1 1
2 0
3 0
4 0
5 1
6 1
7 0

Output 6: 11000000
0 1
1 1
2 0
3 0
4 0
5 0
6 0
7 0

Output 7: 11000111
0 1
1 1
2 0
3 0
4 0
5 1
6 1
7 1

Output 8: 11000001
0 1
1 1
2 0
3 0
4 0
5 0
6 0
7 1

Output 9: 11000010
0 1
1 1
2 0
3 0
4 0
5 0
6 1
7 0

Output 10: 11000111
0 1
1 1
2 0
3 0
4 0
5 1
6 1
7 1

Output bit columns (with bitsum as hash)
0 1001011111 7
1 1101111111 9
2 0000000000 a
3 0000000000 a
4 0000000000 a
5 0001101001 4
6 0101101011 6
7 0000001101 3

Input 1: 00011011
0 0
1 0
2 0
3 1
4 1
5 0
6 1
7 1

Input 2: 01001001
0 0
1 1
2 0
3 0
4 1
5 0
6 0
7 1

Input 3: 00001100
0 0
1 0
2 0
3 0
4 1
5 1
6 0
7 0

Input 4: 11010111
0 1
1 1
2 0
3 1
4 0
5 1
6 1
7 1

Input 5: 11011001
0 1
1 1
2 0
3 1
4 1
5 0
6 0
7 1

Input 6: 00000011
0 0
1 0
2 0
3 0
4 0
5 0
6 1
7 1

Input 7: 11100111
0 1
1 1
2 1
3 0
4 0
5 1
6 1
7 1

Input 8: 00100011
0 0
1 0
2 1
3 0
4 0
5 0
6 1
7 1

Input 9: 01001011
0 0
1 1
2 0
3 0
4 1
5 0
6 1
7 1

Input 10: 11100011
0 1
1 1
2 1
3 0
4 0
5 0
6 1
7 1

Identity
0 0001101001 4 match 5
1 0101101011 6 match 6
2 0000001101 3 match 7
3 1001100000 3
4 1110100010 5
5 0011001000 3
6 1001011111 7 match 0
7 1101111111 9 match 1

Matching output with Identity
0 6
1 7
2 absent
3 absent
4 absent
5 0
6 1
7 2

Left
6 7 0x
Best: I6 I7: 2

Right
2 1 0 7x
Best: I2 I1 I0: 3

NOT
0 1110010110 6
1 1010010100 4
2 1111110010 7
3 0110011111 7
4 0001011101 5
5 1100110111 7
6 0110100000 3
7 0010000000 1

Matching output with NOT
0 absent
1 absent
2 absent
3 absent
4 absent
5 absent
6 absent
7 absent

Left
none
Best: none

Right
none
Best: none

Constant
0 0000000000 a match 2 3 4
1 1111111111 a

Matching output with Constant
0 absent
1 absent
2 C0
3 C0
4 C0
5 absent
6 absent
7 absent

Left
none
Best: none

Right
none
Best: none

AND
01 10 0001101001 4 match 5
12 21 0000001001 2
23 32 0000000000 a match 2 3 4
34 43 1000100000 2
45 54 0010000000 1
56 65 0001001000 2
67 76 1001011111 7 match 0
70 07 0001101001 4 match 5

02 20 0000001001 2
13 31 0001100000 2
24 42 0000000000 a match 2 3 4
35 53 0001000000 1
46 64 1000000010 2
57 75 0001001000 2
60 06 0001001001 3
71 17 0101101011 6 match 6

03 30 0001100000 2
14 41 0100100010 3
25 52 0000001000 1
36 63 1001000000 2
47 74 1100100010 4
50 05 0001001000 2
61 16 0001001011 4
72 27 0000001101 3 match 7

04 40 0000100000 1
15 51 0001001000 2
26 62 0000001101 3 match 7
37 73 1001100000 3

Matching output with AND
0 67 76
1 absent
2 23 32 24 42
3 23 32 24 42
4 23 32 24 42
5 01 10 07 70
6 17 71
7 27 72 26 62

Left
67 70x
76 07x
Best: AND67: 1

Right
27 16x
72 61x
26 15x
62 51x
Best: AND27: 1

OR
01 10 0101101011 6 match 6
12 21 0101101111 7
23 32 1001101101 6
34 43 1111100010 6
45 54 1111101010 7
56 65 1011011111 8
67 76 1101111111 9 match 1
70 07 1101111111 9 match 1

02 20 0001101101 5
13 31 1101101011 7
24 42 1110101111 8
35 53 1011101000 5
46 64 1111111111 a
57 75 1111111111 a
60 06 1001111111 8
71 17 1101111111 9 match 1

03 30 1001101001 5
14 41 1111101011 8
25 52 0011001101 5
36 63 1001111111 8
47 74 1111111111 a
50 05 0011101001 5
61 16 1101111111 9 match 1
72 27 1101111111 9 match 1

04 40 1111101011 8
15 51 0111101011 7
26 62 1001011111 7 match 0
37 73 1101111111 9 match 1

Matching output with OR
0 26 62
1 67 76 07 70 17 71 16 61 27 72 37 73
2 absent
3 absent
4 absent
5 absent
6 01 10
7 absent

Left
26 37 40x
62 73 04x
Best: OR26 OR37: 2

Right
none
Best: none

XOR
01 10 0100000010 2
12 21 0101100110 5
23 32 1001101101 6
34 43 0111000010 4
45 54 1101101010 6
56 65 1010010111 6
67 76 0100100000 2
70 07 1100010110 5

02 20 0001100100 3
13 31 1100001011 5
24 42 1110101111 8
35 53 1010101000 4
46 64 0111111101 8
57 75 1110110111 8
60 06 1000110110 5
71 17 1000010100 3

03 30 1000001001 3
14 41 1011001001 5
25 52 0011000101 4
36 63 0000111111 6
47 74 0011011101 6
50 05 0010100001 3
61 16 1100110100 5
72 27 1101110010 6

04 40 1111001011 7
15 51 0110100011 5
26 62 1001010010 4
37 73 0100011111 6

Matching output with XOR
0 absent
1 absent
2 absent
3 absent
4 absent
5 absent
6 absent
7 absent

Left
none
Best: none

Right
none
Best: none

AND-NOT
01 0000000000 a match 2 3 4
12 0101100010 4
23 0000001101 3 match 7
34 0001000000 1
45 1100100010 4
56 0010000000 1
67 0000000000 a match 2 3 4
70 1100010110 5

02 0001100000 2
13 0100001011 4
24 0000001101 3 match 7
35 1000100000 2
46 0110100000 3
57 0010000000 1
60 1000010110 4
71 1000010100 3

03 0000001001 2
14 0001001001 3
25 0000000101 2
36 0000100000 1
47 0010000000 1
50 0010000000 1
61 1000010100 3
72 1101110010 6

04 0001001001 3
15 0100100011 4
26 0000000000 a match 2 3 4
37 0000000000 a match 2 3 4
40 1110000010 4
51 0010000000 1
62 1001010010 4
73 0100011111 6

05 0000100001 2
16 0100100000 2
27 0000000000 a match 2 3 4
30 1000000000 1
41 1010000000 2
52 0011000000 2
63 0000011111 5
74 0001011101 5

06 0000100000 1
17 0000000000 a match 2 3 4
20 0000000100 1
31 1000000000 1
42 1110100010 5
53 0010001000 2
64 0001011101 5
75 1100110111 7

07 0000000000 a match 2 3 4
10 0100000010 2
21 0000000100 1
32 1001100000 3
43 0110000010 3
54 0001001000 2
65 1000010111 5
76 0100100000 2

Matching output with AND-NOT
0 absent
1 absent
2 01 67 26 37 27 17 07
3 01 67 26 37 27 17 07
4 01 67 26 37 27 17 07
5 absent
6 absent
7 23 24

Left
none
Best: none

Right
23 12x
24 13x
Best: AND-NOT23: 1

OR-NOT
01 1011111101 8
12 1111111011 9
23 0110011111 7
34 1001111101 7
45 1110110111 8
56 0111101000 5
67 1011011111 8
70 1111111111 a

02 1111111011 9
13 0111111111 9
24 0001011101 5
35 1101110111 8
46 1110100010 5
57 0011001000 3
60 1111011111 9
71 1111111111 a

03 0111111111 9
14 0101111111 8
25 1100111111 8
36 1111100000 5
47 1110100010 5
50 1111011110 8
61 1011011111 8
72 1111111111 a

04 0001111101 6
15 1101111111 9 match 1
26 0110101101 6
37 1011100000 4
40 1110110110 7
51 1011011100 6
62 1111111111 a
73 1111111111 a

05 1101111111 9 match 1
16 0111101011 7
27 0010001101 4
30 1111110110 8
41 1110110110 7
52 1111111010 8
63 1111011111 9
74 1101111111 9 match 1

06 0111101001 6
17 0111101011 7
20 1110011111 8
31 1011110100 6
42 1111110010 7
53 0111011111 8
64 1001011111 7 match 0
75 1101111111 9 match 1

07 0011101001 5
10 1111111111 a
21 1010011101 6
32 1111110010 7
43 1110111111 9
54 0011011101 6
65 1101111111 9 match 1
76 1111111111 a

Matching output with OR-NOT
0 64
1 15 05 74 75 65
2 absent
3 absent
4 absent
5 absent
6 absent
7 absent

Left
64 75 06x
Best: OR-NOT64 OR-NOT75: 2

Right
none
Best: none

XOR-NOT
01 1011111101 8
12 1010011001 5
23 0110010010 4
34 1000111101 6
45 0010010101 4
56 0101101000 4
67 1011011111 8
70 0011101001 5

02 1110011011 7
13 0011110100 5
24 0001010000 2
35 0101010111 6
46 1000000010 2
57 0001001000 2
60 0111001001 5
71 0111101011 7

03 0111110110 7
14 0100110110 5
25 1100111010 6
36 1111000000 4
47 1100100010 4
50 1101011110 7
61 0011001011 5
72 0010001101 4

04 0000110100 3
15 1001011100 5
26 0110101101 6
37 1011100000 4
40 0000110100 3
51 1001011100 5
62 0110101101 6
73 1011100000 4

05 1101011110 7
16 0011001011 5
27 0010001101 4
30 0111110110 7
41 0100110110 5
52 1100111010 6
63 1111000000 4
74 1100100010 4

06 0111001001 5
17 0111101011 7
20 1110011011 7
31 0011110100 5
42 0001010000 2
53 0101010111 6
64 1000000010 2
75 0001001000 2

07 0011101001 5
10 1011111101 8
21 1010011001 5
32 0110010010 4
43 1000111101 6
54 0010010101 4
65 0101101000 4
76 1011011111 8

Matching output with XOR-NOT
0 absent
1 absent
2 absent
3 absent
4 absent
5 absent
6 absent
7 absent

Left
none
Best: none

Right
none
Best: none

Selecting

Lefts
Identity I6 I7: 2
NOT none
Constant none
AND AND67: 1
OR OR26 OR37: 2
XOR none
AND-NOT none
OR-NOT OR-NOT64 OR-NOT75: 2
XOR-NOT none

Rights
Identity I2 I1 I0: 3
NOT none
Constant none
AND AND27: 1
OR none
XOR none
AND-NOT AND-NOT23: 1
OR-NOT none
XOR-NOT none

Left longest: 2
Right longest: 3

Right winner: Identity yes, NOT no, Constant no, AND no, OR no, XOR no, AND-NOT no, OR-NOT no, XOR-NOT no
Left winner: Identity yes, NOT no, Constant no, AND no, OR no, XOR no, AND-NOT no, OR-NOT no, XOR-NOT no

Best right: I2 I1 I0: 3
Best left: I6 I7: 2

Truncated right: I2 I1 I0: 3
Truncated left: I6 I7: 2

Tentative from right
7 I2
6 I1
5 I0
4 pending
3 pending
2 pending
1 pending
0 pending

Tentative
0 I6
1 I7
2 pending
3 pending
4 pending
5 I0
6 I1
7 I2

Preferred from right
7 I2
6 I1
5 I0
4 ??7
3 ??6
2 ??5
1 I7
0 I6

Preferred
0 I6
1 I7
2 ?05
3 ?16
4 ?27
5 I0
6 I1
7 I2

Matching
0 I6
1 I7
2 ?05 - Identity absent, NOT absent, Constant C0, AND absent, OR absent, XOR absent, AND-NOT absent, OR-NOT absent, XOR-NOT absent
3 ?16 - Identity absent, NOT absent, Constant C0, AND absent, OR absent, XOR absent, AND-NOT absent, OR-NOT absent, XOR-NOT absent
4 ?27 - Identity absent, NOT absent, Constant C0, AND absent, OR absent, XOR absent, AND-NOT27, OR-NOT absent, XOR-NOT absent
5 I0
6 I1
7 I2

Perfect match
Identity no
NOT no
Constant yes
AND no
OR no
XOR no
AND-NOT no
OR-NOT no
XOR-NOT no

Matched
0 I6
1 I7
2 C0
3 C0
4 C0
5 I0
6 I1
7 I2

Selected
0 I6
1 I7
2 C0
3 C0
4 C0
5 I0
6 I1
7 I2

Applying to 11010001
Input
0 1
1 1
2 0
3 1
4 0
5 0
6 0
7 1
Output
0 I6 = 0
1 I7 = 1
2 C0 = 0
3 C0 = 0
4 C0 = 0
5 I0 = 1
6 I1 = 1
7 I2 = 0

I will now return the answer in \boxed{}
The answer in \boxed is
\boxed{01000110}
</think>
\boxed{01000110}