We need to deduce the transformation by matching the example outputs.

Output 1: 11010111
0 1
1 1
2 0
3 1
4 0
5 1
6 1
7 1

Output 2: 10110111
0 1
1 0
2 1
3 1
4 0
5 1
6 1
7 1

Output 3: 10000111
0 1
1 0
2 0
3 0
4 0
5 1
6 1
7 1

Output 4: 11100111
0 1
1 1
2 1
3 0
4 0
5 1
6 1
7 1

Output 5: 00110111
0 0
1 0
2 1
3 1
4 0
5 1
6 1
7 1

Output 6: 10010111
0 1
1 0
2 0
3 1
4 0
5 1
6 1
7 1

Output 7: 01011111
0 0
1 1
2 0
3 1
4 1
5 1
6 1
7 1

Output 8: 11100111
0 1
1 1
2 1
3 0
4 0
5 1
6 1
7 1

Output bit columns (with bitsum as hash)
0 11110101 6
1 10010011 4
2 01011001 4
3 11001110 5
4 00000010 1
5 11111111 a
6 11111111 a
7 11111111 a

Input 1: 01100011
0 0
1 1
2 1
3 0
4 0
5 0
6 1
7 1

Input 2: 10000111
0 1
1 0
2 0
3 0
4 0
5 1
6 1
7 1

Input 3: 11000101
0 1
1 1
2 0
3 0
4 0
5 1
6 0
7 1

Input 4: 11000001
0 1
1 1
2 0
3 0
4 0
5 0
6 0
7 1

Input 5: 11110111
0 1
1 1
2 1
3 1
4 0
5 1
6 1
7 1

Input 6: 11011011
0 1
1 1
2 0
3 1
4 1
5 0
6 1
7 1

Input 7: 11001100
0 1
1 1
2 0
3 0
4 1
5 1
6 0
7 0

Input 8: 01000001
0 0
1 1
2 0
3 0
4 0
5 0
6 0
7 1

Identity
0 01111110 6
1 10111111 7
2 10001000 2
3 00001100 2
4 00000110 2
5 01101010 4
6 11001100 4
7 11111101 7

Matching output with Identity
0 absent
1 absent
2 absent
3 absent
4 absent
5 absent
6 absent
7 absent

Left
none
Best: none

Right
none
Best: none

NOT
0 10000001 2
1 01000000 1
2 01110111 6
3 11110011 6
4 11111001 6
5 10010101 4
6 00110011 4
7 00000010 1 match 4

Matching output with NOT
0 absent
1 absent
2 absent
3 absent
4 7
5 absent
6 absent
7 absent

Left
none
Best: none

Right
none
Best: none

Constant
0 00000000 a
1 11111111 a match 5 6 7

Matching output with Constant
0 absent
1 absent
2 absent
3 absent
4 absent
5 C1
6 C1
7 C1

Left
none
Best: none

Right
1 1 1
Best: C1 C1 C1: 3

AND
01 10 00111110 5
12 21 10001000 2
23 32 00001000 1
34 43 00000100 1
45 54 00000010 1 match 4
56 65 01001000 2
67 76 11001100 4
70 07 01111100 5

02 20 00001000 1
13 31 00001100 2
24 42 00000000 a
35 53 00001000 1
46 64 00000100 1
57 75 01101000 3
60 06 01001100 3
71 17 10111101 6

03 30 00001100 2
14 41 00000110 2
25 52 00001000 1
36 63 00001100 2
47 74 00000100 1
50 05 01101010 4
61 16 10001100 3
72 27 10001000 2

04 40 00000110 2
15 51 00101010 3
26 62 10001000 2
37 73 00001100 2

Matching output with AND
0 absent
1 absent
2 absent
3 absent
4 45 54
5 absent
6 absent
7 absent

Left
none
Best: none

Right
none
Best: none

OR
01 10 11111111 a match 5 6 7
12 21 10111111 7
23 32 10001100 3
34 43 00001110 3
45 54 01101110 5
56 65 11101110 6
67 76 11111101 7
70 07 11111111 a match 5 6 7

02 20 11111110 7
13 31 10111111 7
24 42 10001110 4
35 53 01101110 5
46 64 11001110 5 match 3
57 75 11111111 a match 5 6 7
60 06 11111110 7
71 17 11111111 a match 5 6 7

03 30 01111110 6
14 41 10111111 7
25 52 11101010 5
36 63 11001100 4
47 74 11111111 a match 5 6 7
50 05 01111110 6
61 16 11111111 a match 5 6 7
72 27 11111101 7

04 40 01111110 6
15 51 11111111 a match 5 6 7
26 62 11001100 4
37 73 11111101 7

Matching output with OR
0 absent
1 absent
2 absent
3 46 64
4 absent
5 01 10 07 70 57 75 17 71 47 74 16 61 15 51
6 01 10 07 70 57 75 17 71 47 74 16 61 15 51
7 01 10 07 70 57 75 17 71 47 74 16 61 15 51

Left
none
Best: none

Right
01 70 67x
10 07 76x
07 76x
70 67x
57 46x
75 64x
17 06x
71 60x
47 36x
74 63x
16 05x
61 50x
15 04x
51 40x
Best: OR01 OR70: 2

XOR
01 10 11000001 3
12 21 00110111 5
23 32 10000100 2
34 43 00001010 2
45 54 01101100 4
56 65 10100110 4
67 76 00110001 3
70 07 10000011 3

02 20 11110110 6
13 31 10110011 5
24 42 10001110 4
35 53 01100110 4
46 64 11001010 4
57 75 10010111 5
60 06 10110010 4
71 17 01000010 2

03 30 01110010 4
14 41 10111001 5
25 52 11100010 4
36 63 11000000 2
47 74 11111011 7
50 05 00010100 2
61 16 01110011 5
72 27 01110101 5

04 40 01111000 4
15 51 11010101 5
26 62 01000100 2
37 73 11110001 5

Matching output with XOR
0 absent
1 absent
2 absent
3 absent
4 absent
5 absent
6 absent
7 absent

Left
none
Best: none

Right
none
Best: none

AND-NOT
01 01000000 1
12 00110111 5
23 10000000 1
34 00001000 1
45 00000100 1
56 00100010 2
67 00000000 a
70 10000001 2

02 01110110 5
13 10110011 5
24 10001000 2
35 00000100 1
46 00000010 1 match 4
57 00000010 1 match 4
60 10000000 1
71 01000000 1

03 01110010 4
14 10111001 5
25 10000000 1
36 00000000 a
47 00000010 1 match 4
50 00000000 a
61 01000000 1
72 01110101 5

04 01111000 4
15 10010101 4
26 00000000 a
37 00000000 a
40 00000000 a
51 01000000 1
62 01000100 2
73 11110001 5

05 00010100 2
16 00110011 4
27 00000000 a
30 00000000 a
41 00000000 a
52 01100010 3
63 11000000 2
74 11111001 6

06 00110010 3
17 00000010 1 match 4
20 10000000 1
31 00000000 a
42 00000110 2
53 01100010 3
64 11001000 3
75 10010101 4

07 00000010 1 match 4
10 10000001 2
21 00000000 a
32 00000100 1
43 00000010 1 match 4
54 01101000 3
65 10000100 2
76 00110001 3

Matching output with AND-NOT
0 absent
1 absent
2 absent
3 absent
4 46 57 47 17 07 43
5 absent
6 absent
7 absent

Left
none
Best: none

Right
none
Best: none

OR-NOT
01 01111110 6
12 11111111 a match 5 6 7
23 11111011 7
34 11111101 7
45 10010111 5
56 01111011 6
67 11001110 5 match 3
70 11111101 7

02 01111111 7
13 11111111 a match 5 6 7
24 11111001 6
35 10011101 5
46 00110111 5
57 01101010 4
60 11001101 5
71 11111101 7

03 11111111 a match 5 6 7
14 11111111 a match 5 6 7
25 10011101 5
36 00111111 6
47 00000110 2
50 11101011 6
61 11001100 4
72 11111111 a match 5 6 7

04 11111111 a match 5 6 7
15 10111111 7
26 10111011 6
37 00001110 3
40 10000111 4
51 01101010 4
62 11111111 a match 5 6 7
73 11111111 a match 5 6 7

05 11111111 a match 5 6 7
16 10111111 7
27 10001010 3
30 10001101 4
41 01000110 3
52 01111111 7
63 11111111 a match 5 6 7
74 11111101 7

06 01111111 7
17 10111111 7
20 10001001 3
31 01001100 3
42 01110111 6
53 11111011 7
64 11111101 7
75 11111101 7

07 01111110 6
10 10111111 7
21 11001000 3
32 01111111 7
43 11110111 7
54 11111011 7
65 11011101 6
76 11111111 a match 5 6 7

Matching output with OR-NOT
0 absent
1 absent
2 absent
3 67
4 absent
5 12 13 03 14 72 04 62 73 05 63 76
6 12 13 03 14 72 04 62 73 05 63 76
7 12 13 03 14 72 04 62 73 05 63 76

Left
none
Best: none

Right
12 01x
13 02x
03 72 61x
14 03 72 61x
72 61x
04 73 62 51x
62 51x
73 62 51x
05 74x
63 52x
76 65x
Best: OR-NOT14 OR-NOT03 OR-NOT72: 3

XOR-NOT
01 00111110 5
12 11001000 3
23 01111011 6
34 11110101 6 match 0
45 10010011 4 match 1
56 01011001 4 match 2
67 11001110 5 match 3
70 01111100 5

02 00001001 2
13 01001100 3
24 01110001 4
35 10011001 4
46 00110101 4
57 01101000 3
60 01001101 4
71 10111101 6

03 10001101 4
14 01000110 3
25 00011101 4
36 00111111 6
47 00000100 1
50 11101011 6
61 10001100 3
72 10001010 3

04 10000111 4
15 00101010 3
26 10111011 6
37 00001110 3
40 10000111 4
51 00101010 3
62 10111011 6
73 00001110 3

05 11101011 6
16 10001100 3
27 10001010 3
30 10001101 4
41 01000110 3
52 00011101 4
63 00111111 6
74 00000100 1

06 01001101 4
17 10111101 6
20 00001001 2
31 01001100 3
42 01110001 4
53 10011001 4
64 00110101 4
75 01101000 3

07 01111100 5
10 00111110 5
21 11001000 3
32 01111011 6
43 11110101 6 match 0
54 10010011 4 match 1
65 01011001 4 match 2
76 11001110 5 match 3

Matching output with XOR-NOT
0 34 43
1 45 54
2 56 65
3 67 76
4 absent
5 absent
6 absent
7 absent

Left
34 45 56 67 70x
43 54 65 76 07x
Best: XOR-NOT34 XOR-NOT45 XOR-NOT56 XOR-NOT67: 4

Right
none
Best: none

Selecting

Lefts
Identity none
NOT none
Constant none
AND none
OR none
XOR none
AND-NOT none
OR-NOT none
XOR-NOT XOR-NOT34 XOR-NOT45 XOR-NOT56 XOR-NOT67: 4

Rights
Identity none
NOT none
Constant C1 C1 C1: 3
AND none
OR OR01 OR70: 2
XOR none
AND-NOT none
OR-NOT OR-NOT14 OR-NOT03 OR-NOT72: 3
XOR-NOT none

Left longest: 4
Right longest: 3

Left winner: Identity no, NOT no, Constant no, AND no, OR no, XOR no, AND-NOT no, OR-NOT no, XOR-NOT yes
Right winner: Identity no, NOT no, Constant yes, AND no, OR no, XOR no, AND-NOT no, OR-NOT no, XOR-NOT no

Best left: XOR-NOT34 XOR-NOT45 XOR-NOT56 XOR-NOT67: 4
Best right: C1 C1 C1: 3

Truncated left: XOR-NOT34 XOR-NOT45 XOR-NOT56 XOR-NOT67: 4
Truncated right: C1 C1 C1: 3

Tentative from right
7 C1
6 C1
5 C1
4 pending
3 pending
2 pending
1 pending
0 pending

Tentative
0 XOR-NOT34
1 XOR-NOT45
2 XOR-NOT56
3 XOR-NOT67
4 pending
5 C1
6 C1
7 C1

Preferred from left
0 XOR-NOT34
1 XOR-NOT45
2 XOR-NOT56
3 XOR-NOT67
4 ?70
5 C1
6 C1
7 C1

Preferred
0 XOR-NOT34
1 XOR-NOT45
2 XOR-NOT56
3 XOR-NOT67
4 ?70
5 C1
6 C1
7 C1

Matching
0 XOR-NOT34
1 XOR-NOT45
2 XOR-NOT56
3 XOR-NOT67
4 ?70 - Identity absent, NOT7, Constant absent, AND absent, OR absent, XOR absent, AND-NOT07, OR-NOT absent, XOR-NOT absent
5 C1
6 C1
7 C1

Perfect match
Identity no
NOT yes
Constant no
AND no
OR no
XOR no
AND-NOT no
OR-NOT no
XOR-NOT no

Matched
0 XOR-NOT34
1 XOR-NOT45
2 XOR-NOT56
3 XOR-NOT67
4 NOT7
5 C1
6 C1
7 C1

Selected
0 XOR-NOT34
1 XOR-NOT45
2 XOR-NOT56
3 XOR-NOT67
4 NOT7
5 C1
6 C1
7 C1

Applying to 01101010
Input
0 0
1 1
2 1
3 0
4 1
5 0
6 1
7 0
Output
0 XOR-NOT34 = XOR(0,NOT(1)) = 0
1 XOR-NOT45 = XOR(1,NOT(0)) = 0
2 XOR-NOT56 = XOR(0,NOT(1)) = 0
3 XOR-NOT67 = XOR(1,NOT(0)) = 0
4 NOT7 = NOT(0) = 1
5 C1 = 1
6 C1 = 1
7 C1 = 1

I will now return the answer in \boxed{}
The answer in \boxed is
\boxed{00001111}
</think>
\boxed{00001111}