We need to deduce the transformation by matching the example outputs.

Output 1: 10001101
0 1
1 0
2 0
3 0
4 1
5 1
6 0
7 1

Output 2: 00100000
0 0
1 0
2 1
3 0
4 0
5 0
6 0
7 0

Output 3: 00000011
0 0
1 0
2 0
3 0
4 0
5 0
6 1
7 1

Output 4: 01100010
0 0
1 1
2 1
3 0
4 0
5 0
6 1
7 0

Output 5: 00111000
0 0
1 0
2 1
3 1
4 1
5 0
6 0
7 0

Output 6: 10101110
0 1
1 0
2 1
3 0
4 1
5 1
6 1
7 0

Output 7: 11000000
0 1
1 1
2 0
3 0
4 0
5 0
6 0
7 0

Output bit columns (with bitsum as hash)
0 1000011 3
1 0001001 2
2 0101110 4
3 0000100 1
4 1000110 3
5 1000010 2
6 0011010 3
7 1010000 2

Input 1: 01100011
0 0
1 1
2 1
3 0
4 0
5 0
6 1
7 1

Input 2: 00001000
0 0
1 0
2 0
3 0
4 1
5 0
6 0
7 0

Input 3: 11000000
0 1
1 1
2 0
3 0
4 0
5 0
6 0
7 0

Input 4: 10011000
0 1
1 0
2 0
3 1
4 1
5 0
6 0
7 0

Input 5: 00001110
0 0
1 0
2 0
3 0
4 1
5 1
6 1
7 0

Input 6: 10101011
0 1
1 0
2 1
3 0
4 1
5 0
6 1
7 1

Input 7: 00110000
0 0
1 0
2 1
3 1
4 0
5 0
6 0
7 0

Identity
0 0011010 3 match 6
1 1010000 2 match 7
2 1000011 3 match 0
3 0001001 2 match 1
4 0101110 4 match 2
5 0000100 1 match 3
6 1000110 3 match 4
7 1000010 2 match 5

Matching output with Identity
0 2
1 3
2 4
3 5
4 6
5 7
6 0
7 1

Left
2 3 4 5 6 7 0 1
Best: I2 I3 I4 I5 I6 I7 I0 I1: 8

Right
1 0 7 6 5 4 3 2
Best: I1 I0 I7 I6 I5 I4 I3 I2: 8

NOT
0 1100101 4
1 0101111 5
2 0111100 4
3 1110110 5
4 1010001 3
5 1111011 6
6 0111001 4
7 0111101 5

Matching output with NOT
0 absent
1 absent
2 absent
3 absent
4 absent
5 absent
6 absent
7 absent

Left
none
Best: none

Right
none
Best: none

Constant
0 0000000 a
1 1111111 a

Matching output with Constant
0 absent
1 absent
2 absent
3 absent
4 absent
5 absent
6 absent
7 absent

Left
none
Best: none

Right
none
Best: none

AND
01 10 0010000 1
12 21 1000000 1
23 32 0000001 1
34 43 0001000 1
45 54 0000100 1 match 3
56 65 0000100 1 match 3
67 76 1000010 2 match 5
70 07 0000010 1

02 20 0000010 1
13 31 0000000 a
24 42 0000010 1
35 53 0000000 a
46 64 0000110 2
57 75 0000000 a
60 06 0000010 1
71 17 1000000 1

03 30 0001000 1
14 41 0000000 a
25 52 0000000 a
36 63 0000000 a
47 74 0000010 1
50 05 0000000 a
61 16 1000000 1
72 27 1000010 2 match 5

04 40 0001010 2
15 51 0000000 a
26 62 1000010 2 match 5
37 73 0000000 a

Matching output with AND
0 absent
1 absent
2 absent
3 45 54 56 65
4 absent
5 67 76 27 72 26 62
6 absent
7 absent

Left
none
Best: none

Right
none
Best: none

OR
01 10 1011010 4
12 21 1010011 4
23 32 1001011 4
34 43 0101111 5
45 54 0101110 4 match 2
56 65 1000110 3 match 4
67 76 1000110 3 match 4
70 07 1011010 4

02 20 1011011 5
13 31 1011001 4
24 42 1101111 6
35 53 0001101 3
46 64 1101110 5
57 75 1000110 3 match 4
60 06 1011110 5
71 17 1010010 3

03 30 0011011 4
14 41 1111110 6
25 52 1000111 4
36 63 1001111 5
47 74 1101110 5
50 05 0011110 4
61 16 1010110 4
72 27 1000011 3 match 0

04 40 0111110 5
15 51 1010100 3
26 62 1000111 4
37 73 1001011 4

Matching output with OR
0 27 72
1 absent
2 45 54
3 absent
4 56 65 67 76 57 75
5 absent
6 absent
7 absent

Left
27 30x
72 03x
Best: OR27: 1

Right
none
Best: none

XOR
01 10 1001010 3
12 21 0010011 3
23 32 1001010 3
34 43 0100111 4
45 54 0101010 3
56 65 1000010 2 match 5
67 76 0000100 1 match 3
70 07 1011000 3

02 20 1011001 4
13 31 1011001 4
24 42 1101101 5
35 53 0001101 3
46 64 1101000 3
57 75 1000110 3 match 4
60 06 1011100 4
71 17 0010010 2

03 30 0010011 3
14 41 1111110 6
25 52 1000111 4
36 63 1001111 5
47 74 1101100 4
50 05 0011110 4
61 16 0010110 3
72 27 0000001 1

04 40 0110100 3
15 51 1010100 3
26 62 0000101 2
37 73 1001011 4

Matching output with XOR
0 absent
1 absent
2 absent
3 67 76
4 57 75
5 56 65
6 absent
7 absent

Left
none
Best: none

Right
none
Best: none

AND-NOT
01 0001010 2
12 0010000 1
23 1000010 2 match 5
34 0000001 1
45 0101010 3
56 0000000 a
67 0000100 1 match 3
70 1000000 1

02 0011000 2
13 1010000 2 match 7
24 1000001 2
35 0001001 2 match 1
46 0101000 2
57 0000100 1 match 3
60 1000100 2
71 0000010 1

03 0010010 2
14 1010000 2 match 7
25 1000011 3 match 0
36 0001001 2 match 1
47 0101100 3
50 0000100 1 match 3
61 0000110 2
72 0000000 a

04 0010000 1
15 1010000 2 match 7
26 0000001 1
37 0001001 2 match 1
40 0100100 2
51 0000100 1 match 3
62 0000100 1 match 3
73 1000010 2 match 5

05 0011010 3 match 6
16 0010000 1
27 0000001 1
30 0000001 1
41 0101110 4 match 2
52 0000100 1 match 3
63 1000110 3 match 4
74 1000000 1

06 0011000 2
17 0010000 1
20 1000001 2
31 0001001 2 match 1
42 0101100 3
53 0000100 1 match 3
64 1000000 1
75 1000010 2 match 5

07 0011000 2
10 1000000 1
21 0000011 2
32 0001000 1
43 0100110 3
54 0000000 a
65 1000010 2 match 5
76 0000000 a

Matching output with AND-NOT
0 25
1 35 36 37 31
2 41
3 67 57 50 51 62 52 53
4 63
5 23 73 75 65
6 05
7 13 14 15

Left
25 36 47x
Best: AND-NOT25 AND-NOT36: 2

Right
13 02x
14 03x
15 04x
Best: AND-NOT13: 1

OR-NOT
01 0111111 6
12 1111100 5
23 1110111 6
34 1011001 4
45 1111111 a
56 0111101 5
67 1111111 a
70 1100111 5

02 0111110 5
13 1110110 5
24 1010011 4
35 1111011 6
46 0111111 6
57 0111101 5
60 1100111 5
71 1101111 6

03 1111110 6
14 1010001 3
25 1111011 6
36 0111001 4
47 0111111 6
50 1100101 4
61 1101111 6
72 1111110 6

04 1011011 5
15 1111011 6
26 1111011 6
37 0111101 5
40 1101111 6
51 0101111 5
62 1111110 6
73 1110110 5

05 1111011 6
16 1111001 5
27 1111111 a
30 1101101 5
41 0101111 5
52 0111100 4
63 1110110 5
74 1010011 4

06 0111011 5
17 1111101 6
20 1100111 5
31 0101111 5
42 0111110 5
53 1110110 5
64 1010111 5
75 1111011 6

07 0111111 6
10 1110101 5
21 1101111 6
32 0111101 5
43 1111110 6
54 1010101 4
65 1111111 a
76 1111011 6

Matching output with OR-NOT
0 absent
1 absent
2 absent
3 absent
4 absent
5 absent
6 absent
7 absent

Left
none
Best: none

Right
none
Best: none

XOR-NOT
01 0110101 4
12 1101100 4
23 0110101 4
34 1011000 3
45 1010101 4
56 0111101 5
67 1111011 6
70 0100111 4

02 0100110 3
13 0100110 3
24 0010010 2
35 1110010 4
46 0010111 4
57 0111001 4
60 0100011 3
71 1101101 5

03 1101100 4
14 0000001 1
25 0111000 3
36 0110000 2
47 0010011 3
50 1100001 3
61 1101001 4
72 1111110 6

04 1001011 4
15 0101011 4
26 1111010 5
37 0110100 3
40 1001011 4
51 0101011 4
62 1111010 5
73 0110100 3

05 1100001 3
16 1101001 4
27 1111110 6
30 1101100 4
41 0000001 1
52 0111000 3
63 0110000 2
74 0010011 3

06 0100011 3
17 1101101 5
20 0100110 3
31 0100110 3
42 0010010 2
53 1110010 4
64 0010111 4
75 0111001 4

07 0100111 4
10 0110101 4
21 1101100 4
32 0110101 4
43 1011000 3
54 1010101 4
65 0111101 5
76 1111011 6

Matching output with XOR-NOT
0 absent
1 absent
2 absent
3 absent
4 absent
5 absent
6 absent
7 absent

Left
none
Best: none

Right
none
Best: none

Selecting

Lefts
Identity I2 I3 I4 I5 I6 I7 I0 I1: 8
NOT none
Constant none
AND none
OR OR27: 1
XOR none
AND-NOT AND-NOT25 AND-NOT36: 2
OR-NOT none
XOR-NOT none

Rights
Identity I1 I0 I7 I6 I5 I4 I3 I2: 8
NOT none
Constant none
AND none
OR none
XOR none
AND-NOT AND-NOT13: 1
OR-NOT none
XOR-NOT none

Left longest: 8
Right longest: 8

Left winner: Identity yes, NOT no, Constant no, AND no, OR no, XOR no, AND-NOT no, OR-NOT no, XOR-NOT no
Right winner: Identity yes, NOT no, Constant no, AND no, OR no, XOR no, AND-NOT no, OR-NOT no, XOR-NOT no

Best left: I2 I3 I4 I5 I6 I7 I0 I1: 8
Best right: I1 I0 I7 I6 I5 I4 I3 I2: 8

Truncated left: I2 I3 I4 I5 I6 I7 I0 I1: 8
Truncated right: none

Tentative from right
7 pending
6 pending
5 pending
4 pending
3 pending
2 pending
1 pending
0 pending

Tentative
0 I2
1 I3
2 I4
3 I5
4 I6
5 I7
6 I0
7 I1

Preferred from left
0 I2
1 I3
2 I4
3 I5
4 I6
5 I7
6 I0
7 I1

Preferred
0 I2
1 I3
2 I4
3 I5
4 I6
5 I7
6 I0
7 I1

Matching
0 I2
1 I3
2 I4
3 I5
4 I6
5 I7
6 I0
7 I1

Perfect match
Identity no
NOT no
Constant no
AND no
OR no
XOR no
AND-NOT no
OR-NOT no
XOR-NOT no

Matched
0 I2
1 I3
2 I4
3 I5
4 I6
5 I7
6 I0
7 I1

Selected
0 I2
1 I3
2 I4
3 I5
4 I6
5 I7
6 I0
7 I1

Applying to 00100100
Input
0 0
1 0
2 1
3 0
4 0
5 1
6 0
7 0
Output
0 I2 = 1
1 I3 = 0
2 I4 = 0
3 I5 = 1
4 I6 = 0
5 I7 = 0
6 I0 = 0
7 I1 = 0

I will now return the answer in \boxed{}
The answer in \boxed is
\boxed{10010000}
</think>
\boxed{10010000}