We need to deduce the transformation by matching the example outputs.

Output 1: 10100000
0 1
1 0
2 1
3 0
4 0
5 0
6 0
7 0

Output 2: 01100000
0 0
1 1
2 1
3 0
4 0
5 0
6 0
7 0

Output 3: 00000001
0 0
1 0
2 0
3 0
4 0
5 0
6 0
7 1

Output 4: 00000000
0 0
1 0
2 0
3 0
4 0
5 0
6 0
7 0

Output 5: 10000001
0 1
1 0
2 0
3 0
4 0
5 0
6 0
7 1

Output 6: 11000001
0 1
1 1
2 0
3 0
4 0
5 0
6 0
7 1

Output 7: 00000000
0 0
1 0
2 0
3 0
4 0
5 0
6 0
7 0

Output 8: 11100000
0 1
1 1
2 1
3 0
4 0
5 0
6 0
7 0

Output bit columns (with bitsum as hash)
0 10001101 4
1 01000101 3
2 11000001 3
3 00000000 a
4 00000000 a
5 00000000 a
6 00000000 a
7 00101100 3

Input 1: 00101101
0 0
1 0
2 1
3 0
4 1
5 1
6 0
7 1

Input 2: 00001011
0 0
1 0
2 0
3 0
4 1
5 0
6 1
7 1

Input 3: 11011000
0 1
1 1
2 0
3 1
4 1
5 0
6 0
7 0

Input 4: 00111000
0 0
1 0
2 1
3 1
4 1
5 0
6 0
7 0

Input 5: 11110100
0 1
1 1
2 1
3 1
4 0
5 1
6 0
7 0

Input 6: 10001110
0 1
1 0
2 0
3 0
4 1
5 1
6 1
7 0

Input 7: 01001000
0 0
1 1
2 0
3 0
4 1
5 0
6 0
7 0

Input 8: 00101111
0 0
1 0
2 1
3 0
4 1
5 1
6 1
7 1

Identity
0 00101100 3 match 7
1 00101010 3
2 10011001 4
3 00111000 3
4 11110111 7
5 10001101 4 match 0
6 01000101 3 match 1
7 11000001 3 match 2

Matching output with Identity
0 5
1 6
2 7
3 absent
4 absent
5 absent
6 absent
7 0

Left
5 6 7 0x
Best: I5 I6 I7: 3

Right
0 7x
Best: I0: 1

NOT
0 11010011 5
1 11010101 5
2 01100110 4
3 11000111 5
4 00001000 1
5 01110010 4
6 10111010 5
7 00111110 5

Matching output with NOT
0 absent
1 absent
2 absent
3 absent
4 absent
5 absent
6 absent
7 absent

Left
none
Best: none

Right
none
Best: none

Constant
0 00000000 a match 3 4 5 6
1 11111111 a

Matching output with Constant
0 absent
1 absent
2 absent
3 C0
4 C0
5 C0
6 C0
7 absent

Left
none
Best: none

Right
none
Best: none

AND
01 10 00101000 2
12 21 00001000 1
23 32 00011000 2
34 43 00110000 2
45 54 10000101 3
56 65 00000101 2
67 76 01000001 2
70 07 00000000 a match 3 4 5 6

02 20 00001000 1
13 31 00101000 2
24 42 10010001 3
35 53 00001000 1
46 64 01000101 3 match 1
57 75 10000001 2
60 06 00000100 1
71 17 00000000 a match 3 4 5 6

03 30 00101000 2
14 41 00100010 2
25 52 10001001 3
36 63 00000000 a match 3 4 5 6
47 74 11000001 3 match 2
50 05 00001100 2
61 16 00000000 a match 3 4 5 6
72 27 10000001 2

04 40 00100100 2
15 51 00001000 1
26 62 00000001 1
37 73 00000000 a match 3 4 5 6

Matching output with AND
0 absent
1 46 64
2 47 74
3 07 70 17 71 36 63 16 61 37 73
4 07 70 17 71 36 63 16 61 37 73
5 07 70 17 71 36 63 16 61 37 73
6 07 70 17 71 36 63 16 61 37 73
7 absent

Left
none
Best: none

Right
none
Best: none

OR
01 10 00101110 4
12 21 10111011 6
23 32 10111001 5
34 43 11111111 a
45 54 11111111 a
56 65 11001101 5
67 76 11000101 4
70 07 11101101 6

02 20 10111101 6
13 31 00111010 4
24 42 11111111 a
35 53 10111101 6
46 64 11110111 7
57 75 11001101 5
60 06 01101101 5
71 17 11101011 6

03 30 00111100 4
14 41 11111111 a
25 52 10011101 5
36 63 01111101 6
47 74 11110111 7
50 05 10101101 5
61 16 01101111 6
72 27 11011001 5

04 40 11111111 a
15 51 10101111 6
26 62 11011101 6
37 73 11111001 6

Matching output with OR
0 absent
1 absent
2 absent
3 absent
4 absent
5 absent
6 absent
7 absent

Left
none
Best: none

Right
none
Best: none

XOR
01 10 00000110 2
12 21 10110011 5
23 32 10100001 3
34 43 11001111 6
45 54 01111010 5
56 65 11001000 3
67 76 10000100 2
70 07 11101101 6

02 20 10110101 5
13 31 00010010 2
24 42 01101110 5
35 53 10110101 5
46 64 10110010 4
57 75 01001100 3
60 06 01101001 4
71 17 11101011 6

03 30 00010100 2
14 41 11011101 6
25 52 00010100 2
36 63 01111101 6
47 74 00110110 4
50 05 10100001 3
61 16 01101111 6
72 27 01011000 3

04 40 11011011 6
15 51 10100111 5
26 62 11011100 5
37 73 11111001 6

Matching output with XOR
0 absent
1 absent
2 absent
3 absent
4 absent
5 absent
6 absent
7 absent

Left
none
Best: none

Right
none
Best: none

AND-NOT
01 00000100 1
12 00100010 2
23 10000001 2
34 00001000 1
45 01110010 4
56 10001000 2
67 00000100 1
70 11000001 3 match 2

02 00100100 2
13 00000010 1
24 00001000 1
35 00110000 2
46 10110010 4
57 00001100 2
60 01000001 2
71 11000001 3 match 2

03 00000100 1
14 00001000 1
25 00010000 1
36 00111000 3
47 00110110 4
50 10000001 2
61 01000101 3 match 1
72 01000000 1

04 00001000 1
15 00100010 2
26 10011000 3
37 00111000 3
40 11010011 5
51 10000101 3
62 01000100 2
73 11000001 3 match 2

05 00100000 1
16 00101010 3
27 00011000 2
30 00010000 1
41 11010101 5
52 00000100 1
63 01000101 3 match 1
74 00000000 a match 3 4 5 6

06 00101000 2
17 00101010 3
20 10010001 3
31 00010000 1
42 01100110 4
53 10000101 3
64 00000000 a match 3 4 5 6
75 01000000 1

07 00101100 3 match 7
10 00000010 1
21 10010001 3
32 00100000 1
43 11000111 5
54 00001000 1
65 01000000 1
76 10000000 1

Matching output with AND-NOT
0 absent
1 61 63
2 70 71 73
3 74 64
4 74 64
5 74 64
6 74 64
7 07

Left
none
Best: none

Right
07 76x
Best: AND-NOT07: 1

OR-NOT
01 11111101 7
12 01101110 5
23 11011111 7
34 00111000 3
45 11110111 7
56 10111111 7
67 01111111 7
70 11010011 5

02 01101110 5
13 11101111 7
24 10011001 4
35 01111010 5
46 11111111 a
57 10111111 7
60 11010111 6
71 11010101 5

03 11101111 7
14 00101010 3
25 11111011 7
36 10111010 5
47 11111111 a
50 11011111 7
61 11010101 5
72 11100111 6

04 00101100 3 match 7
15 01111010 5
26 10111011 6
37 00111110 5
40 11110111 7
51 11011101 6
62 01100111 5
73 11000111 5

05 01111110 6
16 10111010 5
27 10111111 7
30 11111011 7
41 11110111 7
52 11101111 7
63 11000111 5
74 11001001 4

06 10111110 6
17 00111110 5
20 11011011 6
31 11111101 7
42 11110111 7
53 11001111 6
64 01001101 4
75 11110011 6

07 00111110 5
10 11111011 7
21 11011101 6
32 01111110 6
43 11110111 7
54 10001101 4 match 0
65 01110111 6
76 11111011 7

Matching output with OR-NOT
0 54
1 absent
2 absent
3 absent
4 absent
5 absent
6 absent
7 04

Left
54 65x
Best: OR-NOT54: 1

Right
04 73x
Best: OR-NOT04: 1

XOR-NOT
01 11111001 6
12 01001100 3
23 01011110 5
34 00110000 2
45 10000101 3
56 00110111 5
67 01111011 6
70 00010010 2

02 01001010 3
13 11101101 6
24 10010001 3
35 01001010 3
46 01001101 4
57 10110011 5
60 10010110 4
71 00010100 2

03 11101011 6
14 00100010 2
25 11101011 6
36 10000010 2
47 11001001 4
50 01011110 5
61 10010000 2
72 10100111 5

04 00100100 2
15 01011000 3
26 00100011 3
37 00000110 2
40 00100100 2
51 01011000 3
62 00100011 3
73 00000110 2

05 01011110 5
16 10010000 2
27 10100111 5
30 11101011 6
41 00100010 2
52 11101011 6
63 10000010 2
74 11001001 4

06 10010110 4
17 00010100 2
20 01001010 3
31 11101101 6
42 10010001 3
53 01001010 3
64 01001101 4
75 10110011 5

07 00010010 2
10 11111001 6
21 01001100 3
32 01011110 5
43 00110000 2
54 10000101 3
65 00110111 5
76 01111011 6

Matching output with XOR-NOT
0 absent
1 absent
2 absent
3 absent
4 absent
5 absent
6 absent
7 absent

Left
none
Best: none

Right
none
Best: none

Selecting

Lefts
Identity I5 I6 I7: 3
NOT none
Constant none
AND none
OR none
XOR none
AND-NOT none
OR-NOT OR-NOT54: 1
XOR-NOT none

Rights
Identity I0: 1
NOT none
Constant none
AND none
OR none
XOR none
AND-NOT AND-NOT07: 1
OR-NOT OR-NOT04: 1
XOR-NOT none

Left longest: 3
Right longest: 1

Left winner: Identity yes, NOT no, Constant no, AND no, OR no, XOR no, AND-NOT no, OR-NOT no, XOR-NOT no
Right winner: Identity yes, NOT no, Constant no, AND no, OR no, XOR no, AND-NOT no, OR-NOT no, XOR-NOT no

Best left: I5 I6 I7: 3
Best right: I0: 1

Truncated left: I5 I6 I7: 3
Truncated right: I0: 1

Tentative from right
7 I0
6 pending
5 pending
4 pending
3 pending
2 pending
1 pending
0 pending

Tentative
0 I5
1 I6
2 I7
3 pending
4 pending
5 pending
6 pending
7 I0

Preferred from left
0 I5
1 I6
2 I7
3 ?0?
4 ?1?
5 ?2?
6 ?3?
7 I0

Preferred
0 I5
1 I6
2 I7
3 ?04
4 ?15
5 ?26
6 ?37
7 I0

Matching
0 I5
1 I6
2 I7
3 ?04 - Identity absent, NOT absent, Constant C0, AND absent, OR absent, XOR absent, AND-NOT absent, OR-NOT absent, XOR-NOT absent
4 ?15 - Identity absent, NOT absent, Constant C0, AND absent, OR absent, XOR absent, AND-NOT absent, OR-NOT absent, XOR-NOT absent
5 ?26 - Identity absent, NOT absent, Constant C0, AND absent, OR absent, XOR absent, AND-NOT absent, OR-NOT absent, XOR-NOT absent
6 ?37 - Identity absent, NOT absent, Constant C0, AND37, OR absent, XOR absent, AND-NOT absent, OR-NOT absent, XOR-NOT absent
7 I0

Perfect match
Identity no
NOT no
Constant yes
AND no
OR no
XOR no
AND-NOT no
OR-NOT no
XOR-NOT no

Matched
0 I5
1 I6
2 I7
3 C0
4 C0
5 C0
6 C0
7 I0

Selected
0 I5
1 I6
2 I7
3 C0
4 C0
5 C0
6 C0
7 I0

Applying to 01110011
Input
0 0
1 1
2 1
3 1
4 0
5 0
6 1
7 1
Output
0 I5 = 0
1 I6 = 1
2 I7 = 1
3 C0 = 0
4 C0 = 0
5 C0 = 0
6 C0 = 0
7 I0 = 0

I will now return the answer in \boxed{}
The answer in \boxed is
\boxed{01100000}
</think>
\boxed{01100000}