We need to deduce the transformation by matching the example outputs.

Output 1: 00000011
0 0
1 0
2 0
3 0
4 0
5 0
6 1
7 1

Output 2: 00000011
0 0
1 0
2 0
3 0
4 0
5 0
6 1
7 1

Output 3: 00000001
0 0
1 0
2 0
3 0
4 0
5 0
6 0
7 1

Output 4: 00000010
0 0
1 0
2 0
3 0
4 0
5 0
6 1
7 0

Output 5: 00000010
0 0
1 0
2 0
3 0
4 0
5 0
6 1
7 0

Output 6: 00000010
0 0
1 0
2 0
3 0
4 0
5 0
6 1
7 0

Output 7: 00000000
0 0
1 0
2 0
3 0
4 0
5 0
6 0
7 0

Output 8: 00000011
0 0
1 0
2 0
3 0
4 0
5 0
6 1
7 1

Output 9: 00000001
0 0
1 0
2 0
3 0
4 0
5 0
6 0
7 1

Output 10: 00000001
0 0
1 0
2 0
3 0
4 0
5 0
6 0
7 1

Output bit columns (with bitsum as hash)
0 0000000000 a
1 0000000000 a
2 0000000000 a
3 0000000000 a
4 0000000000 a
5 0000000000 a
6 1101110100 6
7 1110000111 6

Input 1: 11000011
0 1
1 1
2 0
3 0
4 0
5 0
6 1
7 1

Input 2: 11100101
0 1
1 1
2 1
3 0
4 0
5 1
6 0
7 1

Input 3: 01010010
0 0
1 1
2 0
3 1
4 0
5 0
6 1
7 0

Input 4: 10100111
0 1
1 0
2 1
3 0
4 0
5 1
6 1
7 1

Input 5: 10010000
0 1
1 0
2 0
3 1
4 0
5 0
6 0
7 0

Input 6: 10011110
0 1
1 0
2 0
3 1
4 1
5 1
6 1
7 0

Input 7: 00110101
0 0
1 0
2 1
3 1
4 0
5 1
6 0
7 1

Input 8: 11100001
0 1
1 1
2 1
3 0
4 0
5 0
6 0
7 1

Input 9: 01010100
0 0
1 1
2 0
3 1
4 0
5 1
6 0
7 0

Input 10: 01000101
0 0
1 1
2 0
3 0
4 0
5 1
6 0
7 1

Identity
0 1101110100 6 match 6
1 1110000111 6 match 7
2 0101001100 4
3 0010111010 5
4 0000010000 1
5 0101011011 6
6 1011010000 4
7 1101001101 6

Matching output with Identity
0 absent
1 absent
2 absent
3 absent
4 absent
5 absent
6 0
7 1

Left
none
Best: none

Right
1 0 7x
Best: I1 I0: 2

NOT
0 0010001011 4
1 0001111000 4
2 1010110011 6
3 1101000101 5
4 1111101111 9
5 1010100100 4
6 0100101111 6
7 0010110010 4

Matching output with NOT
0 absent
1 absent
2 absent
3 absent
4 absent
5 absent
6 absent
7 absent

Left
none
Best: none

Right
none
Best: none

Constant
0 0000000000 a match 0 1 2 3 4 5
1 1111111111 a

Matching output with Constant
0 C0
1 C0
2 C0
3 C0
4 C0
5 C0
6 absent
7 absent

Left
0 0 0 0 0 0
Best: C0 C0 C0 C0 C0 C0: 6

Right
none
Best: none

AND
01 10 1100000100 3
12 21 0100000100 2
23 32 0000001000 1
34 43 0000010000 1
45 54 0000010000 1
56 65 0001010000 2
67 76 1001000000 2
70 07 1101000100 4

02 20 0101000100 3
13 31 0010000010 2
24 42 0000000000 a match 0 1 2 3 4 5
35 53 0000011010 3
46 64 0000010000 1
57 75 0101001001 4
60 06 1001010000 3
71 17 1100000101 4

03 30 0000110000 2
14 41 0000000000 a match 0 1 2 3 4 5
25 52 0101001000 3
36 63 0010010000 2
47 74 0000000000 a match 0 1 2 3 4 5
50 05 0101010000 3
61 16 1010000000 2
72 27 0101001100 4

04 40 0000010000 1
15 51 0100000011 3
26 62 0001000000 1
37 73 0000001000 1

Matching output with AND
0 24 42 14 41 47 74
1 24 42 14 41 47 74
2 24 42 14 41 47 74
3 24 42 14 41 47 74
4 24 42 14 41 47 74
5 24 42 14 41 47 74
6 absent
7 absent

Left
24 35x
42 53x
14 25x
41 52x
47 50x
74 05x
Best: AND24: 1

Right
none
Best: none

OR
01 10 1111110111 9
12 21 1111001111 8
23 32 0111111110 8
34 43 0010111010 5
45 54 0101011011 6
56 65 1111011011 8
67 76 1111011101 8
70 07 1101111101 8

02 20 1101111100 7
13 31 1110111111 9
24 42 0101011100 5
35 53 0111111011 8
46 64 1011010000 4
57 75 1101011111 8
60 06 1111110100 7
71 17 1111001111 8

03 30 1111111110 9
14 41 1110010111 7
25 52 0101011111 7
36 63 1011111010 7
47 74 1101011101 7
50 05 1101111111 9
61 16 1111010111 8
72 27 1101001101 6

04 40 1101110100 6 match 6
15 51 1111011111 9
26 62 1111011100 7
37 73 1111111111 a

Matching output with OR
0 absent
1 absent
2 absent
3 absent
4 absent
5 absent
6 04 40
7 absent

Left
none
Best: none

Right
none
Best: none

XOR
01 10 0011110011 6
12 21 1011001011 6
23 32 0111110110 7
34 43 0010101010 4
45 54 0101001011 5
56 65 1110001011 6
67 76 0110011101 6
70 07 0000111001 4

02 20 1000111000 4
13 31 1100111101 7
24 42 0101011100 5
35 53 0111100001 5
46 64 1011000000 3
57 75 1000010110 4
60 06 0110100100 4
71 17 0011001010 4

03 30 1111001110 7
14 41 1110010111 7
25 52 0000010111 4
36 63 1001101010 5
47 74 1101011101 7
50 05 1000101111 6
61 16 0101010111 6
72 27 1000000001 2

04 40 1101100100 5
15 51 1011011100 6
26 62 1110011100 6
37 73 1111110111 9

Matching output with XOR
0 absent
1 absent
2 absent
3 absent
4 absent
5 absent
6 absent
7 absent

Left
none
Best: none

Right
none
Best: none

AND-NOT
01 0001110000 3
12 1010000011 4
23 0101000100 3
34 0010101010 4
45 0000000000 a match 0 1 2 3 4 5
56 0100001011 4
67 0010010000 2
70 0000001001 2

02 1000110000 3
13 1100000101 4
24 0101001100 4
35 0010100000 2
46 0000000000 a match 0 1 2 3 4 5
57 0000010010 2
60 0010000000 1
71 0001001000 2

03 1101000100 4
14 1110000111 6 match 7
25 0000000100 1
36 0000101010 3
47 0000010000 1
50 0000001011 3
61 0001010000 2
72 1000000001 2

04 1101100100 5
15 1010000100 3
26 0100001100 3
37 0010110010 4
40 0000000000 a match 0 1 2 3 4 5
51 0001011000 3
62 1010010000 3
73 1101000101 5

05 1000100100 3
16 0100000111 4
27 0000000000 a match 0 1 2 3 4 5
30 0010001010 3
41 0000010000 1
52 0000010011 3
63 1001000000 2
74 1101001101 6

06 0100100100 3
17 0010000010 2
20 0000001000 1
31 0000111000 3
42 0000010000 1
53 0101000001 3
64 1011000000 3
75 1000000100 2

07 0000110000 2
10 0010000011 3
21 0001001000 2
32 0010110010 4
43 0000000000 a match 0 1 2 3 4 5
54 0101001011 5
65 1010000000 2
76 0100001101 4

Matching output with AND-NOT
0 45 46 40 27 43
1 45 46 40 27 43
2 45 46 40 27 43
3 45 46 40 27 43
4 45 46 40 27 43
5 45 46 40 27 43
6 absent
7 14

Left
45 56x
46 57x
40 51x
27 30x
43 54x
Best: AND-NOT45: 1

Right
14 03x
Best: AND-NOT14: 1

OR-NOT
01 1101111100 7
12 1110110111 8
23 1101001101 6
34 1111111111 a
45 1010110100 5
56 0101111111 8
67 1011110010 6
70 1111001111 8

02 1111110111 9
13 1111000111 7
24 1111101111 9
35 1010111110 7
46 0100111111 7
57 0111111011 8
60 1011011011 7
71 1101111101 8

03 1101110101 7
14 1111101111 9
25 1111101100 7
36 0110111111 8
47 0010110010 4
50 0111011011 7
61 1011111000 6
72 1111111111 a

04 1111111111 a
15 1110100111 7
26 0101101111 7
37 0010111010 5
40 0010011011 5
51 0101111011 7
62 1011110011 7
73 1101001101 6

05 1111110100 7
16 1110101111 8
27 0111111110 8
30 0010111011 6
41 0001111000 4
52 1111111011 9
63 1111010101 7
74 1111101111 9

06 1101111111 9
17 1110110111 8
20 0111001111 7
31 0011111010 6
42 1010110011 6
53 1101011111 8
64 1111111111 a
75 1111101101 8

07 1111110110 8
10 1110001111 7
21 0101111100 6
32 1010111011 7
43 1101010101 6
54 1111111111 a
65 1011110100 6
76 1101101111 8

Matching output with OR-NOT
0 absent
1 absent
2 absent
3 absent
4 absent
5 absent
6 absent
7 absent

Left
none
Best: none

Right
none
Best: none

XOR-NOT
01 1100001100 4
12 0100110100 4
23 1000001001 3
34 1101010101 6
45 1010110100 5
56 0001110100 4
67 1001100010 4
70 1111000110 6

02 0111000111 6
13 0011000010 3
24 1010100011 5
35 1000011110 5
46 0100111111 7
57 0111101001 6
60 1001011011 6
71 1100110101 6

03 0000110001 3
14 0001101000 3
25 1111101000 6
36 0110010101 5
47 0010100010 3
50 0111010000 4
61 1010101000 4
72 0111111110 8

04 0010011011 5
15 0100100011 4
26 0001100011 4
37 0000001000 1
40 0010011011 5
51 0100100011 4
62 0001100011 4
73 0000001000 1

05 0111010000 4
16 1010101000 4
27 0111111110 8
30 0000110001 3
41 0001101000 3
52 1111101000 6
63 0110010101 5
74 0010100010 3

06 1001011011 6
17 1100110101 6
20 0111000111 6
31 0011000010 3
42 1010100011 5
53 1000011110 5
64 0100111111 7
75 0111101001 6

07 1111000110 6
10 1100001100 4
21 0100110100 4
32 1000001001 3
43 1101010101 6
54 1010110100 5
65 0001110100 4
76 1001100010 4

Matching output with XOR-NOT
0 absent
1 absent
2 absent
3 absent
4 absent
5 absent
6 absent
7 absent

Left
none
Best: none

Right
none
Best: none

Selecting

Lefts
Identity none
NOT none
Constant C0 C0 C0 C0 C0 C0: 6
AND AND24: 1
OR none
XOR none
AND-NOT AND-NOT45: 1
OR-NOT none
XOR-NOT none

Rights
Identity I1 I0: 2
NOT none
Constant none
AND none
OR none
XOR none
AND-NOT AND-NOT14: 1
OR-NOT none
XOR-NOT none

Left longest: 6
Right longest: 2

Left winner: Identity no, NOT no, Constant yes, AND no, OR no, XOR no, AND-NOT no, OR-NOT no, XOR-NOT no
Right winner: Identity yes, NOT no, Constant no, AND no, OR no, XOR no, AND-NOT no, OR-NOT no, XOR-NOT no

Best left: C0 C0 C0 C0 C0 C0: 6
Best right: I1 I0: 2

Truncated left: C0 C0 C0 C0 C0 C0: 6
Truncated right: I1 I0: 2

Tentative from right
7 I1
6 I0
5 pending
4 pending
3 pending
2 pending
1 pending
0 pending

Tentative
0 C0
1 C0
2 C0
3 C0
4 C0
5 C0
6 I0
7 I1

Preferred from left
0 C0
1 C0
2 C0
3 C0
4 C0
5 C0
6 I0
7 I1

Preferred
0 C0
1 C0
2 C0
3 C0
4 C0
5 C0
6 I0
7 I1

Matching
0 C0
1 C0
2 C0
3 C0
4 C0
5 C0
6 I0
7 I1

Perfect match
Identity no
NOT no
Constant no
AND no
OR no
XOR no
AND-NOT no
OR-NOT no
XOR-NOT no

Matched
0 C0
1 C0
2 C0
3 C0
4 C0
5 C0
6 I0
7 I1

Selected
0 C0
1 C0
2 C0
3 C0
4 C0
5 C0
6 I0
7 I1

Applying to 00011110
Input
0 0
1 0
2 0
3 1
4 1
5 1
6 1
7 0
Output
0 C0 = 0
1 C0 = 0
2 C0 = 0
3 C0 = 0
4 C0 = 0
5 C0 = 0
6 I0 = 0
7 I1 = 0

I will now return the answer in \boxed{}
The answer in \boxed is
\boxed{00000000}
</think>
\boxed{00000000}