We need to deduce the transformation by matching the example outputs.

Output 1: 00011100
0 0
1 0
2 0
3 1
4 1
5 1
6 0
7 0

Output 2: 00010100
0 0
1 0
2 0
3 1
4 0
5 1
6 0
7 0

Output 3: 00001011
0 0
1 0
2 0
3 0
4 1
5 0
6 1
7 1

Output 4: 00111001
0 0
1 0
2 1
3 1
4 1
5 0
6 0
7 1

Output 5: 00011110
0 0
1 0
2 0
3 1
4 1
5 1
6 1
7 0

Output 6: 00001111
0 0
1 0
2 0
3 0
4 1
5 1
6 1
7 1

Output 7: 00001001
0 0
1 0
2 0
3 0
4 1
5 0
6 0
7 1

Output 8: 00000000
0 0
1 0
2 0
3 0
4 0
5 0
6 0
7 0

Output 9: 01011001
0 0
1 1
2 0
3 1
4 1
5 0
6 0
7 1

Output 10: 00011110
0 0
1 0
2 0
3 1
4 1
5 1
6 1
7 0

Output bit columns (with bitsum as hash)
0 0000000000 a
1 0000000010 1
2 0001000000 1
3 1101100011 6
4 1011111011 8
5 1100110001 5
6 0010110001 4
7 0011011010 5

Input 1: 00101110
0 0
1 0
2 1
3 0
4 1
5 1
6 1
7 0

Input 2: 00001010
0 0
1 0
2 0
3 0
4 1
5 0
6 1
7 0

Input 3: 10000101
0 1
1 0
2 0
3 0
4 0
5 1
6 0
7 1

Input 4: 11011100
0 1
1 1
2 0
3 1
4 1
5 1
6 0
7 0

Input 5: 00101111
0 0
1 0
2 1
3 0
4 1
5 1
6 1
7 1

Input 6: 11110111
0 1
1 1
2 1
3 1
4 0
5 1
6 1
7 1

Input 7: 10000100
0 1
1 0
2 0
3 0
4 0
5 1
6 0
7 0

Input 8: 00000000
0 0
1 0
2 0
3 0
4 0
5 0
6 0
7 0

Input 9: 10101100
0 1
1 0
2 1
3 0
4 1
5 1
6 0
7 0

Input 10: 01011111
0 0
1 1
2 0
3 1
4 1
5 1
6 1
7 1

Identity
0 0011011010 5 match 7
1 0001010001 3
2 1000110010 4
3 0001010001 3
4 1101100011 6 match 3
5 1011111011 8 match 4
6 1100110001 5 match 5
7 0010110001 4 match 6

Matching output with Identity
0 absent
1 absent
2 absent
3 4
4 5
5 6
6 7
7 0

Left
none
Best: none

Right
0 7 6 5 4 3x
Best: I0 I7 I6 I5 I4: 5

NOT
0 1100100101 5
1 1110101110 7
2 0111001101 6
3 1110101110 7
4 0010011100 4
5 0100000100 2
6 0011001110 5
7 1101001110 6

Matching output with NOT
0 absent
1 absent
2 absent
3 absent
4 absent
5 absent
6 absent
7 absent

Left
none
Best: none

Right
none
Best: none

Constant
0 0000000000 a match 0
1 1111111111 a

Matching output with Constant
0 C0
1 absent
2 absent
3 absent
4 absent
5 absent
6 absent
7 absent

Left
0
Best: C0: 1

Right
none
Best: none

AND
01 10 0001010000 2
12 21 0000010000 1
23 32 0000010000 1
34 43 0001000001 2
45 54 1001100011 5
56 65 1000110001 4
67 76 0000110001 3
70 07 0010010000 2

02 20 0000010010 2
13 31 0001010001 3
24 42 1000100010 3
35 53 0001010001 3
46 64 1100100001 4
57 75 0010110001 4 match 6
60 06 0000010000 1
71 17 0000010001 2

03 30 0001010000 2
14 41 0001000001 2
25 52 1000110010 4
36 63 0000010001 2
47 74 0000100001 2
50 05 0011011010 5 match 7
61 16 0000010001 2
72 27 0000110000 2

04 40 0001000010 2
15 51 0001010001 3
26 62 1000110000 3
37 73 0000010001 2

Matching output with AND
0 absent
1 absent
2 absent
3 absent
4 absent
5 absent
6 57 75
7 05 50

Left
none
Best: none

Right
05 74x
50 47x
Best: AND05: 1

OR
01 10 0011011011 6
12 21 1001110011 6
23 32 1001110011 6
34 43 1101110011 7
45 54 1111111011 9
56 65 1111111011 9
67 76 1110110001 6
70 07 0011111011 7

02 20 1011111010 7
13 31 0001010001 3
24 42 1101110011 7
35 53 1011111011 8 match 4
46 64 1101110011 7
57 75 1011111011 8 match 4
60 06 1111111011 9
71 17 0011110001 5

03 30 0011011011 6
14 41 1101110011 7
25 52 1011111011 8 match 4
36 63 1101110001 6
47 74 1111110011 8
50 05 1011111011 8 match 4
61 16 1101110001 6
72 27 1010110011 6

04 40 1111111011 9
15 51 1011111011 8 match 4
26 62 1100110011 6
37 73 0011110001 5

Matching output with OR
0 absent
1 absent
2 absent
3 absent
4 35 53 57 75 25 52 05 50 15 51
5 absent
6 absent
7 absent

Left
none
Best: none

Right
none
Best: none

XOR
01 10 0010001011 4
12 21 1001100011 5
23 32 1001100011 5
34 43 1100110010 5
45 54 0110011000 4
56 65 0111001010 5
67 76 1110000000 3
70 07 0001101011 5

02 20 1011101000 5
13 31 0000000000 a match 0
24 42 0101010001 4
35 53 1010101010 5
46 64 0001010010 3
57 75 1001001010 4
60 06 1111101011 8
71 17 0011100000 3

03 30 0010001011 4
14 41 1100110010 5
25 52 0011001001 4
36 63 1101100000 4
47 74 1111010010 6
50 05 1000100001 3
61 16 1101100000 4
72 27 1010000011 4

04 40 1110111001 7
15 51 1010101010 5
26 62 0100000011 3
37 73 0011100000 3

Matching output with XOR
0 13 31
1 absent
2 absent
3 absent
4 absent
5 absent
6 absent
7 absent

Left
13 24x
31 42x
Best: XOR13: 1

Right
none
Best: none

AND-NOT
01 0010001010 3
12 0001000001 2
23 1000100010 3
34 0000010000 1
45 0100000000 1
56 0011001010 4
67 1100000000 2
70 0000100001 2

02 0011001000 3
13 0000000000 a match 0
24 0000010000 1
35 0000000000 a match 0
46 0001000010 2
57 1001001010 4
60 1100100001 4
71 0010100000 2

03 0010001010 3
14 0000010000 1
25 0000000000 a match 0
36 0001000000 1 match 2
47 1101000010 4
50 1000100001 3
61 1100100000 3
72 0010000001 2

04 0010011000 3
15 0000000000 a match 0
26 0000000010 1 match 1
37 0001000000 1 match 2
40 1100100001 4
51 1010101010 5
62 0100000001 2
73 0010100000 2

05 0000000000 a match 0
16 0001000000 1 match 2
27 1000000010 2
30 0000000001 1
41 1100100010 4
52 0011001001 4
63 1100100000 3
74 0010010000 2

06 0011001010 4
17 0001000000 1 match 2
20 1000100000 2
31 0000000000 a match 0
42 0101000001 3
53 1010101010 5
64 0000010000 1
75 0000000000 a match 0

07 0001001010 3
10 0000000001 1
21 1000100010 3
32 0001000001 2
43 1100100010 4
54 0010011000 3
65 0100000000 1
76 0010000000 1

Matching output with AND-NOT
0 13 35 25 15 05 31 75
1 26
2 36 37 16 17
3 absent
4 absent
5 absent
6 absent
7 absent

Left
13 24x
35 46x
25 36x
15 26 37 40x
05 16x
31 42x
75 06x
Best: AND-NOT15 AND-NOT26 AND-NOT37: 3

Right
none
Best: none

OR-NOT
01 1111111110 9
12 0111011101 7
23 1110111110 8
34 0011011101 6
45 1101100111 7
56 1011111111 9
67 1101111111 9
70 1110110101 7

02 0111011111 8
13 1111111111 a
24 1010111110 7
35 0101010101 5
46 1111101111 9
57 1111111111 a
60 1100110101 6
71 1110111111 9

03 1111111110 9
14 0011011101 6
25 1100110110 6
36 0011011111 7
47 1101101111 8
50 1111111111 a
61 1110111111 9
72 0111111101 8

04 0011011110 6
15 0101010101 5
26 1011111110 8
37 1101011111 8
40 1101100111 7
51 1111111111 a
62 1111111101 9
73 1110111111 9

05 0111011110 7
16 0011011111 7
27 1101111110 8
30 1101110101 7
41 1111101111 9
52 1111111111 a
63 1110111111 9
74 0010111101 6

06 0011011110 6
17 1101011111 8
20 1100110111 7
31 1111111111 a
42 1111101111 9
53 1111111111 a
64 1110111101 8
75 0110110101 6

07 1111011110 8
10 1101110101 7
21 1110111110 8
32 0111011101 7
43 1111101111 9
54 1011111111 9
65 1100110101 6
76 0011111111 8

Matching output with OR-NOT
0 absent
1 absent
2 absent
3 absent
4 absent
5 absent
6 absent
7 absent

Left
none
Best: none

Right
none
Best: none

XOR-NOT
01 1101110100 6
12 0110011100 5
23 0110011100 5
34 0011001101 5
45 1001100111 6
56 1000110101 5
67 0001111111 7
70 1110010100 5

02 0100010111 5
13 1111111111 a
24 1010101110 6
35 0101010101 5
46 1110101101 7
57 0110110101 6
60 0000010100 2
71 1100011111 7

03 1101110100 6
14 0011001101 5
25 1100110110 6
36 0010011111 6
47 0000101101 4
50 0111011110 7
61 0010011111 6
72 0101111100 6

04 0001000110 3
15 0101010101 5
26 1011111100 7
37 1100011111 7
40 0001000110 3
51 0101010101 5
62 1011111100 7
73 1100011111 7

05 0111011110 7
16 0010011111 6
27 0101111100 6
30 1101110100 6
41 0011001101 5
52 1100110110 6
63 0010011111 6
74 0000101101 4

06 0000010100 2
17 1100011111 7
20 0100010111 5
31 1111111111 a
42 1010101110 6
53 0101010101 5
64 1110101101 7
75 0110110101 6

07 1110010100 5
10 1101110100 6
21 0110011100 5
32 0110011100 5
43 0011001101 5
54 1001100111 6
65 1000110101 5
76 0001111111 7

Matching output with XOR-NOT
0 absent
1 absent
2 absent
3 absent
4 absent
5 absent
6 absent
7 absent

Left
none
Best: none

Right
none
Best: none

Selecting

Lefts
Identity none
NOT none
Constant C0: 1
AND none
OR none
XOR XOR13: 1
AND-NOT AND-NOT15 AND-NOT26 AND-NOT37: 3
OR-NOT none
XOR-NOT none

Rights
Identity I0 I7 I6 I5 I4: 5
NOT none
Constant none
AND AND05: 1
OR none
XOR none
AND-NOT none
OR-NOT none
XOR-NOT none

Left longest: 3
Right longest: 5

Right winner: Identity yes, NOT no, Constant no, AND no, OR no, XOR no, AND-NOT no, OR-NOT no, XOR-NOT no
Left winner: Identity no, NOT no, Constant no, AND no, OR no, XOR no, AND-NOT yes, OR-NOT no, XOR-NOT no

Best right: I0 I7 I6 I5 I4: 5
Best left: AND-NOT15 AND-NOT26 AND-NOT37: 3

Truncated right: I0 I7 I6 I5 I4: 5
Truncated left: AND-NOT15 AND-NOT26 AND-NOT37: 3

Tentative from right
7 I0
6 I7
5 I6
4 I5
3 I4
2 pending
1 pending
0 pending

Tentative
0 AND-NOT15
1 AND-NOT26
2 AND-NOT37
3 I4
4 I5
5 I6
6 I7
7 I0

Preferred from right
7 I0
6 I7
5 I6
4 I5
3 I4
2 AND-NOT37
1 AND-NOT26
0 AND-NOT15

Preferred
0 AND-NOT15
1 AND-NOT26
2 AND-NOT37
3 I4
4 I5
5 I6
6 I7
7 I0

Matching
0 AND-NOT15
1 AND-NOT26
2 AND-NOT37
3 I4
4 I5
5 I6
6 I7
7 I0

Perfect match
Identity no
NOT no
Constant no
AND no
OR no
XOR no
AND-NOT no
OR-NOT no
XOR-NOT no

Matched
0 AND-NOT15
1 AND-NOT26
2 AND-NOT37
3 I4
4 I5
5 I6
6 I7
7 I0

Selected
0 AND-NOT15
1 AND-NOT26
2 AND-NOT37
3 I4
4 I5
5 I6
6 I7
7 I0

Applying to 11010000
Input
0 1
1 1
2 0
3 1
4 0
5 0
6 0
7 0
Output
0 AND-NOT15 = AND(1,NOT(0)) = 1
1 AND-NOT26 = AND(0,NOT(0)) = 0
2 AND-NOT37 = AND(1,NOT(0)) = 1
3 I4 = 0
4 I5 = 0
5 I6 = 0
6 I7 = 0
7 I0 = 1

I will now return the answer in \boxed{}
The answer in \boxed is
\boxed{10100001}
</think>
\boxed{10100001}