We need to deduce the transformation by matching the example outputs.

Output 1: 00011111
0 0
1 0
2 0
3 1
4 1
5 1
6 1
7 1

Output 2: 10111101
0 1
1 0
2 1
3 1
4 1
5 1
6 0
7 1

Output 3: 01001111
0 0
1 1
2 0
3 0
4 1
5 1
6 1
7 1

Output 4: 10111111
0 1
1 0
2 1
3 1
4 1
5 1
6 1
7 1

Output 5: 00001111
0 0
1 0
2 0
3 0
4 1
5 1
6 1
7 1

Output 6: 11100110
0 1
1 1
2 1
3 0
4 0
5 1
6 1
7 0

Output 7: 01100111
0 0
1 1
2 1
3 0
4 0
5 1
6 1
7 1

Output 8: 00111011
0 0
1 0
2 1
3 1
4 1
5 0
6 1
7 1

Output 9: 10111101
0 1
1 0
2 1
3 1
4 1
5 1
6 0
7 1

Output 10: 10011101
0 1
1 0
2 0
3 1
4 1
5 1
6 0
7 1

Output bit columns (with bitsum as hash)
0 0101010011 5
1 0010011000 3
2 0101011110 6
3 1101000111 6
4 1111100111 8
5 1111111011 9
6 1011111100 7
7 1111101111 9

Input 1: 01110100
0 0
1 1
2 1
3 1
4 0
5 1
6 0
7 0

Input 2: 11000111
0 1
1 1
2 0
3 0
4 0
5 1
6 1
7 1

Input 3: 01110010
0 0
1 1
2 1
3 1
4 0
5 0
6 1
7 0

Input 4: 01111000
0 0
1 1
2 1
3 1
4 1
5 0
6 0
7 0

Input 5: 00001010
0 0
1 0
2 0
3 0
4 1
5 0
6 1
7 0

Input 6: 01100001
0 0
1 1
2 1
3 0
4 0
5 0
6 0
7 1

Input 7: 01110001
0 0
1 1
2 1
3 1
4 0
5 0
6 0
7 1

Input 8: 10110111
0 1
1 0
2 1
3 1
4 0
5 1
6 1
7 1

Input 9: 01011000
0 0
1 1
2 0
3 1
4 1
5 0
6 0
7 0

Input 10: 11000100
0 1
1 1
2 0
3 0
4 0
5 1
6 0
7 0

Identity
0 0100000101 3
1 1111011011 8
2 1011011100 6
3 1011001110 6
4 0001100010 3
5 1100000101 4
6 0110100100 4
7 0100011100 4

Matching output with Identity
0 absent
1 absent
2 absent
3 absent
4 absent
5 absent
6 absent
7 absent

Left
none
Best: none

Right
none
Best: none

NOT
0 1011111010 7
1 0000100100 2
2 0100100011 4
3 0100110001 4
4 1110011101 7
5 0011111010 6
6 1001011011 6
7 1011100011 6

Matching output with NOT
0 absent
1 absent
2 absent
3 absent
4 absent
5 absent
6 absent
7 absent

Left
none
Best: none

Right
none
Best: none

Constant
0 0000000000 a
1 1111111111 a

Matching output with Constant
0 absent
1 absent
2 absent
3 absent
4 absent
5 absent
6 absent
7 absent

Left
none
Best: none

Right
none
Best: none

AND
01 10 0100000001 2
12 21 1011011000 5
23 32 1011001100 5
34 43 0001000010 2
45 54 0000000000 a
56 65 0100000100 2
67 76 0100000100 2
70 07 0100000100 2

02 20 0000000100 1
13 31 1011001010 5
24 42 0001000000 1
35 53 1000000100 2
46 64 0000100000 1
57 75 0100000100 2
60 06 0100000100 2
71 17 0100011000 3

03 30 0000000100 1
14 41 0001000010 2
25 52 1000000100 2
36 63 0010000100 2
47 74 0000000000 a
50 05 0100000101 3
61 16 0110000000 2
72 27 0000011100 3

04 40 0000000000 a
15 51 1100000001 3
26 62 0010000100 2
37 73 0000001100 2

Matching output with AND
0 absent
1 absent
2 absent
3 absent
4 absent
5 absent
6 absent
7 absent

Left
none
Best: none

Right
none
Best: none

OR
01 10 1111011111 9
12 21 1111011111 9
23 32 1011011110 7
34 43 1011101110 7
45 54 1101100111 7
56 65 1110100101 6
67 76 0110111100 6
70 07 0100011101 5

02 20 1111011101 8
13 31 1111011111 9
24 42 1011111110 8
35 53 1111001111 8
46 64 0111100110 6
57 75 1100011101 6
60 06 0110100101 5
71 17 1111011111 9

03 30 1111001111 8
14 41 1111111011 9 match 5
25 52 1111011101 8
36 63 1111101110 8
47 74 0101111110 7
50 05 1100000101 4
61 16 1111111111 a
72 27 1111011100 7

04 40 0101100111 6
15 51 1111011111 9
26 62 1111111100 8
37 73 1111011110 8

Matching output with OR
0 absent
1 absent
2 absent
3 absent
4 absent
5 14 41
6 absent
7 absent

Left
none
Best: none

Right
none
Best: none

XOR
01 10 1011011110 7
12 21 0100000111 4
23 32 0000010010 2
34 43 1010101100 5
45 54 1101100111 7
56 65 1010100001 4
67 76 0010111000 4
70 07 0000011001 3

02 20 1111011001 7
13 31 0100010101 4
24 42 1010111110 7
35 53 0111001011 6
46 64 0111000110 5
57 75 1000011001 4
60 06 0010100001 3
71 17 1011000111 6

03 30 1111001011 7
14 41 1110111001 7
25 52 0111011001 6
36 63 1101101010 6
47 74 0101111110 7
50 05 1000000000 1
61 16 1001111111 8
72 27 1111000000 4

04 40 0101100111 6
15 51 0011011110 6
26 62 1101111000 6
37 73 1111010010 6

Matching output with XOR
0 absent
1 absent
2 absent
3 absent
4 absent
5 absent
6 absent
7 absent

Left
none
Best: none

Right
none
Best: none

AND-NOT
01 0000000100 1
12 0100000011 3
23 0000010000 1
34 1010001100 4
45 0001100010 3
56 1000000001 2
67 0010100000 2
70 0000011000 2

02 0100000001 2
13 0100010001 3
24 1010011100 5
35 0011001010 4
46 0001000010 2
57 1000000001 2
60 0010100000 2
71 0000000100 1

03 0100000001 2
14 1110011001 6
25 0011011000 4
36 1001001010 4
47 0001100010 3
50 1000000000 1
61 0000100100 2
72 0100000000 1

04 0100000101 3
15 0011011010 5
26 1001011000 4
37 1011000010 4
40 0001100010 3
51 0000000100 1
62 0100100000 2
73 0100010000 2

05 0000000000 a
16 1001011011 6
27 1011000000 3
30 1011001010 5
41 0000100000 1
52 0100000001 2
63 0100100000 2
74 0100011100 4

06 0000000001 1
17 1011000011 5
20 1011011000 5
31 0000000100 1
42 0000100010 2
53 0100000001 2
64 0110000100 3
75 0000011000 2

07 0000000001 1
10 1011011010 6
21 0000000100 1
32 0000000010 1
43 0000100000 1
54 1100000101 4
65 0010100000 2
76 0000011000 2

Matching output with AND-NOT
0 absent
1 absent
2 absent
3 absent
4 absent
5 absent
6 absent
7 absent

Left
none
Best: none

Right
none
Best: none

OR-NOT
01 0100100101 4
12 1111111011 9 match 5
23 1111111101 9
34 1111011111 9
45 0011111010 6
56 1101011111 8
67 1111100111 8 match 4
70 1111111110 9

02 0100100111 5
13 1111111011 9 match 5
24 1111011101 8
35 1011111110 8
46 1001111011 7
57 1111100111 8 match 4
60 1111111110 9
71 0100111100 5

03 0100110101 5
14 1111011111 9
25 1011111110 8
36 1011011111 8
47 1011100011 6
50 1111111111 a
61 0110100100 4
72 0100111111 7

04 1110011101 7
15 1111111011 9 match 5
26 1011011111 8
37 1011101111 8
40 1011111010 7
51 1100100101 5
62 0110100111 6
73 0100111101 6

05 0111111111 9
16 1111011011 8
27 1011111111 9
30 1011111110 8
41 0001100110 4
52 1100100111 6
63 0110110101 6
74 1110011101 7

06 1101011111 8
17 1111111011 9 match 5
20 1011111110 8
31 1011101110 7
42 0101100011 5
53 1100110101 6
64 1110111101 8
75 0111111110 8

07 1111100111 8 match 4
10 1111111011 9 match 5
21 1011111100 7 match 6
32 1111101111 9 match 7
43 0101110011 6
54 1110011101 7
65 0111111110 8
76 1101011111 8

Matching output with OR-NOT
0 absent
1 absent
2 absent
3 absent
4 67 57 07
5 12 13 15 17 10
6 21
7 32

Left
none
Best: none

Right
32 21 10 07 76x
Best: OR-NOT32 OR-NOT21 OR-NOT10 OR-NOT07: 4

XOR-NOT
01 0100100001 3
12 1011111000 6
23 1111101101 8
34 0101010011 5 match 0
45 0010011000 3 match 1
56 0101011110 6 match 2
67 1101000111 6 match 3
70 1111100110 7

02 0000100110 3
13 1011101010 6
24 0101000001 3
35 1000110100 4
46 1000111001 5
57 0111100110 6
60 1101011110 7
71 0100111000 4

03 0000110100 3
14 0001000110 3
25 1000100110 4
36 0010010101 4
47 1010000001 3
50 0111111111 9
61 0110000000 2
72 0000111111 6

04 1010011000 4
15 1100100001 4
26 0010000111 4
37 0000101101 4
40 1010011000 4
51 1100100001 4
62 0010000111 4
73 0000101101 4

05 0111111111 9
16 0110000000 2
27 0000111111 6
30 0000110100 3
41 0001000110 3
52 1000100110 4
63 0010010101 4
74 1010000001 3

06 1101011110 7
17 0100111000 4
20 0000100110 3
31 1011101010 6
42 0101000001 3
53 1000110100 4
64 1000111001 5
75 0111100110 6

07 1111100110 7
10 0100100001 3
21 1011111000 6
32 1111101101 8
43 0101010011 5 match 0
54 0010011000 3 match 1
65 0101011110 6 match 2
76 1101000111 6 match 3

Matching output with XOR-NOT
0 34 43
1 45 54
2 56 65
3 67 76
4 absent
5 absent
6 absent
7 absent

Left
34 45 56 67 70x
43 54 65 76 07x
Best: XOR-NOT34 XOR-NOT45 XOR-NOT56 XOR-NOT67: 4

Right
none
Best: none

Selecting

Lefts
Identity none
NOT none
Constant none
AND none
OR none
XOR none
AND-NOT none
OR-NOT none
XOR-NOT XOR-NOT34 XOR-NOT45 XOR-NOT56 XOR-NOT67: 4

Rights
Identity none
NOT none
Constant none
AND none
OR none
XOR none
AND-NOT none
OR-NOT OR-NOT32 OR-NOT21 OR-NOT10 OR-NOT07: 4
XOR-NOT none

Left longest: 4
Right longest: 4

Left winner: Identity no, NOT no, Constant no, AND no, OR no, XOR no, AND-NOT no, OR-NOT no, XOR-NOT yes
Right winner: Identity no, NOT no, Constant no, AND no, OR no, XOR no, AND-NOT no, OR-NOT yes, XOR-NOT no

Best left: XOR-NOT34 XOR-NOT45 XOR-NOT56 XOR-NOT67: 4
Best right: OR-NOT32 OR-NOT21 OR-NOT10 OR-NOT07: 4

Truncated left: XOR-NOT34 XOR-NOT45 XOR-NOT56 XOR-NOT67: 4
Truncated right: OR-NOT32 OR-NOT21 OR-NOT10 OR-NOT07: 4

Tentative from right
7 OR-NOT32
6 OR-NOT21
5 OR-NOT10
4 OR-NOT07
3 pending
2 pending
1 pending
0 pending

Tentative
0 XOR-NOT34
1 XOR-NOT45
2 XOR-NOT56
3 XOR-NOT67
4 OR-NOT07
5 OR-NOT10
6 OR-NOT21
7 OR-NOT32

Preferred from left
0 XOR-NOT34
1 XOR-NOT45
2 XOR-NOT56
3 XOR-NOT67
4 OR-NOT07
5 OR-NOT10
6 OR-NOT21
7 OR-NOT32

Preferred
0 XOR-NOT34
1 XOR-NOT45
2 XOR-NOT56
3 XOR-NOT67
4 OR-NOT07
5 OR-NOT10
6 OR-NOT21
7 OR-NOT32

Matching
0 XOR-NOT34
1 XOR-NOT45
2 XOR-NOT56
3 XOR-NOT67
4 OR-NOT07
5 OR-NOT10
6 OR-NOT21
7 OR-NOT32

Perfect match
Identity no
NOT no
Constant no
AND no
OR no
XOR no
AND-NOT no
OR-NOT no
XOR-NOT no

Matched
0 XOR-NOT34
1 XOR-NOT45
2 XOR-NOT56
3 XOR-NOT67
4 OR-NOT07
5 OR-NOT10
6 OR-NOT21
7 OR-NOT32

Selected
0 XOR-NOT34
1 XOR-NOT45
2 XOR-NOT56
3 XOR-NOT67
4 OR-NOT07
5 OR-NOT10
6 OR-NOT21
7 OR-NOT32

Applying to 00110100
Input
0 0
1 0
2 1
3 1
4 0
5 1
6 0
7 0
Output
0 XOR-NOT34 = XOR(1,NOT(0)) = 0
1 XOR-NOT45 = XOR(0,NOT(1)) = 0
2 XOR-NOT56 = XOR(1,NOT(0)) = 0
3 XOR-NOT67 = XOR(0,NOT(0)) = 1
4 OR-NOT07 = OR(0,NOT(0)) = 1
5 OR-NOT10 = OR(0,NOT(0)) = 1
6 OR-NOT21 = OR(1,NOT(0)) = 1
7 OR-NOT32 = OR(1,NOT(1)) = 1

I will now return the answer in \boxed{}
The answer in \boxed is
\boxed{00011111}
</think>
\boxed{00011111}