We need to deduce the transformation by matching the example outputs.

Output 1: 01100110
0 0
1 1
2 1
3 0
4 0
5 1
6 1
7 0

Output 2: 00000000
0 0
1 0
2 0
3 0
4 0
5 0
6 0
7 0

Output 3: 01000100
0 0
1 1
2 0
3 0
4 0
5 1
6 0
7 0

Output 4: 11011101
0 1
1 1
2 0
3 1
4 1
5 1
6 0
7 1

Output 5: 00000000
0 0
1 0
2 0
3 0
4 0
5 0
6 0
7 0

Output 6: 01000100
0 0
1 1
2 0
3 0
4 0
5 1
6 0
7 0

Output 7: 00000000
0 0
1 0
2 0
3 0
4 0
5 0
6 0
7 0

Output bit columns (with bitsum as hash)
0 0001000 1
1 1011010 4
2 1000000 1
3 0001000 1
4 0001000 1
5 1011010 4
6 1000000 1
7 0001000 1

Input 1: 10011011
0 1
1 0
2 0
3 1
4 1
5 0
6 1
7 1

Input 2: 00001000
0 0
1 0
2 0
3 0
4 1
5 0
6 0
7 0

Input 3: 10110101
0 1
1 0
2 1
3 1
4 0
5 1
6 0
7 1

Input 4: 01110111
0 0
1 1
2 1
3 1
4 0
5 1
6 1
7 1

Input 5: 00110000
0 0
1 0
2 1
3 1
4 0
5 0
6 0
7 0

Input 6: 00110101
0 0
1 0
2 1
3 1
4 0
5 1
6 0
7 1

Input 7: 00010110
0 0
1 0
2 0
3 1
4 0
5 1
6 1
7 0

Identity
0 1010000 2
1 0001000 1 match 0 3 4 7
2 0011110 4
3 1011111 6
4 1100000 2
5 0011011 4
6 1001001 3
7 1011010 4 match 1 5

Matching output with Identity
0 1
1 7
2 absent
3 1
4 1
5 7
6 absent
7 1

Left
1 2x
Best: I1: 1

Right
1 0x
Best: I1: 1

NOT
0 0101111 5
1 1110111 6
2 1100001 3
3 0100000 1
4 0011111 5
5 1100100 3
6 0110110 4
7 0100101 3

Matching output with NOT
0 absent
1 absent
2 absent
3 absent
4 absent
5 absent
6 absent
7 absent

Left
none
Best: none

Right
none
Best: none

Constant
0 0000000 a
1 1111111 a

Matching output with Constant
0 absent
1 absent
2 absent
3 absent
4 absent
5 absent
6 absent
7 absent

Left
none
Best: none

Right
none
Best: none

AND
01 10 0000000 a
12 21 0001000 1 match 0 3 4 7
23 32 0011110 4
34 43 1000000 1 match 2 6
45 54 0000000 a
56 65 0001001 2
67 76 1001000 2
70 07 1010000 2

02 20 0010000 1
13 31 0001000 1 match 0 3 4 7
24 42 0000000 a
35 53 0011011 4
46 64 1000000 1 match 2 6
57 75 0011010 3
60 06 1000000 1 match 2 6
71 17 0001000 1 match 0 3 4 7

03 30 1010000 2
14 41 0000000 a
25 52 0011010 3
36 63 1001001 3
47 74 1000000 1 match 2 6
50 05 0010000 1
61 16 0001000 1 match 0 3 4 7
72 27 0011010 3

04 40 1000000 1 match 2 6
15 51 0001000 1 match 0 3 4 7
26 62 0001000 1 match 0 3 4 7
37 73 1011010 4 match 1 5

Matching output with AND
0 12 21 13 31 17 71 16 61 15 51 26 62
1 37 73
2 34 43 46 64 06 60 47 74 04 40
3 12 21 13 31 17 71 16 61 15 51 26 62
4 12 21 13 31 17 71 16 61 15 51 26 62
5 37 73
6 34 43 46 64 06 60 47 74 04 40
7 12 21 13 31 17 71 16 61 15 51 26 62

Left
12 23x
21 32x
13 24x
31 42x
17 20x
71 02x
16 27x
61 72x
15 26x
51 62x
26 37 40 51 62 73 04 15
62 73 04 15 26 37 40 51
Best: AND26 AND37 AND40 AND51 AND62 AND73 AND04 AND15: 8

Right
12 01x
21 10x
13 02x
31 20x
17 06 75x
71 60 57x
16 05x
61 50x
15 04 73 62 51 40 37 26
51 40 37 26 15 04 73 62
26 15x
62 51x
Best: AND15 AND04 AND73 AND62 AND51 AND40 AND37 AND26: 8

OR
01 10 1011000 3
12 21 0011110 4
23 32 1011111 6
34 43 1111111 a
45 54 1111011 6
56 65 1011011 5
67 76 1011011 5
70 07 1011010 4 match 1 5

02 20 1011110 5
13 31 1011111 6
24 42 1111110 6
35 53 1011111 6
46 64 1101001 4
57 75 1011011 5
60 06 1011001 4
71 17 1011010 4 match 1 5

03 30 1011111 6
14 41 1101000 3
25 52 0011111 5
36 63 1011111 6
47 74 1111010 5
50 05 1011011 5
61 16 1001001 3
72 27 1011110 5

04 40 1110000 3
15 51 0011011 4
26 62 1011111 6
37 73 1011111 6

Matching output with OR
0 absent
1 07 70 17 71
2 absent
3 absent
4 absent
5 07 70 17 71
6 absent
7 absent

Left
none
Best: none

Right
none
Best: none

XOR
01 10 1011000 3
12 21 0010110 3
23 32 1000001 2
34 43 0111111 6
45 54 1111011 6
56 65 1010010 3
67 76 0010011 3
70 07 0001010 2

02 20 1001110 4
13 31 1010111 5
24 42 1111110 6
35 53 1000100 2
46 64 0101001 3
57 75 1000001 2
60 06 0011001 3
71 17 1010010 3

03 30 0001111 4
14 41 1101000 3
25 52 0000101 2
36 63 0010110 3
47 74 0111010 4
50 05 1001011 4
61 16 1000001 2
72 27 1000100 2

04 40 0110000 2
15 51 0010011 3
26 62 1010111 5
37 73 0000101 2

Matching output with XOR
0 absent
1 absent
2 absent
3 absent
4 absent
5 absent
6 absent
7 absent

Left
none
Best: none

Right
none
Best: none

AND-NOT
01 1010000 2
12 0000000 a
23 0000000 a
34 0011111 5
45 1100000 2
56 0010010 2
67 0000001 1
70 0001010 2

02 1000000 1 match 2 6
13 0000000 a
24 0011110 4
35 1000100 2
46 0100000 1
57 0000001 1
60 0001001 2
71 1010010 3

03 0000000 a
14 0001000 1 match 0 3 4 7
25 0000100 1
36 0010110 3
47 0100000 1
50 0001011 3
61 1000001 2
72 1000000 1 match 2 6

04 0010000 1
15 0000000 a
26 0010110 3
37 0000101 2
40 0100000 1
51 0010011 3
62 1000001 2
73 0000000 a

05 1000000 1 match 2 6
16 0000000 a
27 0000100 1
30 0001111 4
41 1100000 2
52 0000001 1
63 0000000 a
74 0011010 3

06 0010000 1
17 0000000 a
20 0001110 3
31 1010111 5
42 1100000 2
53 0000000 a
64 0001001 2
75 1000000 1 match 2 6

07 0000000 a
10 0001000 1 match 0 3 4 7
21 0010110 3
32 1000001 2
43 0100000 1
54 0011011 4
65 1000000 1 match 2 6
76 0010010 2

Matching output with AND-NOT
0 14 10
1 absent
2 02 72 05 75 65
3 14 10
4 14 10
5 absent
6 02 72 05 75 65
7 14 10

Left
14 25x
10 21x
Best: AND-NOT14: 1

Right
14 03x
10 07x
Best: AND-NOT14: 1

OR-NOT
01 1110111 6
12 1101001 4
23 0111110 5
34 1011111 6
45 1100100 3
56 0111111 6
67 1101101 5
70 1111111 a

02 1110001 4
13 0101000 2
24 0011111 5
35 1111111 a
46 1110110 5
57 0111111 6
60 1101111 6
71 1111111 a

03 1110000 3
14 0011111 5
25 1111110 6
36 1111111 a
47 1100101 4
50 0111111 6
61 1111111 a
72 1111011 6

04 1011111 6
15 1101100 4
26 0111110 5
37 1111111 a
40 1101111 6
51 1111111 a
62 1101001 4
73 1111010 5

05 1110100 4
16 0111110 5
27 0111111 6
30 1111111 a
41 1110111 6
52 1111011 6
63 1101001 4
74 1011111 6

06 1110110 5
17 0101101 4
20 0111111 6
31 1111111 a
42 1100001 3
53 0111011 5
64 1011111 6
75 1111110 6

07 1110101 5
10 0101111 5
21 1111111 a
32 1111111 a
43 1100000 2
54 0011111 5
65 1101101 5
76 1111110 6

Matching output with OR-NOT
0 absent
1 absent
2 absent
3 absent
4 absent
5 absent
6 absent
7 absent

Left
none
Best: none

Right
none
Best: none

XOR-NOT
01 0100111 4
12 1101001 4
23 0111110 5
34 1000000 1 match 2 6
45 0000100 1
56 0101101 4
67 1101100 4
70 1110101 5

02 0110001 3
13 0101000 2
24 0000001 1
35 0111011 5
46 1010110 4
57 0111110 5
60 1100110 4
71 0101101 4

03 1110000 3
14 0010111 4
25 1111010 5
36 1101001 4
47 1000101 3
50 0110100 3
61 0111110 5
72 0111011 5

04 1001111 5
15 1101100 4
26 0101000 2
37 1111010 5
40 1001111 5
51 1101100 4
62 0101000 2
73 1111010 5

05 0110100 3
16 0111110 5
27 0111011 5
30 1110000 3
41 0010111 4
52 1111010 5
63 1101001 4
74 1000101 3

06 1100110 4
17 0101101 4
20 0110001 3
31 0101000 2
42 0000001 1
53 0111011 5
64 1010110 4
75 0111110 5

07 1110101 5
10 0100111 4
21 1101001 4
32 0111110 5
43 1000000 1 match 2 6
54 0000100 1
65 0101101 4
76 1101100 4

Matching output with XOR-NOT
0 absent
1 absent
2 34 43
3 absent
4 absent
5 absent
6 34 43
7 absent

Left
none
Best: none

Right
none
Best: none

Selecting

Lefts
Identity I1: 1
NOT none
Constant none
AND AND26 AND37 AND40 AND51 AND62 AND73 AND04 AND15: 8
OR none
XOR none
AND-NOT AND-NOT14: 1
OR-NOT none
XOR-NOT none

Rights
Identity I1: 1
NOT none
Constant none
AND AND15 AND04 AND73 AND62 AND51 AND40 AND37 AND26: 8
OR none
XOR none
AND-NOT AND-NOT14: 1
OR-NOT none
XOR-NOT none

Left longest: 8
Right longest: 8

Left winner: Identity no, NOT no, Constant no, AND yes, OR no, XOR no, AND-NOT no, OR-NOT no, XOR-NOT no
Right winner: Identity no, NOT no, Constant no, AND yes, OR no, XOR no, AND-NOT no, OR-NOT no, XOR-NOT no

Best left: AND26 AND37 AND40 AND51 AND62 AND73 AND04 AND15: 8
Best right: AND15 AND04 AND73 AND62 AND51 AND40 AND37 AND26: 8

Truncated left: AND26 AND37 AND40 AND51 AND62 AND73 AND04 AND15: 8
Truncated right: none

Tentative from right
7 pending
6 pending
5 pending
4 pending
3 pending
2 pending
1 pending
0 pending

Tentative
0 AND26
1 AND37
2 AND40
3 AND51
4 AND62
5 AND73
6 AND04
7 AND15

Preferred from left
0 AND26
1 AND37
2 AND40
3 AND51
4 AND62
5 AND73
6 AND04
7 AND15

Preferred
0 AND26
1 AND37
2 AND40
3 AND51
4 AND62
5 AND73
6 AND04
7 AND15

Matching
0 AND26
1 AND37
2 AND40
3 AND51
4 AND62
5 AND73
6 AND04
7 AND15

Perfect match
Identity no
NOT no
Constant no
AND no
OR no
XOR no
AND-NOT no
OR-NOT no
XOR-NOT no

Matched
0 AND26
1 AND37
2 AND40
3 AND51
4 AND62
5 AND73
6 AND04
7 AND15

Selected
0 AND26
1 AND37
2 AND40
3 AND51
4 AND62
5 AND73
6 AND04
7 AND15

Applying to 00001100
Input
0 0
1 0
2 0
3 0
4 1
5 1
6 0
7 0
Output
0 AND26 = AND(0,0) = 0
1 AND37 = AND(0,0) = 0
2 AND40 = AND(1,0) = 0
3 AND51 = AND(1,0) = 0
4 AND62 = AND(0,0) = 0
5 AND73 = AND(0,0) = 0
6 AND04 = AND(0,1) = 0
7 AND15 = AND(0,1) = 0

I will now return the answer in \boxed{}
The answer in \boxed is
\boxed{00000000}
</think>
\boxed{00000000}