We need to deduce the transformation by matching the example outputs.

Output 1: 10111111
0 1
1 0
2 1
3 1
4 1
5 1
6 1
7 1

Output 2: 11101111
0 1
1 1
2 1
3 0
4 1
5 1
6 1
7 1

Output 3: 11100111
0 1
1 1
2 1
3 0
4 0
5 1
6 1
7 1

Output 4: 10111101
0 1
1 0
2 1
3 1
4 1
5 1
6 0
7 1

Output 5: 01101101
0 0
1 1
2 1
3 0
4 1
5 1
6 0
7 1

Output 6: 00111111
0 0
1 0
2 1
3 1
4 1
5 1
6 1
7 1

Output 7: 01011100
0 0
1 1
2 0
3 1
4 1
5 1
6 0
7 0

Output 8: 01111111
0 0
1 1
2 1
3 1
4 1
5 1
6 1
7 1

Output bit columns (with bitsum as hash)
0 11110000 4
1 01101011 5
2 11111101 7
3 10010111 5
4 11011111 7
5 11111111 a
6 11100101 5
7 11111101 7

Input 1: 01111111
0 0
1 1
2 1
3 1
4 1
5 1
6 1
7 1

Input 2: 01011101
0 0
1 1
2 0
3 1
4 1
5 1
6 0
7 1

Input 3: 01001111
0 0
1 1
2 0
3 0
4 1
5 1
6 1
7 1

Input 4: 01100001
0 0
1 1
2 1
3 0
4 0
5 0
6 0
7 1

Input 5: 10001011
0 1
1 0
2 0
3 0
4 1
5 0
6 1
7 1

Input 6: 01111100
0 0
1 1
2 1
3 1
4 1
5 1
6 0
7 0

Input 7: 10111001
0 1
1 0
2 1
3 1
4 1
5 0
6 0
7 1

Input 8: 01010000
0 0
1 1
2 0
3 1
4 0
5 0
6 0
7 0


Identity
0 00001010 2
1 11110101 6
2 10010110 4
3 11000111 5
4 11101110 6
5 11100100 4
6 10101000 3
7 11111010 6

Matching output with Identity
0 absent
1 absent
2 absent
3 absent
4 absent
5 absent
6 absent
7 absent

Left
none
Best: none

Right
none
Best: none

NOT
0 11110101 6
1 00001010 2
2 01101001 4
3 00111000 3
4 00010001 2
5 00011011 4
6 01010111 5
7 00000101 2

Matching output with NOT
0 absent
1 absent
2 absent
3 absent
4 absent
5 absent
6 absent
7 absent

Left
none
Best: none

Right
none
Best: none

Constant
0 00000000 a
1 11111111 a match 5

Matching output with Constant
0 absent
1 absent
2 absent
3 absent
4 absent
5 C1
6 absent
7 absent

Left
none
Best: none

Right
none
Best: none

AND
01 10 00000000 a
12 21 10010100 3
23 32 10000110 3
34 43 11000110 4
45 54 11100100 4
56 65 10100000 2
67 76 10101000 3
70 07 00001010 2

02 20 00000010 1
13 31 11000101 4
24 42 10000110 3
35 53 11000100 3
46 64 10101000 3
57 75 11100000 3
60 06 00001000 1
71 17 11110000 4 match 0

03 30 00000010 1
14 41 11100100 4
25 52 10000100 2
36 63 10000000 1
47 74 11101010 5
50 05 00000000 a
61 16 10100000 2
72 27 10010010 3

04 40 00001010 2
15 51 11100100 4
26 62 10000000 1
37 73 11000010 3

Matching output with AND
0 71 17
1 absent
2 absent
3 absent
4 absent
5 absent
6 absent
7 absent

Left
71 02x
17 20x
Best: AND71: 1

Right
none
Best: none

OR
01 10 11111111 a match 5
12 21 11110111 7
23 32 11010111 6
34 43 11101111 7
45 54 11101110 6
56 65 11101100 5
67 76 11111010 6
70 07 11111010 6

02 20 10011110 5
13 31 11110111 7
24 42 11111110 7
35 53 11100111 6
46 64 11101110 6
57 75 11111110 7
60 06 10101010 4
71 17 11111111 a match 5

03 30 11001111 6
14 41 11111111 a match 5
25 52 11110110 6
36 63 11101111 7
47 74 11111110 7
50 05 11101110 6
61 16 11111101 7 match 2 7
72 27 11111110 7

04 40 11101110 6
15 51 11110101 6
26 62 10111110 6
37 73 11111111 a match 5

Matching output with OR
0 absent
1 absent
2 61 16
3 absent
4 absent
5 01 10 71 17 14 41 37 73
6 absent
7 61 16

Left
none
Best: none

Right
61 50x
16 05x
Best: OR61: 1

XOR
01 10 11111111 a match 5
12 21 01100011 4
23 32 01010001 3
34 43 00101001 3
45 54 00001010 2
56 65 01001100 3
67 76 01010010 3
70 07 11110000 4 match 0

02 20 10011100 4
13 31 00110010 3
24 42 01111000 4
35 53 00100011 3
46 64 01000110 3
57 75 00011110 4
60 06 10100010 3
71 17 00001111 4

03 30 11001101 5
14 41 00011011 4
25 52 01110010 4
36 63 01101111 6
47 74 00010100 2
50 05 11101110 6
61 16 01011101 5
72 27 01101100 4

04 40 11100100 4
15 51 00010001 2
26 62 00111110 5
37 73 00111101 5

Matching output with XOR
0 70 07
1 absent
2 absent
3 absent
4 absent
5 01 10
6 absent
7 absent

Left
70 01y
07 10y
Best: XOR70: 1

Right
none
Best: none

AND-NOT
01 00001010 2
12 01100001 3
23 00010000 1
34 00000001 1
45 00001010 2
56 01000100 2
67 00000000 a
70 11110000 4 match 0

02 00001000 1
13 00110000 2
24 00010000 1
35 00000011 2
46 01000110 3
57 00000100 1
60 10100000 2
71 00001010 2

03 00001000 1
14 00010001 2
25 00010010 2
36 01000111 4
47 00000100 1
50 11100100 4
61 00001000 1
72 01101000 3

04 00000000 a
15 00010001 2
26 00010110 3
37 00000101 2
40 11100100 4
51 00000000 a
62 00101000 2
73 00111000 3

05 00001010 2
16 01010101 4
27 00000100 1
30 11000101 4
41 00001010 2
52 01100000 2
63 00101000 2
74 00010000 1

06 00000010 1
17 00000101 2
20 10010100 3
31 00000010 1
42 01101000 3
53 00100000 1
64 00000000 a
75 00011010 3

07 00000000 a
10 11110101 6
21 00000010 1
32 01000001 2
43 00101000 2
54 00000000 a
65 00001000 1
76 01010010 3

Matching output with AND-NOT
0 70
1 absent
2 absent
3 absent
4 absent
5 absent
6 absent
7 absent

Left
70 01x
Best: AND-NOT70: 1

Right
none
Best: none

OR-NOT
01 00001010 2
12 11111101 7 match 2 7
23 10111110 6
34 11010111 6
45 11111111 a match 5
56 11110111 7
67 10101101 5
70 11111111 a match 5

02 01101011 5 match 1
13 11111101 7 match 2 7
24 10010111 5 match 3
35 11011111 7 match 4
46 11111111 a match 5
57 11100101 5 match 6
60 11111101 7 match 2 7
71 11111010 6

03 00111010 4
14 11110101 6
25 10011111 6
36 11010111 6
47 11101111 7
50 11110101 6
61 10101010 4
72 11111011 7

04 00011011 4
15 11111111 a match 5
26 11010111 6
37 11000111 5
40 11111111 a match 5
51 11101110 6
62 11101001 5
73 11111010 6

05 00011011 4
16 11110111 7
27 10010111 5 match 3
30 11110111 7
41 11101110 6
52 11101101 6
63 10111000 4
74 11111011 7

06 01011111 6
17 11110101 6
20 11110111 7
31 11001111 6
42 11101111 7
53 11111100 6
64 10111001 5
75 11111011 7

07 00001111 4
10 11110101 6
21 10011110 5
32 11101111 7
43 11111110 7
54 11110101 6
65 10111011 6
76 11111111 a match 5

Matching output with OR-NOT
0 absent
1 02
2 12 13 60
3 24 27
4 35
5 45 70 46 15 40 76
6 57
7 12 13 60

Left
none
Best: none

Right
12 01x
13 02y
60 57 46 35 24 13 02 71x
Best: OR-NOT60 57 46 35 24 13 02: 7

XOR-NOT
01 00000000 a
12 10011100 4
23 10101110 5
34 11010110 5
45 11110101 6
56 10110011 5
67 10101101 5
70 00001111 4

02 01100011 4
13 11001101 5
24 10000111 4
35 11011100 5
46 10111001 5
57 11100001 4
60 01011101 5
71 11110000 4 match 0

03 00110010 3
14 11100100 4
25 10001101 4
36 10010000 2
47 11101011 6
50 00010001 2
61 10100010 3
72 10010011 4

04 00011011 4
15 11101110 6
26 11000001 3
37 11000010 3
40 00011011 4
51 11101110 6
62 11000001 3
73 11000010 3

05 00010001 2
16 10100010 3
27 10010011 4
30 00110010 3
41 11100100 4
52 10001101 4
63 10010000 2
74 11101011 6

06 01011101 5
17 11110000 4 match 0
20 01100011 4
31 11001101 5
42 10000111 4
53 11011100 5
64 10111001 5
75 11100001 4

07 00001111 4
10 00000000 a
21 10011100 4
32 10101110 5
43 11010110 5
54 11110101 6
65 10110011 5
76 10101101 5

Matching output with XOR-NOT
0 71 17
1 absent
2 absent
3 absent
4 absent
5 absent
6 absent
7 absent

Left
71 02x
17 20x
Best: XOR-NOT71: 1

Right
none
Best: none

Selecting

Lefts
Identity none
NOT none
Constant none
AND AND71: 1
OR none
XOR XOR70: 1
AND-NOT AND-NOT70: 1
OR-NOT none
XOR-NOT XOR-NOT71: 1

Rights
Identity none
NOT none
Constant none
AND none
OR OR61: 1
XOR none
AND-NOT none
OR-NOT OR-NOT60 57 46 35 24 13 02: 7
XOR-NOT none

Left longest: 1
Right longest: 7

Right winner: Identity no, NOT no, Constant no, AND no, OR no, XOR no, AND-NOT no, OR-NOT yes, XOR-NOT no
Left winner: Identity no, NOT no, Constant no, AND yes, OR no, XOR no, AND-NOT no, OR-NOT no, XOR-NOT no

Best right: OR-NOT60 57 46 35 24 13 02: 7
Best left: AND71: 1

Truncated right: OR-NOT60 57 46 35 24 13 02: 7
Truncated left: AND71: 1

Tentative from right
7 OR-NOT60
6 OR-NOT57
5 OR-NOT46
4 OR-NOT35
3 OR-NOT24
2 OR-NOT13
1 OR-NOT02
0 pending

Tentative
0 AND71
1 OR-NOT02
2 OR-NOT13
3 OR-NOT24
4 OR-NOT35
5 OR-NOT46
6 OR-NOT57
7 OR-NOT60

Preferred from right
7 OR-NOT60
6 OR-NOT57
5 OR-NOT46
4 OR-NOT35
3 OR-NOT24
2 OR-NOT13
1 OR-NOT02
0 AND71

Preferred from left
0 AND71
1 OR-NOT02
2 OR-NOT13
3 OR-NOT24
4 OR-NOT35
5 OR-NOT46
6 OR-NOT57
7 OR-NOT60

Preferred
0 AND71
1 OR-NOT02
2 OR-NOT13
3 OR-NOT24
4 OR-NOT35
5 OR-NOT46
6 OR-NOT57
7 OR-NOT60

Matching
0 AND71
1 OR-NOT02
2 OR-NOT13
3 OR-NOT24
4 OR-NOT35
5 OR-NOT46
6 OR-NOT57
7 OR-NOT60

Perfect match
Identity no
NOT no
Constant no
AND no
OR no
XOR no
AND-NOT no
OR-NOT no
XOR-NOT no

Matched
0 AND71
1 OR-NOT02
2 OR-NOT13
3 OR-NOT24
4 OR-NOT35
5 OR-NOT46
6 OR-NOT57
7 OR-NOT60


Reselect (whole-word coverage)
0 XOR07
1 OR-NOT02
2 OR-NOT13
3 OR-NOT24
4 OR-NOT35
5 OR14
6 OR-NOT57
7 OR16
Selected
0 XOR07
1 OR-NOT02
2 OR-NOT13
3 OR-NOT24
4 OR-NOT35
5 OR14
6 OR-NOT57
7 OR16

Applying to 10010010
Input
0 1
1 0
2 0
3 1
4 0
5 0
6 1
7 0
Output
0 XOR07 = XOR(1,0) = 1
1 OR-NOT02 = OR(1,NOT(0)) = 1
2 OR-NOT13 = OR(0,NOT(1)) = 0
3 OR-NOT24 = OR(0,NOT(0)) = 1
4 OR-NOT35 = OR(1,NOT(0)) = 1
5 OR14 = OR(0,0) = 0
6 OR-NOT57 = OR(0,NOT(0)) = 1
7 OR16 = OR(0,1) = 1

I will now return the answer in \boxed{}
The answer in \boxed is
\boxed{11011011}
</think>
\boxed{11011011}