We need to deduce the transformation by matching the example outputs.

Output 1: 01010000
0 0
1 1
2 0
3 1
4 0
5 0
6 0
7 0

Output 2: 00000111
0 0
1 0
2 0
3 0
4 0
5 1
6 1
7 1

Output 3: 00010100
0 0
1 0
2 0
3 1
4 0
5 1
6 0
7 0

Output 4: 01011011
0 0
1 1
2 0
3 1
4 1
5 0
6 1
7 1

Output 5: 00010110
0 0
1 0
2 0
3 1
4 0
5 1
6 1
7 0

Output 6: 01101111
0 0
1 1
2 1
3 0
4 1
5 1
6 1
7 1

Output 7: 00000011
0 0
1 0
2 0
3 0
4 0
5 0
6 1
7 1

Output 8: 01101101
0 0
1 1
2 1
3 0
4 1
5 1
6 0
7 1

Output bit columns (with bitsum as hash)
0 00000000 a
1 10010101 4
2 00000101 2
3 10111000 4
4 00010101 3
5 01101101 5
6 01011110 5
7 01010111 5

Input 1: 10100000
0 1
1 0
2 1
3 0
4 0
5 0
6 0
7 0

Input 2: 00001111
0 0
1 0
2 0
3 0
4 1
5 1
6 1
7 1

Input 3: 00101000
0 0
1 0
2 1
3 0
4 1
5 0
6 0
7 0

Input 4: 10110110
0 1
1 0
2 1
3 1
4 0
5 1
6 1
7 0

Input 5: 00101100
0 0
1 0
2 1
3 0
4 1
5 1
6 0
7 0

Input 6: 11011110
0 1
1 1
2 0
3 1
4 1
5 1
6 1
7 0

Input 7: 00000110
0 0
1 0
2 0
3 0
4 0
5 1
6 1
7 0

Input 8: 11011011
0 1
1 1
2 0
3 1
4 1
5 0
6 1
7 1

Identity
0 10010101 4 match 1
1 00000101 2 match 2
2 10111000 4 match 3
3 00010101 3 match 4
4 01101101 5 match 5
5 01011110 5 match 6
6 01010111 5 match 7
7 01000001 2

Matching output with Identity
0 absent
1 0
2 1
3 2
4 3
5 4
6 5
7 6

Left
none
Best: none

Right
6 5 4 3 2 1 0 7x
Best: I6 I5 I4 I3 I2 I1 I0: 7

NOT
0 01101010 4
1 11111010 6
2 01000111 4
3 11101010 5
4 10010010 3
5 10100001 3
6 10101000 3
7 10111110 6

Matching output with NOT
0 absent
1 absent
2 absent
3 absent
4 absent
5 absent
6 absent
7 absent

Left
none
Best: none

Right
none
Best: none

Constant
0 00000000 a match 0
1 11111111 a

Matching output with Constant
0 C0
1 absent
2 absent
3 absent
4 absent
5 absent
6 absent
7 absent

Left
0
Best: C0: 1

Right
none
Best: none

AND
01 10 00000101 2 match 2
12 21 00000000 a match 0
23 32 00010000 1
34 43 00000101 2 match 2
45 54 01001100 3
56 65 01010110 4
67 76 01000001 2
70 07 00000001 1

02 20 10010000 2
13 31 00000101 2 match 2
24 42 00101000 2
35 53 00010100 2
46 64 01000101 3
57 75 01000000 1
60 06 00010101 3 match 4
71 17 00000001 1

03 30 00010101 3 match 4
14 41 00000101 2 match 2
25 52 00011000 2
36 63 00010101 3 match 4
47 74 01000001 2
50 05 00010100 2
61 16 00000101 2 match 2
72 27 00000000 a match 0

04 40 00000101 2 match 2
15 51 00000100 1
26 62 00010000 1
37 73 00000001 1

Matching output with AND
0 12 21 27 72
1 absent
2 01 10 34 43 13 31 14 41 16 61 04 40
3 absent
4 06 60 03 30 36 63
5 absent
6 absent
7 absent

Left
12 23x
21 32x
27 30x
72 03x
Best: AND12: 1

Right
none
Best: none

OR
01 10 10010101 4 match 1
12 21 10111101 6
23 32 10111101 6
34 43 01111101 6
45 54 01111111 7
56 65 01011111 6
67 76 01010111 5 match 7
70 07 11010101 5

02 20 10111101 6
13 31 00010101 3 match 4
24 42 11111101 7
35 53 01011111 6
46 64 01111111 7
57 75 01011111 6
60 06 11010111 6
71 17 01000101 3

03 30 10010101 4 match 1
14 41 01101101 5 match 5
25 52 11111110 7
36 63 01010111 5 match 7
47 74 01101101 5 match 5
50 05 11011111 7
61 16 01010111 5 match 7
72 27 11111001 6

04 40 11111101 7
15 51 01011111 6
26 62 11111111 a
37 73 01010101 4

Matching output with OR
0 absent
1 01 10 03 30
2 absent
3 absent
4 13 31
5 14 41 47 74
6 absent
7 67 76 36 63 16 61

Left
none
Best: none

Right
67 56x
76 65x
36 25x
63 52x
16 05x
61 50x
Best: OR67: 1

XOR
01 10 10010000 2
12 21 10111101 6
23 32 10101101 5
34 43 01111000 4
45 54 00110011 4
56 65 00001001 2
67 76 00010110 3
70 07 11010100 4

02 20 00101101 4
13 31 00010000 1
24 42 11010101 5
35 53 01001011 4
46 64 00111010 4
57 75 00011111 5
60 06 11000010 3
71 17 01000100 2

03 30 10000000 1
14 41 01101000 3
25 52 11100110 5
36 63 01000010 2
47 74 00101100 3
50 05 11001011 5
61 16 01010010 3
72 27 11111001 6

04 40 11111000 5
15 51 01011011 5
26 62 11101111 7
37 73 01010100 3

Matching output with XOR
0 absent
1 absent
2 absent
3 absent
4 absent
5 absent
6 absent
7 absent

Left
none
Best: none

Right
none
Best: none

AND-NOT
01 10010000 2
12 00000101 2 match 2
23 10101000 3
34 00010000 1
45 00100001 2
56 00001000 1
67 00010110 3
70 01000000 1

02 00000101 2 match 2
13 00000000 a match 0
24 10010000 2
35 00000001 1
46 00101000 2
57 00011110 4
60 01000010 2
71 01000000 1

03 10000000 1
14 00000000 a match 0
25 10100000 2
36 00000000 a match 0
47 00101100 3
50 01001010 3
61 01010010 3
72 01000001 2

04 10010000 2
15 00000001 1
26 10101000 3
37 00010100 2
40 01101000 3
51 01011010 4
62 01000111 4
73 01000000 1

05 10000001 2
16 00000000 a match 0
27 10111000 4 match 3
30 00000000 a match 0
41 01101000 3
52 01000110 3
63 01000010 2
74 00000000 a match 0

06 10000000 1
17 00000100 1
20 00101000 2
31 00010000 1
42 01000101 3
53 01001010 3
64 00010010 2
75 00000001 1

07 10010100 3
10 00000000 a match 0
21 10111000 4 match 3
32 00000101 2 match 2
43 01101000 3
54 00010010 2
65 00000001 1
76 00000000 a match 0

Matching output with AND-NOT
0 13 14 36 16 30 74 10 76
1 absent
2 12 02 32
3 27 21
4 absent
5 absent
6 absent
7 absent

Left
13 24x
14 25x
36 47x
16 27x
30 41x
74 05x
10 21x
76 07x
Best: AND-NOT13: 1

Right
none
Best: none

OR-NOT
01 11111111 a
12 01000111 4
23 11111010 6
34 10010111 5
45 11101101 6
56 11111110 7
67 11111111 a
70 01101011 5

02 11010111 6
13 11101111 7
24 10111010 5
35 10110101 5
46 11101101 6
57 11111110 7
60 01111111 7
71 11111011 7

03 11111111 a
14 10010111 5
25 10111001 5
36 10111101 6
47 11111111 a
50 01111110 6
61 11111111 a
72 01000111 4

04 10010111 5
15 10100101 4
26 10111000 4 match 3
37 10111111 7
40 01101111 6
51 11111110 7
62 01010111 5 match 7
73 11101011 6

05 10110101 5
16 10101101 5
27 10111110 6
30 01111111 7
41 11111111 a
52 01011111 6
63 11111111 a
74 11010011 5

06 10111101 6
17 10111111 7
20 11111010 6
31 11111111 a
42 01101111 6
53 11111110 7
64 11010111 6
75 11100001 4

07 10111111 7
10 01101111 6
21 11111010 6
32 01010111 5 match 7
43 11101111 7
54 11011110 6
65 11110111 7
76 11101001 5

Matching output with OR-NOT
0 absent
1 absent
2 absent
3 26
4 absent
5 absent
6 absent
7 62 32

Left
none
Best: none

Right
62 51x
32 21x
Best: OR-NOT62: 1

XOR-NOT
01 01101111 6
12 01000010 2
23 01010010 3
34 10000111 4
45 11001100 4
56 11110110 6
67 11101001 5
70 00101011 4

02 11010010 4
13 11101111 7
24 00101010 3
35 10110100 4
46 11000101 4
57 11100000 3
60 00111101 5
71 10111011 6

03 01111111 7
14 10010111 5
25 00011001 3
36 10111101 6
47 11010011 5
50 00110100 3
61 10101101 5
72 00000110 2

04 00000111 3
15 10100100 3
26 00010000 1
37 10101011 5
40 00000111 3
51 10100100 3
62 00010000 1
73 10101011 5

05 00110100 3
16 10101101 5
27 00000110 2
30 01111111 7
41 10010111 5
52 00011001 3
63 10111101 6
74 11010011 5

06 00111101 5
17 10111011 6
20 11010010 4
31 11101111 7
42 00101010 3
53 10110100 4
64 11000101 4
75 11100000 3

07 00101011 4
10 01101111 6
21 01000010 2
32 01010010 3
43 10000111 4
54 11001100 4
65 11110110 6
76 11101001 5

Matching output with XOR-NOT
0 absent
1 absent
2 absent
3 absent
4 absent
5 absent
6 absent
7 absent

Left
none
Best: none

Right
none
Best: none

Selecting

Lefts
Identity none
NOT none
Constant C0: 1
AND AND12: 1
OR none
XOR none
AND-NOT AND-NOT13: 1
OR-NOT none
XOR-NOT none

Rights
Identity I6 I5 I4 I3 I2 I1 I0: 7
NOT none
Constant none
AND none
OR OR67: 1
XOR none
AND-NOT none
OR-NOT OR-NOT62: 1
XOR-NOT none

Left longest: 1
Right longest: 7

Right winner: Identity yes, NOT no, Constant no, AND no, OR no, XOR no, AND-NOT no, OR-NOT no, XOR-NOT no
Left winner: Identity no, NOT no, Constant yes, AND no, OR no, XOR no, AND-NOT no, OR-NOT no, XOR-NOT no

Best right: I6 I5 I4 I3 I2 I1 I0: 7
Best left: C0: 1

Truncated right: I6 I5 I4 I3 I2 I1 I0: 7
Truncated left: C0: 1

Tentative from right
7 I6
6 I5
5 I4
4 I3
3 I2
2 I1
1 I0
0 pending

Tentative
0 C0
1 I0
2 I1
3 I2
4 I3
5 I4
6 I5
7 I6

Preferred from right
7 I6
6 I5
5 I4
4 I3
3 I2
2 I1
1 I0
0 C0

Preferred
0 C0
1 I0
2 I1
3 I2
4 I3
5 I4
6 I5
7 I6

Matching
0 C0
1 I0
2 I1
3 I2
4 I3
5 I4
6 I5
7 I6

Perfect match
Identity no
NOT no
Constant no
AND no
OR no
XOR no
AND-NOT no
OR-NOT no
XOR-NOT no

Matched
0 C0
1 I0
2 I1
3 I2
4 I3
5 I4
6 I5
7 I6

Selected
0 C0
1 I0
2 I1
3 I2
4 I3
5 I4
6 I5
7 I6

Applying to 01100100
Input
0 0
1 1
2 1
3 0
4 0
5 1
6 0
7 0
Output
0 C0 = 0
1 I0 = 0
2 I1 = 1
3 I2 = 1
4 I3 = 0
5 I4 = 0
6 I5 = 1
7 I6 = 0

I will now return the answer in \boxed{}
The answer in \boxed is
\boxed{00110010}
</think>
\boxed{00110010}