We need to deduce the transformation by matching the example outputs.

Output 1: 00110100
0 0
1 0
2 1
3 1
4 0
5 1
6 0
7 0

Output 2: 01100110
0 0
1 1
2 1
3 0
4 0
5 1
6 1
7 0

Output 3: 01011000
0 0
1 1
2 0
3 1
4 1
5 0
6 0
7 0

Output 4: 01000100
0 0
1 1
2 0
3 0
4 0
5 1
6 0
7 0

Output 5: 11110101
0 1
1 1
2 1
3 1
4 0
5 1
6 0
7 1

Output 6: 01011110
0 0
1 1
2 0
3 1
4 1
5 1
6 1
7 0

Output 7: 01001110
0 0
1 1
2 0
3 0
4 1
5 1
6 1
7 0

Output 8: 11111101
0 1
1 1
2 1
3 1
4 1
5 1
6 0
7 1

Output bit columns (with bitsum as hash)
0 00001001 2
1 01111111 7
2 11001001 4
3 10101101 5
4 00100111 4
5 11011111 7
6 01000110 3
7 00001001 2

Input 1: 10100010
0 1
1 0
2 1
3 0
4 0
5 0
6 1
7 0

Input 2: 00110110
0 0
1 0
2 1
3 1
4 0
5 1
6 1
7 0

Input 3: 01000101
0 0
1 1
2 0
3 0
4 0
5 1
6 0
7 1

Input 4: 10100101
0 1
1 0
2 1
3 0
4 0
5 1
6 0
7 1

Input 5: 10101110
0 1
1 0
2 1
3 0
4 1
5 1
6 1
7 0

Input 6: 11110100
0 1
1 1
2 1
3 1
4 0
5 1
6 0
7 0

Input 7: 11110101
0 1
1 1
2 1
3 1
4 0
5 1
6 0
7 1

Input 8: 11101110
0 1
1 1
2 1
3 0
4 1
5 1
6 1
7 0

Identity
0 10011111 6
1 00100111 4 match 4
2 11011111 7 match 5
3 01000110 3 match 6
4 00001001 2 match 0 7
5 01111111 7 match 1
6 11001001 4 match 2
7 00110010 3

Matching output with Identity
0 4
1 5
2 6
3 absent
4 1
5 2
6 3
7 4

Left
4 5 6 7x
Best: I4 I5 I6: 3

Right
4 3 2 1 0x
Best: I4 I3 I2 I1: 4

NOT
0 01100000 2
1 11011000 4
2 00100000 1
3 10111001 5
4 11110110 6
5 10000000 1
6 00110110 4
7 11001101 5

Matching output with NOT
0 absent
1 absent
2 absent
3 absent
4 absent
5 absent
6 absent
7 absent

Left
none
Best: none

Right
none
Best: none

Constant
0 00000000 a
1 11111111 a

Matching output with Constant
0 absent
1 absent
2 absent
3 absent
4 absent
5 absent
6 absent
7 absent

Left
none
Best: none

Right
none
Best: none

AND
01 10 00000111 3
12 21 00000111 3
23 32 01000110 3 match 6
34 43 00000000 a
45 54 00001001 2 match 0 7
56 65 01001001 3
67 76 00000000 a
70 07 00010010 2

02 20 10011111 6
13 31 00000110 2
24 42 00001001 2 match 0 7
35 53 01000110 3 match 6
46 64 00001001 2 match 0 7
57 75 00110010 3
60 06 10001001 3
71 17 00100010 2

03 30 00000110 2
14 41 00000001 1
25 52 01011111 6
36 63 01000000 1
47 74 00000000 a
50 05 00011111 5
61 16 00000001 1
72 27 00010010 2

04 40 00001001 2 match 0 7
15 51 00100111 4 match 4
26 62 11001001 4 match 2
37 73 00000010 1

Matching output with AND
0 45 54 24 42 46 64 04 40
1 absent
2 26 62
3 absent
4 15 51
5 absent
6 23 32 35 53
7 45 54 24 42 46 64 04 40

Left
45 56x
54 65x
24 35x
42 53x
46 57x
64 75x
04 15x
40 51x
Best: AND45: 1

Right
45 34x
54 43x
24 13x
42 31x
46 35 24x
64 53 42x
04 73x
40 37x
Best: AND46 AND35: 2

OR
01 10 10111111 7
12 21 11111111 a
23 32 11011111 7 match 5
34 43 01001111 5
45 54 01111111 7 match 1
56 65 11111111 a
67 76 11111011 7
70 07 10111111 7

02 20 11011111 7 match 5
13 31 01100111 5
24 42 11011111 7 match 5
35 53 01111111 7 match 1
46 64 11001001 4 match 2
57 75 01111111 7 match 1
60 06 11011111 7 match 5
71 17 00110111 5

03 30 11011111 7 match 5
14 41 00101111 5
25 52 11111111 a
36 63 11001111 6
47 74 00111011 5
50 05 11111111 a
61 16 11101111 7
72 27 11111111 a

04 40 10011111 6
15 51 01111111 7 match 1
26 62 11011111 7 match 5
37 73 01110110 5

Matching output with OR
0 absent
1 45 54 35 53 57 75 15 51
2 46 64
3 absent
4 absent
5 23 32 02 20 24 42 06 60 03 30 26 62
6 absent
7 absent

Left
none
Best: none

Right
none
Best: none

XOR
01 10 10111000 4
12 21 11111000 5
23 32 10011001 4
34 43 01001111 5
45 54 01110110 5
56 65 10110110 5
67 76 11111011 7
70 07 10101101 5 match 3

02 20 01000000 1
13 31 01100001 3
24 42 11010110 5
35 53 00111001 4
46 64 11000000 2
57 75 01001101 4
60 06 01010110 4
71 17 00010101 3

03 30 11011001 5
14 41 00101110 4
25 52 10100000 2
36 63 10001111 5
47 74 00111011 5
50 05 11100000 3
61 16 11101110 6
72 27 11101101 6

04 40 10010110 4
15 51 01011000 3
26 62 00010110 3
37 73 01110100 4

Matching output with XOR
0 absent
1 absent
2 absent
3 07 70
4 absent
5 absent
6 absent
7 absent

Left
none
Best: none

Right
none
Best: none

AND-NOT
01 10011000 3
12 00100000 1
23 10011001 4
34 01000110 3 match 6
45 00000000 a
56 00110110 4
67 11001001 4 match 2
70 00100000 1

02 00000000 a
13 00100001 2
24 11010110 5
35 00000000 a
46 00000000 a
57 01001101 4
60 01000000 1
71 00010000 1

03 10011001 4
14 00100110 3
25 10000000 1
36 00000110 2
47 00001001 2 match 0 7
50 01100000 2
61 11001000 3
72 00100000 1

04 10010110 4
15 00000000 a
26 00010110 3
37 01000100 2
40 00000000 a
51 01011000 3
62 00000000 a
73 00110000 2

05 10000000 1
16 00100110 3
27 11001101 5
30 01000000 1
41 00001000 1
52 00100000 1
63 10001001 3
74 00110010 3

06 00010110 3
17 00000101 2
20 01000000 1
31 01000000 1
42 00000000 a
53 00111001 4
64 11000000 2
75 00000000 a

07 10001101 4
10 00100000 1
21 11011000 4
32 00000000 a
43 00001001 2 match 0 7
54 01110110 5
65 10000000 1
76 00110010 3

Matching output with AND-NOT
0 47 43
1 absent
2 67
3 absent
4 absent
5 absent
6 34
7 47 43

Left
47 50x
43 54x
Best: AND-NOT47: 1

Right
47 36x
43 32x
Best: AND-NOT47: 1

OR-NOT
01 11011111 7 match 5
12 00100111 4 match 4
23 11111111 a
34 11110110 6
45 10001001 3
56 01111111 7 match 1
67 11001101 5
70 01110010 4

02 10111111 7
13 10111111 7
24 11111111 a
35 11000110 4
46 00111111 6
57 11111111 a
60 11101001 5
71 11111010 6

03 10111111 7
14 11110111 7
25 11011111 7 match 5
36 01110110 5
47 11001101 5
50 01111111 7 match 1
61 11011001 5
72 00110010 3

04 11111111 a
15 10100111 5
26 11111111 a
37 11001111 6
40 01101001 4
51 11111111 a
62 11101001 5
73 10111011 6

05 10011111 6
16 00110111 5
27 11011111 7 match 5
30 01100110 4
41 11011001 5
52 01111111 7 match 1
63 11111001 6
74 11110110 6

06 10111111 7
17 11101111 7
20 11111111 a
31 11011110 6
42 00101001 3
53 11111111 a
64 11111111 a
75 10110010 4

07 11011111 7 match 5
10 01100111 5
21 11011111 7 match 5
32 01100110 4
43 10111001 5
54 11111111 a
65 11001001 4 match 2
76 00110110 4

Matching output with OR-NOT
0 absent
1 56 50 52
2 65
3 absent
4 12
5 01 25 27 07 21
6 absent
7 absent

Left
none
Best: none

Right
none
Best: none

XOR-NOT
01 01000111 4
12 00000111 3
23 01100110 4
34 10110000 3
45 10001001 3
56 01001001 3
67 00000100 1
70 01010010 3

02 10111111 7
13 10011110 5
24 00101001 3
35 11000110 4
46 00111111 6
57 10110010 4
60 10101001 4
71 11101010 5

03 00100110 3
14 11010001 4
25 01011111 6
36 01110000 3
47 11000100 3
50 00011111 5
61 00010001 2
72 00010010 2

04 01101001 4
15 10100111 5
26 11101001 5
37 10001011 4
40 01101001 4
51 10100111 5
62 11101001 5
73 10001011 4

05 00011111 5
16 00010001 2
27 00010010 2
30 00100110 3
41 11010001 4
52 01011111 6
63 01110000 3
74 11000100 3

06 10101001 4
17 11101010 5
20 10111111 7
31 10011110 5
42 00101001 3
53 11000110 4
64 00111111 6
75 10110010 4

07 01010010 3
10 01000111 4
21 00000111 3
32 01100110 4
43 10110000 3
54 10001001 3
65 01001001 3
76 00000100 1

Matching output with XOR-NOT
0 absent
1 absent
2 absent
3 absent
4 absent
5 absent
6 absent
7 absent

Left
none
Best: none

Right
none
Best: none

Selecting

Lefts
Identity I4 I5 I6: 3
NOT none
Constant none
AND AND45: 1
OR none
XOR none
AND-NOT AND-NOT47: 1
OR-NOT none
XOR-NOT none

Rights
Identity I4 I3 I2 I1: 4
NOT none
Constant none
AND AND46 AND35: 2
OR none
XOR none
AND-NOT AND-NOT47: 1
OR-NOT none
XOR-NOT none

Left longest: 3
Right longest: 4

Right winner: Identity yes, NOT no, Constant no, AND no, OR no, XOR no, AND-NOT no, OR-NOT no, XOR-NOT no
Left winner: Identity yes, NOT no, Constant no, AND no, OR no, XOR no, AND-NOT no, OR-NOT no, XOR-NOT no

Best right: I4 I3 I2 I1: 4
Best left: I4 I5 I6: 3

Truncated right: I4 I3 I2 I1: 4
Truncated left: I4 I5 I6: 3

Tentative from right
7 I4
6 I3
5 I2
4 I1
3 pending
2 pending
1 pending
0 pending

Tentative
0 I4
1 I5
2 I6
3 pending
4 I1
5 I2
6 I3
7 I4

Preferred from right
7 I4
6 I3
5 I2
4 I1
3 ??0
2 I6
1 I5
0 I4

Preferred
0 I4
1 I5
2 I6
3 ?70
4 I1
5 I2
6 I3
7 I4

Matching
0 I4
1 I5
2 I6
3 ?70 - Identity absent, NOT absent, Constant absent, AND absent, OR absent, XOR70, AND-NOT absent, OR-NOT absent, XOR-NOT absent
4 I1
5 I2
6 I3
7 I4

Perfect match
Identity no
NOT no
Constant no
AND no
OR no
XOR yes
AND-NOT no
OR-NOT no
XOR-NOT no

Matched
0 I4
1 I5
2 I6
3 XOR70
4 I1
5 I2
6 I3
7 I4

Selected
0 I4
1 I5
2 I6
3 XOR70
4 I1
5 I2
6 I3
7 I4

Applying to 01001101
Input
0 0
1 1
2 0
3 0
4 1
5 1
6 0
7 1
Output
0 I4 = 1
1 I5 = 1
2 I6 = 0
3 XOR70 = XOR(1,0) = 1
4 I1 = 1
5 I2 = 0
6 I3 = 0
7 I4 = 1

I will now return the answer in \boxed{}
The answer in \boxed is
\boxed{11011001}
</think>
\boxed{11011001}