We need to deduce the transformation by matching the example outputs.

Output 1: 01101000
0 0
1 1
2 1
3 0
4 1
5 0
6 0
7 0

Output 2: 01000101
0 0
1 1
2 0
3 0
4 0
5 1
6 0
7 1

Output 3: 00100010
0 0
1 0
2 1
3 0
4 0
5 0
6 1
7 0

Output 4: 00001110
0 0
1 0
2 0
3 0
4 1
5 1
6 1
7 0

Output 5: 00001100
0 0
1 0
2 0
3 0
4 1
5 1
6 0
7 0

Output 6: 11101100
0 1
1 1
2 1
3 0
4 1
5 1
6 0
7 0

Output 7: 00101111
0 0
1 0
2 1
3 0
4 1
5 1
6 1
7 1

Output 8: 01001110
0 0
1 1
2 0
3 0
4 1
5 1
6 1
7 0

Output bit columns (with bitsum as hash)
0 00000100 1
1 11000101 4
2 10100110 4
3 00000000 a
4 10011111 6
5 01011111 6
6 00110011 4
7 01000010 2

Input 1: 10000011
0 1
1 0
2 0
3 0
4 0
5 0
6 1
7 1

Input 2: 01010010
0 0
1 1
2 0
3 1
4 0
5 0
6 1
7 0

Input 3: 00100001
0 0
1 0
2 1
3 0
4 0
5 0
6 0
7 1

Input 4: 11100000
0 1
1 1
2 1
3 0
4 0
5 0
6 0
7 0

Input 5: 11000000
0 1
1 1
2 0
3 0
4 0
5 0
6 0
7 0

Input 6: 11001111
0 1
1 1
2 0
3 0
4 1
5 1
6 1
7 1

Input 7: 11110001
0 1
1 1
2 1
3 1
4 0
5 0
6 0
7 1

Input 8: 11101010
0 1
1 1
2 1
3 0
4 1
5 0
6 1
7 0

Identity
0 10011111 6 match 4
1 01011111 6 match 5
2 00110011 4 match 6
3 01000010 2 match 7
4 00000101 2
5 00000100 1 match 0
6 11000101 4 match 1
7 10100110 4 match 2

Matching output with Identity
0 5
1 6
2 7
3 absent
4 0
5 1
6 2
7 3

Left
5 6 7 0x
Best: I5 I6 I7: 3

Right
3 2 1 0 7x
Best: I3 I2 I1 I0: 4

NOT
0 01100000 2
1 10100000 2
2 11001100 4
3 10111101 6
4 11111010 6
5 11111011 7
6 00111010 4
7 01011001 4

Matching output with NOT
0 absent
1 absent
2 absent
3 absent
4 absent
5 absent
6 absent
7 absent

Left
none
Best: none

Right
none
Best: none

Constant
0 00000000 a match 3
1 11111111 a

Matching output with Constant
0 absent
1 absent
2 absent
3 C0
4 absent
5 absent
6 absent
7 absent

Left
none
Best: none

Right
none
Best: none

AND
01 10 00011111 5
12 21 00010011 3
23 32 00000010 1
34 43 00000000 a match 3
45 54 00000100 1 match 0
56 65 00000100 1 match 0
67 76 10000100 2
70 07 10000110 3

02 20 00010011 3
13 31 01000010 2 match 7
24 42 00000001 1
35 53 00000000 a match 3
46 64 00000101 2
57 75 00000100 1 match 0
60 06 10000101 3
71 17 00000110 2

03 30 00000010 1
14 41 00000101 2
25 52 00000000 a match 3
36 63 01000000 1
47 74 00000100 1 match 0
50 05 00000100 1 match 0
61 16 01000101 3
72 27 00100010 2

04 40 00000101 2
15 51 00000100 1 match 0
26 62 00000001 1
37 73 00000010 1

Matching output with AND
0 45 54 56 65 57 75 47 74 05 50 15 51
1 absent
2 absent
3 34 43 35 53 25 52
4 absent
5 absent
6 absent
7 13 31

Left
45 56x
54 65x
56 67x
65 76x
57 60x
75 06x
47 50x
74 05x
05 16x
50 61x
15 26x
51 62x
Best: AND45: 1

Right
13 02x
31 20x
Best: AND13: 1

OR
01 10 11011111 7
12 21 01111111 7
23 32 01110011 5
34 43 01000111 4
45 54 00000101 2
56 65 11000101 4 match 1
67 76 11100111 6
70 07 10111111 7

02 20 10111111 7
13 31 01011111 6 match 5
24 42 00110111 5
35 53 01000110 3
46 64 11000101 4 match 1
57 75 10100110 4 match 2
60 06 11011111 7
71 17 11111111 a

03 30 11011111 7
14 41 01011111 6 match 5
25 52 00110111 5
36 63 11000111 5
47 74 10100111 5
50 05 10011111 6 match 4
61 16 11011111 7
72 27 10110111 6

04 40 10011111 6 match 4
15 51 01011111 6 match 5
26 62 11110111 7
37 73 11100110 5

Matching output with OR
0 absent
1 56 65 46 64
2 57 75
3 absent
4 05 50 04 40
5 13 31 14 41 15 51
6 absent
7 absent

Left
none
Best: none

Right
none
Best: none

XOR
01 10 11000000 2
12 21 01101100 4
23 32 01110001 4
34 43 01000111 4
45 54 00000001 1
56 65 11000001 3
67 76 01100011 4
70 07 00111001 4

02 20 10101100 4
13 31 00011101 4
24 42 00110110 4
35 53 01000110 3
46 64 11000000 2
57 75 10100010 3
60 06 01011010 4
71 17 11111001 6

03 30 11011101 6
14 41 01011010 4
25 52 00110111 5
36 63 10000111 4
47 74 10100011 4
50 05 10011011 5
61 16 10011010 4
72 27 10010101 4

04 40 10011010 4
15 51 01011011 5
26 62 11110110 6
37 73 11100100 4

Matching output with XOR
0 absent
1 absent
2 absent
3 absent
4 absent
5 absent
6 absent
7 absent

Left
none
Best: none

Right
none
Best: none

AND-NOT
01 10000000 1
12 01001100 3
23 00110001 3
34 01000010 2 match 7
45 00000001 1
56 00000000 a match 3
67 01000001 2
70 00100000 1

02 10001100 3
13 00011101 4
24 00110010 3
35 01000010 2 match 7
46 00000000 a match 3
57 00000000 a match 3
60 01000000 1
71 10100000 2

03 10011101 5
14 01011010 4
25 00110011 4 match 6
36 00000010 1
47 00000001 1
50 00000000 a match 3
61 10000000 1
72 10000100 2

04 10011010 4
15 01011011 5
26 00110010 3
37 01000000 1
40 00000000 a match 3
51 00000000 a match 3
62 11000100 3
73 10100100 3

05 10011011 5
16 00011010 3
27 00010001 2
30 01000000 1
41 00000000 a match 3
52 00000100 1 match 0
63 10000101 3
74 10100010 3

06 00011010 3
17 01011001 4
20 00100000 1
31 00000000 a match 3
42 00000100 1 match 0
53 00000100 1 match 0
64 11000000 2
75 10100010 3

07 00011001 3
10 01000000 1
21 00100000 1
32 01000000 1
43 00000101 2
54 00000000 a match 3
65 11000001 3
76 00100010 2

Matching output with AND-NOT
0 52 42 53
1 absent
2 absent
3 56 46 57 50 40 51 41 31 54
4 absent
5 absent
6 25
7 34 35

Left
52 63x
42 53x
53 64x
Best: AND-NOT52: 1

Right
34 23x
35 24x
Best: AND-NOT34: 1

OR-NOT
01 10111111 7
12 11011111 7
23 10111111 7
34 11111010 6
45 11111111 a
56 00111110 5
67 11011101 6
70 11100110 5

02 11011111 7
13 11111111 a
24 11111011 7
35 11111011 7
46 00111111 6
57 01011101 5
60 11100101 5
71 10100110 4 match 2

03 10111111 7
14 11111111 a
25 11111011 7
36 01111010 5
47 01011101 5
50 01100100 3
61 11100101 5
72 11101110 6

04 11111111 a
15 11111111 a
26 00111011 5
37 01011011 5
40 01100101 4
51 10100100 3
62 11001101 5
73 10111111 7

05 11111111 a
16 01111111 7
27 01111011 6
30 01100010 3
41 10100101 4
52 11001100 4
63 11111101 7
74 11111110 7

06 10111111 7
17 01011111 6 match 5
20 01110011 5
31 11100010 4
42 11001101 5
53 10111101 6
64 11111111 a
75 11111111 a

07 11011111 7
10 01111111 7
21 10110011 5
32 11001110 5
43 10111101 6
54 11111110 7
65 11111111 a
76 10111110 6

Matching output with OR-NOT
0 absent
1 absent
2 71
3 absent
4 absent
5 17
6 absent
7 absent

Left
none
Best: none

Right
none
Best: none

XOR-NOT
01 00111111 6
12 10010011 4
23 10001110 4
34 10111000 4
45 11111110 7
56 00111110 5
67 10011100 4
70 11000110 4

02 01010011 4
13 11100010 4
24 11001001 4
35 10111001 5
46 00111111 6
57 01011101 5
60 10100101 4
71 00000110 2

03 00100010 2
14 10100101 4
25 11001000 3
36 01111000 4
47 01011100 4
50 01100100 3
61 01100101 4
72 01101010 4

04 01100101 4
15 10100100 3
26 00001001 2
37 00011011 4
40 01100101 4
51 10100100 3
62 00001001 2
73 00011011 4

05 01100100 3
16 01100101 4
27 01101010 4
30 00100010 2
41 10100101 4
52 11001000 3
63 01111000 4
74 01011100 4

06 10100101 4
17 00000110 2
20 01010011 4
31 11100010 4
42 11001001 4
53 10111001 5
64 00111111 6
75 01011101 5

07 11000110 4
10 00111111 6
21 10010011 4
32 10001110 4
43 10111000 4
54 11111110 7
65 00111110 5
76 10011100 4

Matching output with XOR-NOT
0 absent
1 absent
2 absent
3 absent
4 absent
5 absent
6 absent
7 absent

Left
none
Best: none

Right
none
Best: none

Selecting

Lefts
Identity I5 I6 I7: 3
NOT none
Constant none
AND AND45: 1
OR none
XOR none
AND-NOT AND-NOT52: 1
OR-NOT none
XOR-NOT none

Rights
Identity I3 I2 I1 I0: 4
NOT none
Constant none
AND AND13: 1
OR none
XOR none
AND-NOT AND-NOT34: 1
OR-NOT none
XOR-NOT none

Left longest: 3
Right longest: 4

Right winner: Identity yes, NOT no, Constant no, AND no, OR no, XOR no, AND-NOT no, OR-NOT no, XOR-NOT no
Left winner: Identity yes, NOT no, Constant no, AND no, OR no, XOR no, AND-NOT no, OR-NOT no, XOR-NOT no

Best right: I3 I2 I1 I0: 4
Best left: I5 I6 I7: 3

Truncated right: I3 I2 I1 I0: 4
Truncated left: I5 I6 I7: 3

Tentative from right
7 I3
6 I2
5 I1
4 I0
3 pending
2 pending
1 pending
0 pending

Tentative
0 I5
1 I6
2 I7
3 pending
4 I0
5 I1
6 I2
7 I3

Preferred from right
7 I3
6 I2
5 I1
4 I0
3 ??7
2 I7
1 I6
0 I5

Preferred
0 I5
1 I6
2 I7
3 ?07
4 I0
5 I1
6 I2
7 I3

Matching
0 I5
1 I6
2 I7
3 ?07 - Identity absent, NOT absent, Constant C0, AND absent, OR absent, XOR absent, AND-NOT absent, OR-NOT absent, XOR-NOT absent
4 I0
5 I1
6 I2
7 I3

Perfect match
Identity no
NOT no
Constant yes
AND no
OR no
XOR no
AND-NOT no
OR-NOT no
XOR-NOT no

Matched
0 I5
1 I6
2 I7
3 C0
4 I0
5 I1
6 I2
7 I3

Selected
0 I5
1 I6
2 I7
3 C0
4 I0
5 I1
6 I2
7 I3

Applying to 00001110
Input
0 0
1 0
2 0
3 0
4 1
5 1
6 1
7 0
Output
0 I5 = 1
1 I6 = 1
2 I7 = 0
3 C0 = 0
4 I0 = 0
5 I1 = 0
6 I2 = 0
7 I3 = 0

I will now return the answer in \boxed{}
The answer in \boxed is
\boxed{11000000}
</think>
\boxed{11000000}