We need to deduce the transformation by matching the example outputs.

Output 1: 00000000
0 0
1 0
2 0
3 0
4 0
5 0
6 0
7 0

Output 2: 00000000
0 0
1 0
2 0
3 0
4 0
5 0
6 0
7 0

Output 3: 10000000
0 1
1 0
2 0
3 0
4 0
5 0
6 0
7 0

Output 4: 00000000
0 0
1 0
2 0
3 0
4 0
5 0
6 0
7 0

Output 5: 00100000
0 0
1 0
2 1
3 0
4 0
5 0
6 0
7 0

Output 6: 00000000
0 0
1 0
2 0
3 0
4 0
5 0
6 0
7 0

Output 7: 10000000
0 1
1 0
2 0
3 0
4 0
5 0
6 0
7 0

Output bit columns (with bitsum as hash)
0 0010001 2
1 0000000 a
2 0000100 1
3 0000000 a
4 0000000 a
5 0000000 a
6 0000000 a
7 0000000 a

Input 1: 10000110
0 1
1 0
2 0
3 0
4 0
5 1
6 1
7 0

Input 2: 00001101
0 0
1 0
2 0
3 0
4 1
5 1
6 0
7 1

Input 3: 11101100
0 1
1 1
2 1
3 0
4 1
5 1
6 0
7 0

Input 4: 10010100
0 1
1 0
2 0
3 1
4 0
5 1
6 0
7 0

Input 5: 00110101
0 0
1 0
2 1
3 1
4 0
5 1
6 0
7 1

Input 6: 11001010
0 1
1 1
2 0
3 0
4 1
5 0
6 1
7 0

Input 7: 11001111
0 1
1 1
2 0
3 0
4 1
5 1
6 1
7 1

Identity
0 1011011 5
1 0010011 3
2 0010100 2
3 0001100 2
4 0110011 4
5 1111101 6
6 1000011 3
7 0100101 3

Matching output with Identity
0 absent
1 absent
2 absent
3 absent
4 absent
5 absent
6 absent
7 absent

Left
none
Best: none

Right
none
Best: none

NOT
0 0100100 2
1 1101100 4
2 1101011 5
3 1110011 5
4 1001100 3
5 0000010 1
6 0111100 4
7 1011010 4

Matching output with NOT
0 absent
1 absent
2 absent
3 absent
4 absent
5 absent
6 absent
7 absent

Left
none
Best: none

Right
none
Best: none

Constant
0 0000000 a match 1 3 4 5 6 7
1 1111111 a

Matching output with Constant
0 absent
1 C0
2 absent
3 C0
4 C0
5 C0
6 C0
7 C0

Left
none
Best: none

Right
0 0 0 0 0
Best: C0 C0 C0 C0 C0: 5

AND
01 10 0010011 3
12 21 0010000 1
23 32 0000100 1 match 2
34 43 0000000 a match 1 3 4 5 6 7
45 54 0110001 3
56 65 1000001 2
67 76 0000001 1
70 07 0000001 1

02 20 0010000 1
13 31 0000000 a match 1 3 4 5 6 7
24 42 0010000 1
35 53 0001100 2
46 64 0000011 2
57 75 0100101 3
60 06 1000011 3
71 17 0000001 1

03 30 0001000 1
14 41 0010011 3
25 52 0010100 2
36 63 0000000 a match 1 3 4 5 6 7
47 74 0100001 2
50 05 1011001 4
61 16 0000011 2
72 27 0000100 1 match 2

04 40 0010011 3
15 51 0010001 2 match 0
26 62 0000000 a match 1 3 4 5 6 7
37 73 0000100 1 match 2

Matching output with AND
0 15 51
1 34 43 13 31 36 63 26 62
2 23 32 27 72 37 73
3 34 43 13 31 36 63 26 62
4 34 43 13 31 36 63 26 62
5 34 43 13 31 36 63 26 62
6 34 43 13 31 36 63 26 62
7 34 43 13 31 36 63 26 62

Left
15 26 37 40x
51 62 73 04x
Best: AND15 AND26 AND37: 3

Right
34 23x
43 32x
13 02x
31 20x
36 25x
63 52x
26 15x
62 51x
Best: AND34: 1

OR
01 10 1011011 5
12 21 0010111 4
23 32 0011100 3
34 43 0111111 6
45 54 1111111 a
56 65 1111111 a
67 76 1100111 5
70 07 1111111 a

02 20 1011111 6
13 31 0011111 5
24 42 0110111 5
35 53 1111101 6
46 64 1110011 5
57 75 1111101 6
60 06 1011011 5
71 17 0110111 5

03 30 1011111 6
14 41 0110011 4
25 52 1111101 6
36 63 1001111 5
47 74 0110111 5
50 05 1111111 a
61 16 1010011 4
72 27 0110101 4

04 40 1111011 6
15 51 1111111 a
26 62 1010111 5
37 73 0101101 4

Matching output with OR
0 absent
1 absent
2 absent
3 absent
4 absent
5 absent
6 absent
7 absent

Left
none
Best: none

Right
none
Best: none

XOR
01 10 1001000 2
12 21 0000111 3
23 32 0011000 2
34 43 0111111 6
45 54 1001110 4
56 65 0111110 5
67 76 1100110 4
70 07 1111110 6

02 20 1001111 5
13 31 0011111 5
24 42 0100111 4
35 53 1110001 4
46 64 1110000 3
57 75 1011000 3
60 06 0011000 2
71 17 0110110 4

03 30 1010111 5
14 41 0100000 1
25 52 1101001 4
36 63 1001111 5
47 74 0010110 3
50 05 0100110 3
61 16 1010000 2
72 27 0110001 3

04 40 1101000 3
15 51 1101110 5
26 62 1010111 5
37 73 0101001 3

Matching output with XOR
0 absent
1 absent
2 absent
3 absent
4 absent
5 absent
6 absent
7 absent

Left
none
Best: none

Right
none
Best: none

AND-NOT
01 1001000 2
12 0000011 2
23 0010000 1
34 0001100 2
45 0000010 1
56 0111100 4
67 1000010 2
70 0100100 2

02 1001011 4
13 0010011 3
24 0000100 1 match 2
35 0000000 a match 1 3 4 5 6 7
46 0110000 2
57 1011000 3
60 0000000 a match 1 3 4 5 6 7
71 0100100 2

03 1010011 4
14 0000000 a match 1 3 4 5 6 7
25 0000000 a match 1 3 4 5 6 7
36 0001100 2
47 0010010 2
50 0100100 2
61 1000000 1
72 0100001 2

04 1001000 2
15 0000010 1
26 0010100 2
37 0001000 1
40 0100000 1
51 1101100 4
62 1000011 3
73 0100001 2

05 0000010 1
16 0010000 1
27 0010000 1
30 0000100 1 match 2
41 0100000 1
52 1101001 4
63 1000011 3
74 0000100 1 match 2

06 0011000 2
17 0010010 2
20 0000100 1 match 2
31 0001100 2
42 0100011 3
53 1110001 4
64 1000000 1
75 0000000 a match 1 3 4 5 6 7

07 1011010 4
10 0000000 a match 1 3 4 5 6 7
21 0000100 1 match 2
32 0001000 1
43 0110011 4
54 1001100 3
65 0000010 1
76 0100100 2

Matching output with AND-NOT
0 absent
1 35 60 14 25 75 10
2 24 30 74 20 21
3 35 60 14 25 75 10
4 35 60 14 25 75 10
5 35 60 14 25 75 10
6 35 60 14 25 75 10
7 35 60 14 25 75 10

Left
none
Best: none

Right
35 24x
60 57x
14 03x
25 14 03x
75 64x
10 07x
Best: AND-NOT25 AND-NOT14: 2

OR-NOT
01 1111111 a
12 1111011 6
23 1110111 6
34 1001100 3
45 0110011 4
56 1111101 6
67 1011011 5
70 0100101 3

02 1111011 6
13 1110011 5
24 1011100 4
35 0001110 3
46 0111111 6
57 1111111 a
60 1100111 5
71 1101101 5

03 1111011 6
14 1011111 6
25 0010110 3
36 0111100 4
47 1111011 6
50 1111101 6
61 1101111 6
72 1101111 6

04 1011111 6
15 0010011 3
26 0111100 4
37 1011110 5
40 0110111 5
51 1111101 6
62 1101011 5
73 1110111 6

05 1011011 5
16 0111111 6
27 1011110 5
30 0101100 3
41 1111111 a
52 1111111 a
63 1110011 5
74 1101101 5

06 1111111 a
17 1011011 5
20 0110100 3
31 1101100 4
42 1111011 6
53 1111111 a
64 1001111 5
75 0100111 4

07 1011011 5
10 0110111 5
21 1111100 5
32 1101111 6
43 1110011 5
54 1111101 6
65 1000011 3
76 0111101 5

Matching output with OR-NOT
0 absent
1 absent
2 absent
3 absent
4 absent
5 absent
6 absent
7 absent

Left
none
Best: none

Right
none
Best: none

XOR-NOT
01 0110111 5
12 1111000 4
23 1100111 5
34 1000000 1
45 0110001 3
56 1000001 2
67 0011001 3
70 0000001 1

02 0110000 2
13 1100000 2
24 1011000 3
35 0001110 3
46 0001111 4
57 0100111 4
60 1100111 5
71 1001001 3

03 0101000 2
14 1011111 6
25 0010110 3
36 0110000 2
47 1101001 4
50 1011001 4
61 0101111 5
72 1001110 4

04 0010111 4
15 0010001 2 match 0
26 0101000 2
37 1010110 4
40 0010111 4
51 0010001 2 match 0
62 0101000 2
73 1010110 4

05 1011001 4
16 0101111 5
27 1001110 4
30 0101000 2
41 1011111 6
52 0010110 3
63 0110000 2
74 1101001 4

06 1100111 5
17 1001001 3
20 0110000 2
31 1100000 2
42 1011000 3
53 0001110 3
64 0001111 4
75 0100111 4

07 0000001 1
10 0110111 5
21 1111000 4
32 1100111 5
43 1000000 1
54 0110001 3
65 1000001 2
76 0011001 3

Matching output with XOR-NOT
0 15 51
1 absent
2 absent
3 absent
4 absent
5 absent
6 absent
7 absent

Left
15 26x
51 62x
Best: XOR-NOT15: 1

Right
none
Best: none

Selecting

Lefts
Identity none
NOT none
Constant none
AND AND15 AND26 AND37: 3
OR none
XOR none
AND-NOT none
OR-NOT none
XOR-NOT XOR-NOT15: 1

Rights
Identity none
NOT none
Constant C0 C0 C0 C0 C0: 5
AND AND34: 1
OR none
XOR none
AND-NOT AND-NOT25 AND-NOT14: 2
OR-NOT none
XOR-NOT none

Left longest: 3
Right longest: 5

Right winner: Identity no, NOT no, Constant yes, AND no, OR no, XOR no, AND-NOT no, OR-NOT no, XOR-NOT no
Left winner: Identity no, NOT no, Constant no, AND yes, OR no, XOR no, AND-NOT no, OR-NOT no, XOR-NOT no

Best right: C0 C0 C0 C0 C0: 5
Best left: AND15 AND26 AND37: 3

Truncated right: C0 C0 C0 C0 C0: 5
Truncated left: AND15 AND26 AND37: 3

Tentative from right
7 C0
6 C0
5 C0
4 C0
3 C0
2 pending
1 pending
0 pending

Tentative
0 AND15
1 AND26
2 AND37
3 C0
4 C0
5 C0
6 C0
7 C0

Preferred from right
7 C0
6 C0
5 C0
4 C0
3 C0
2 AND37
1 AND26
0 AND15

Preferred
0 AND15
1 AND26
2 AND37
3 C0
4 C0
5 C0
6 C0
7 C0

Matching
0 AND15
1 AND26
2 AND37
3 C0
4 C0
5 C0
6 C0
7 C0

Perfect match
Identity no
NOT no
Constant no
AND no
OR no
XOR no
AND-NOT no
OR-NOT no
XOR-NOT no

Matched
0 AND15
1 AND26
2 AND37
3 C0
4 C0
5 C0
6 C0
7 C0

Selected
0 AND15
1 AND26
2 AND37
3 C0
4 C0
5 C0
6 C0
7 C0

Applying to 01111010
Input
0 0
1 1
2 1
3 1
4 1
5 0
6 1
7 0
Output
0 AND15 = AND(1,0) = 0
1 AND26 = AND(1,1) = 1
2 AND37 = AND(1,0) = 0
3 C0 = 0
4 C0 = 0
5 C0 = 0
6 C0 = 0
7 C0 = 0

I will now return the answer in \boxed{}
The answer in \boxed is
\boxed{01000000}
</think>
\boxed{01000000}