We need to deduce the transformation by matching the example outputs.

Output 1: 10110010
0 1
1 0
2 1
3 1
4 0
5 0
6 1
7 0

Output 2: 01000001
0 0
1 1
2 0
3 0
4 0
5 0
6 0
7 1

Output 3: 00100010
0 0
1 0
2 1
3 0
4 0
5 0
6 1
7 0

Output 4: 01100011
0 0
1 1
2 1
3 0
4 0
5 0
6 1
7 1

Output 5: 01001111
0 0
1 1
2 0
3 0
4 1
5 1
6 1
7 1

Output 6: 00110001
0 0
1 0
2 1
3 1
4 0
5 0
6 0
7 1

Output 7: 10011001
0 1
1 0
2 0
3 1
4 1
5 0
6 0
7 1

Output 8: 11010010
0 1
1 1
2 0
3 1
4 0
5 0
6 1
7 0

Output 9: 00110110
0 0
1 0
2 1
3 1
4 0
5 1
6 1
7 0

Output bit columns (with bitsum as hash)
0 100000110 3
1 010110010 4
2 101101001 5
3 100001111 5
4 000010100 2
5 000010001 2
6 101110011 6
7 010111100 5

Input 1: 10011101
0 1
1 0
2 0
3 1
4 1
5 1
6 0
7 1

Input 2: 00001010
0 0
1 0
2 0
3 0
4 1
5 0
6 1
7 0

Input 3: 00010001
0 0
1 0
2 0
3 1
4 0
5 0
6 0
7 1

Input 4: 00011011
0 0
1 0
2 0
3 1
4 1
5 0
6 1
7 1

Input 5: 01111010
0 0
1 1
2 1
3 1
4 1
5 0
6 1
7 0

Input 6: 10000001
0 1
1 0
2 0
3 0
4 0
5 0
6 0
7 1

Input 7: 11000100
0 1
1 1
2 0
3 0
4 0
5 1
6 0
7 0

Input 8: 10011110
0 1
1 0
2 0
3 1
4 1
5 1
6 1
7 0

Input 9: 10111001
0 1
1 0
2 1
3 1
4 1
5 0
6 0
7 1

Identity
0 100001111 5 match 3
1 000010100 2 match 4
2 000010001 2 match 5
3 101110011 6 match 6
4 110110011 6
5 100000110 3 match 0
6 010110010 4 match 1
7 101101001 5 match 2

Matching output with Identity
0 5
1 6
2 7
3 0
4 1
5 2
6 3
7 absent

Left
5 6 7 0 1 2 3 4x
Best: I5 I6 I7 I0 I1 I2 I3: 7

Right
none
Best: none

NOT
0 011110000 4
1 111101011 7
2 111101110 7
3 010001100 3
4 001001100 3
5 011111001 6
6 101001101 5
7 010010110 4

Matching output with NOT
0 absent
1 absent
2 absent
3 absent
4 absent
5 absent
6 absent
7 absent

Left
none
Best: none

Right
none
Best: none

Constant
0 000000000 a
1 111111111 a

Matching output with Constant
0 absent
1 absent
2 absent
3 absent
4 absent
5 absent
6 absent
7 absent

Left
none
Best: none

Right
none
Best: none

AND
01 10 000000100 1
12 21 000010000 1
23 32 000010001 2 match 5
34 43 100110011 5
45 54 100000010 2
56 65 000000010 1
67 76 000100000 1
70 07 100001001 3

02 20 000000001 1
13 31 000010000 1
24 42 000010001 2 match 5
35 53 100000010 2
46 64 010110010 4 match 1
57 75 100000000 1
60 06 000000010 1
71 17 000000000 a

03 30 100000011 3
14 41 000010000 1
25 52 000000000 a
36 63 000110010 3
47 74 100100001 3
50 05 100000110 3 match 0
61 16 000010000 1
72 27 000000001 1

04 40 100000011 3
15 51 000000100 1
26 62 000010000 1
37 73 101100001 4

Matching output with AND
0 05 50
1 46 64
2 absent
3 absent
4 absent
5 23 32 24 42
6 absent
7 absent

Left
05 16x
50 61x
Best: AND05: 1

Right
none
Best: none

OR
01 10 100011111 6
12 21 000010101 3
23 32 101110011 6 match 6
34 43 111110011 7
45 54 110110111 7
56 65 110110110 6
67 76 111111011 8
70 07 101101111 7

02 20 100011111 6
13 31 101110111 7
24 42 110110011 6
35 53 101110111 7
46 64 110110011 6
57 75 101101111 7
60 06 110111111 8
71 17 101111101 7

03 30 101111111 8
14 41 110110111 7
25 52 100010111 5
36 63 111110011 7
47 74 111111011 8
50 05 100001111 5 match 3
61 16 010110110 5
72 27 101111001 6

04 40 110111111 8
15 51 100010110 4
26 62 010110011 5
37 73 101111011 7

Matching output with OR
0 absent
1 absent
2 absent
3 05 50
4 absent
5 absent
6 23 32
7 absent

Left
none
Best: none

Right
none
Best: none

XOR
01 10 100011011 5
12 21 000000101 2
23 32 101100010 4
34 43 011000000 2
45 54 010110101 5
56 65 110110100 5
67 76 111011011 7
70 07 001100110 4

02 20 100011110 5
13 31 101100111 6
24 42 110100010 4
35 53 001110101 5
46 64 100000001 2
57 75 001101111 6
60 06 110111101 7
71 17 101111101 7

03 30 001111100 5
14 41 110100111 6
25 52 100010111 5
36 63 111000001 4
47 74 011011010 5
50 05 000001001 2
61 16 010100110 4
72 27 101111000 5

04 40 010111100 5 match 7
15 51 100010010 3
26 62 010100011 4
37 73 000011010 3

Matching output with XOR
0 absent
1 absent
2 absent
3 absent
4 absent
5 absent
6 absent
7 04 40

Left
none
Best: none

Right
04 73x
40 37x
Best: XOR04: 1

AND-NOT
01 100001011 4
12 000000100 1
23 000000000 a
34 001000000 1
45 010110001 4
56 100000100 2
67 010010010 3
70 001100000 2

02 100001110 4
13 000000100 1
24 000000000 a
35 001110001 4
46 100000001 2
57 000000110 2
60 010110000 3
71 101101001 5 match 2

03 000001100 2
14 000000100 1
25 000010001 2 match 5
36 101000001 3
47 010010010 3
50 000000000 a
61 010100010 3
72 101101000 4

04 000001100 2
15 000010000 1
26 000000001 1
37 000010010 2
40 010110000 3
51 100000010 2
62 010100010 3
73 000001000 1

05 000001001 2
16 000000100 1
27 000010000 1
30 001110000 3
41 110100011 5
52 100000110 3 match 0
63 010000000 1
74 001001000 2

06 100001101 4
17 000010100 2 match 4
20 000010000 1
31 101100011 5
42 110100010 4
53 000000100 1
64 000000000 a
75 001101001 4

07 000000110 2
10 000010000 1
21 000000001 1
32 101100010 4
43 010000000 1
54 000000100 1
65 010110000 3
76 101001001 4

Matching output with AND-NOT
0 52
1 absent
2 71
3 absent
4 17
5 25
6 absent
7 absent

Left
52 63x
Best: AND-NOT52: 1

Right
none
Best: none

OR-NOT
01 111101111 8
12 111111110 8
23 010011101 5
34 101111111 8
45 111111011 8
56 101001111 6
67 010110110 5
70 111111001 7

02 111101111 8
13 010011100 4
24 001011101 5
35 111111011 8
46 111111111 a
57 110010110 5
60 011110010 5
71 111101011 7

03 110001111 6
14 001011100 4
25 011111001 6
36 101111111 8
47 110110111 7
50 111110110 7
61 111111011 8
72 111101111 8

04 101001111 6
15 011111101 7
26 101011101 6
37 111110111 8
40 111110011 7
51 111101111 8
62 111111110 8
73 111101101 7

05 111111111 a
16 101011101 6
27 010010111 5
30 111110011 7
41 111111011 8
52 111101110 7
63 010111110 6
74 101101101 6

06 101001111 6
17 010010110 4
20 011110001 5
31 111111011 8
42 111111111 a
53 110001110 5
64 011111110 7
75 111111001 7

07 110011111 7
10 011110100 5
21 111111011 8
32 111111111 a
43 110111111 8
54 101001110 5
65 011111011 7
76 101101101 6

Matching output with OR-NOT
0 absent
1 absent
2 absent
3 absent
4 absent
5 absent
6 absent
7 absent

Left
none
Best: none

Right
none
Best: none

XOR-NOT
01 011100100 4
12 111111010 7
23 010011101 5
34 100111111 7
45 101001010 4
56 001001011 4
67 000100100 2
70 110011001 5

02 011100001 4
13 010011000 3
24 001011101 5
35 110001010 4
46 011111110 7
57 110010000 3
60 001000010 2
71 010000010 2

03 110000011 4
14 001011000 3
25 011101000 4
36 000111110 5
47 100100101 4
50 111110110 7
61 101011001 5
72 010000111 4

04 101000011 4
15 011101101 6
26 101011100 5
37 111100101 6
40 101000011 4
51 011101101 6
62 101011100 5
73 111100101 6

05 111110110 7
16 101011001 5
27 010000111 4
30 110000011 4
41 001011000 3
52 011101000 4
63 000111110 5
74 100100101 4

06 001000010 2
17 010000010 2
20 011100001 4
31 010011000 3
42 001011101 5
53 110001010 4
64 011111110 7
75 110010000 3

07 110011001 5
10 011100100 4
21 111111010 7
32 010011101 5
43 100111111 7
54 101001010 4
65 001001011 4
76 000100100 2

Matching output with XOR-NOT
0 absent
1 absent
2 absent
3 absent
4 absent
5 absent
6 absent
7 absent

Left
none
Best: none

Right
none
Best: none

Selecting

Lefts
Identity I5 I6 I7 I0 I1 I2 I3: 7
NOT none
Constant none
AND AND05: 1
OR none
XOR none
AND-NOT AND-NOT52: 1
OR-NOT none
XOR-NOT none

Rights
Identity none
NOT none
Constant none
AND none
OR none
XOR XOR04: 1
AND-NOT none
OR-NOT none
XOR-NOT none

Left longest: 7
Right longest: 1

Left winner: Identity yes, NOT no, Constant no, AND no, OR no, XOR no, AND-NOT no, OR-NOT no, XOR-NOT no
Right winner: Identity no, NOT no, Constant no, AND no, OR no, XOR yes, AND-NOT no, OR-NOT no, XOR-NOT no

Best left: I5 I6 I7 I0 I1 I2 I3: 7
Best right: XOR04: 1

Truncated left: I5 I6 I7 I0 I1 I2 I3: 7
Truncated right: XOR04: 1

Tentative from right
7 XOR04
6 pending
5 pending
4 pending
3 pending
2 pending
1 pending
0 pending

Tentative
0 I5
1 I6
2 I7
3 I0
4 I1
5 I2
6 I3
7 XOR04

Preferred from left
0 I5
1 I6
2 I7
3 I0
4 I1
5 I2
6 I3
7 XOR04

Preferred
0 I5
1 I6
2 I7
3 I0
4 I1
5 I2
6 I3
7 XOR04

Matching
0 I5
1 I6
2 I7
3 I0
4 I1
5 I2
6 I3
7 XOR04

Perfect match
Identity no
NOT no
Constant no
AND no
OR no
XOR no
AND-NOT no
OR-NOT no
XOR-NOT no

Matched
0 I5
1 I6
2 I7
3 I0
4 I1
5 I2
6 I3
7 XOR04

Selected
0 I5
1 I6
2 I7
3 I0
4 I1
5 I2
6 I3
7 XOR04

Applying to 00111110
Input
0 0
1 0
2 1
3 1
4 1
5 1
6 1
7 0
Output
0 I5 = 1
1 I6 = 1
2 I7 = 0
3 I0 = 0
4 I1 = 0
5 I2 = 1
6 I3 = 1
7 XOR04 = XOR(0,1) = 1

I will now return the answer in \boxed{}
The answer in \boxed is
\boxed{11000111}
</think>
\boxed{11000111}