We need to deduce the transformation by matching the example outputs.

Output 1: 00101101
0 0
1 0
2 1
3 0
4 1
5 1
6 0
7 1

Output 2: 11100110
0 1
1 1
2 1
3 0
4 0
5 1
6 1
7 0

Output 3: 01001110
0 0
1 1
2 0
3 0
4 1
5 1
6 1
7 0

Output 4: 11100101
0 1
1 1
2 1
3 0
4 0
5 1
6 0
7 1

Output 5: 11001001
0 1
1 1
2 0
3 0
4 1
5 0
6 0
7 1

Output 6: 11011101
0 1
1 1
2 0
3 1
4 1
5 1
6 0
7 1

Output 7: 10001010
0 1
1 0
2 0
3 0
4 1
5 0
6 1
7 0

Output 8: 10011110
0 1
1 0
2 0
3 1
4 1
5 1
6 1
7 0

Output bit columns (with bitsum as hash)
0 01011111 6
1 01111100 5
2 11010000 3
3 00000101 2
4 10101111 6
5 11110101 6
6 01100011 4
7 10011100 4

Input 1: 01100001
0 0
1 1
2 1
3 0
4 0
5 0
6 0
7 1

Input 2: 10100101
0 1
1 0
2 1
3 0
4 0
5 1
6 0
7 1

Input 3: 10011000
0 1
1 0
2 0
3 1
4 1
5 0
6 0
7 0

Input 4: 00100101
0 0
1 0
2 1
3 0
4 0
5 1
6 0
7 1

Input 5: 00000011
0 0
1 0
2 0
3 0
4 0
5 0
6 1
7 1

Input 6: 01011001
0 0
1 1
2 0
3 1
4 1
5 0
6 0
7 1

Input 7: 10100011
0 1
1 0
2 1
3 0
4 0
5 0
6 1
7 1

Input 8: 10110000
0 1
1 0
2 1
3 1
4 0
5 0
6 0
7 0

Identity
0 01100011 4 match 6
1 10000100 2
2 11010011 5
3 00100101 3
4 00100100 2
5 01010000 2
6 00001010 2
7 11011110 6

Matching output with Identity
0 absent
1 absent
2 absent
3 absent
4 absent
5 absent
6 0
7 absent

Left
none
Best: none

Right
none
Best: none

NOT
0 10011100 4 match 7
1 01111011 6
2 00101100 3
3 11011010 5
4 11011011 6
5 10101111 6 match 4
6 11110101 6 match 5
7 00100001 2

Matching output with NOT
0 absent
1 absent
2 absent
3 absent
4 5
5 6
6 absent
7 0

Left
none
Best: none

Right
0 7x
Best: NOT0: 1

Constant
0 00000000 a
1 11111111 a

Matching output with Constant
0 absent
1 absent
2 absent
3 absent
4 absent
5 absent
6 absent
7 absent

Left
none
Best: none

Right
none
Best: none

AND
01 10 00000000 a
12 21 10000000 1
23 32 00000001 1
34 43 00100100 2
45 54 00000000 a
56 65 00000000 a
67 76 00001010 2
70 07 01000010 2

02 20 01000011 3
13 31 00000100 1
24 42 00000000 a
35 53 00000000 a
46 64 00000000 a
57 75 01010000 2
60 06 00000010 1
71 17 10000100 2

03 30 00100001 2
14 41 00000100 1
25 52 01010000 2
36 63 00000000 a
47 74 00000100 1
50 05 01000000 1
61 16 00000000 a
72 27 11010010 4

04 40 00100000 1
15 51 00000000 a
26 62 00000010 1
37 73 00000100 1

Matching output with AND
0 absent
1 absent
2 absent
3 absent
4 absent
5 absent
6 absent
7 absent

Left
none
Best: none

Right
none
Best: none

OR
01 10 11100111 6
12 21 11010111 6
23 32 11110111 7
34 43 00100101 3
45 54 01110100 4
56 65 01011010 4
67 76 11011110 6
70 07 11111111 a

02 20 11110011 6
13 31 10100101 4
24 42 11110111 7
35 53 01110101 5
46 64 00101110 4
57 75 11011110 6
60 06 01101011 5
71 17 11011110 6

03 30 01100111 5
14 41 10100100 3
25 52 11010011 5
36 63 00101111 5
47 74 11111110 7
50 05 01110011 5
61 16 10001110 4
72 27 11011111 7

04 40 01100111 5
15 51 11010100 4
26 62 11011011 6
37 73 11111111 a

Matching output with OR
0 absent
1 absent
2 absent
3 absent
4 absent
5 absent
6 absent
7 absent

Left
none
Best: none

Right
none
Best: none

XOR
01 10 11100111 6
12 21 01010111 5
23 32 11110110 6
34 43 00000001 1
45 54 01110100 4
56 65 01011010 4
67 76 11010100 4
70 07 10111101 6

02 20 10110000 3
13 31 10100001 3
24 42 11110111 7
35 53 01110101 5
46 64 00101110 4
57 75 10001110 4
60 06 01101001 4
71 17 01011010 4

03 30 01000110 3
14 41 10100000 2
25 52 10000011 3
36 63 00101111 5
47 74 11111010 6
50 05 00110011 4
61 16 10001110 4
72 27 00001101 3

04 40 01000111 4
15 51 11010100 4
26 62 11011001 5
37 73 11111011 7

Matching output with XOR
0 absent
1 absent
2 absent
3 absent
4 absent
5 absent
6 absent
7 absent

Left
none
Best: none

Right
none
Best: none

AND-NOT
01 01100011 4 match 6
12 00000100 1
23 11010010 4
34 00000001 1
45 00100100 2
56 01010000 2
67 00000000 a
70 10011100 4 match 7

02 00100000 1
13 10000000 1
24 11010011 5
35 00100101 3
46 00100100 2
57 00000000 a
60 00001000 1
71 01011010 4

03 01000010 2
14 10000000 1
25 10000011 3
36 00100101 3
47 00100000 1
50 00010000 1
61 00001010 2
72 00001100 2

04 01000011 3
15 10000100 2
26 11010001 4
37 00100001 2
40 00000100 1
51 01010000 2
62 00001000 1
73 11011010 5

05 00100011 3
16 10000100 2
27 00000001 1
30 00000100 1
41 00100000 1
52 00000000 a
63 00001010 2
74 11011010 5

06 01100001 3
17 00000000 a
20 10010000 2
31 00100001 2
42 00100100 2
53 01010000 2
64 00001010 2
75 10001110 4

07 00100001 2
10 10000100 2
21 01010011 4
32 00100100 2
43 00000000 a
54 01010000 2
65 00001010 2
76 11010100 4

Matching output with AND-NOT
0 absent
1 absent
2 absent
3 absent
4 absent
5 absent
6 01
7 70

Left
none
Best: none

Right
70 67x
Best: AND-NOT70: 1

OR-NOT
01 01111011 6
12 10101100 4
23 11011011 6
34 11111111 a
45 10101111 6 match 4
56 11110101 6 match 5
67 00101011 4
70 11011110 6

02 01101111 6
13 11011110 6
24 11011011 6
35 10101111 6 match 4
46 11110101 6 match 5
57 01110001 4
60 10011110 5
71 11111111 a

03 11111011 7
14 11011111 7
25 11111111 a
36 11110101 6 match 5
47 00100101 3
50 11011100 5
61 01111011 6
72 11111110 7

04 11111011 7
15 10101111 6 match 4
26 11110111 7
37 00100101 3
40 10111100 5
51 01111011 6
62 00101110 4
73 11011110 6

05 11101111 7
16 11110101 6 match 5
27 11110011 6
30 10111101 6
41 01111111 7
52 01111100 5 match 1
63 11011010 5
74 11011111 7

06 11110111 7
17 10100101 4
20 11011111 7
31 01111111 7
42 00101100 3
53 11011010 5
64 11011011 6
75 11111111 a

07 01100011 4 match 6
10 10011100 4 match 7
21 11111011 7
32 00101101 4
43 11111110 7
54 11011011 6
65 10101111 6 match 4
76 11111111 a

Matching output with OR-NOT
0 absent
1 52
2 absent
3 absent
4 45 35 15 65
5 56 46 36 16
6 07
7 10

Left
none
Best: none

Right
10 07 76x
Best: OR-NOT10 OR-NOT07: 2

XOR-NOT
01 00011000 2
12 10101000 3
23 00001001 2
34 11111110 7
45 10001011 4
56 10100101 4
67 00101011 4
70 01000010 2

02 01001111 5
13 01011110 5
24 00001000 1
35 10001010 3
46 11010001 4
57 01110001 4
60 10010110 4
71 10100101 4

03 10111001 5
14 01011111 6 match 0
25 01111100 5 match 1
36 11010000 3 match 2
47 00000101 2 match 3
50 11001100 4
61 01110001 4
72 11110010 5

04 10111000 4
15 00101011 4
26 00100110 3
37 00000100 1
40 10111000 4
51 00101011 4
62 00100110 3
73 00000100 1

05 11001100 4
16 01110001 4
27 11110010 5
30 10111001 5
41 01011111 6 match 0
52 01111100 5 match 1
63 11010000 3 match 2
74 00000101 2 match 3

06 10010110 4
17 10100101 4
20 01001111 5
31 01011110 5
42 00001000 1
53 10001010 3
64 11010001 4
75 01110001 4

07 01000010 2
10 00011000 2
21 10101000 3
32 00001001 2
43 11111110 7
54 10001011 4
65 10100101 4
76 00101011 4

Matching output with XOR-NOT
0 14 41
1 25 52
2 36 63
3 47 74
4 absent
5 absent
6 absent
7 absent

Left
14 25 36 47 50x
41 52 63 74 05x
Best: XOR-NOT14 XOR-NOT25 XOR-NOT36 XOR-NOT47: 4

Right
none
Best: none

Selecting

Lefts
Identity none
NOT none
Constant none
AND none
OR none
XOR none
AND-NOT none
OR-NOT none
XOR-NOT XOR-NOT14 XOR-NOT25 XOR-NOT36 XOR-NOT47: 4

Rights
Identity none
NOT NOT0: 1
Constant none
AND none
OR none
XOR none
AND-NOT AND-NOT70: 1
OR-NOT OR-NOT10 OR-NOT07: 2
XOR-NOT none

Left longest: 4
Right longest: 2

Left winner: Identity no, NOT no, Constant no, AND no, OR no, XOR no, AND-NOT no, OR-NOT no, XOR-NOT yes
Right winner: Identity no, NOT no, Constant no, AND no, OR no, XOR no, AND-NOT no, OR-NOT yes, XOR-NOT no

Best left: XOR-NOT14 XOR-NOT25 XOR-NOT36 XOR-NOT47: 4
Best right: OR-NOT10 OR-NOT07: 2

Truncated left: XOR-NOT14 XOR-NOT25 XOR-NOT36 XOR-NOT47: 4
Truncated right: OR-NOT10 OR-NOT07: 2

Tentative from right
7 OR-NOT10
6 OR-NOT07
5 pending
4 pending
3 pending
2 pending
1 pending
0 pending

Tentative
0 XOR-NOT14
1 XOR-NOT25
2 XOR-NOT36
3 XOR-NOT47
4 pending
5 pending
6 OR-NOT07
7 OR-NOT10

Preferred from left
0 XOR-NOT14
1 XOR-NOT25
2 XOR-NOT36
3 XOR-NOT47
4 ?50
5 ?61
6 OR-NOT07
7 OR-NOT10

Preferred
0 XOR-NOT14
1 XOR-NOT25
2 XOR-NOT36
3 XOR-NOT47
4 ?50
5 ?61
6 OR-NOT07
7 OR-NOT10

Matching
0 XOR-NOT14
1 XOR-NOT25
2 XOR-NOT36
3 XOR-NOT47
4 ?50 - Identity absent, NOT5, Constant absent, AND absent, OR absent, XOR absent, AND-NOT absent, OR-NOT absent, XOR-NOT absent
5 ?61 - Identity absent, NOT6, Constant absent, AND absent, OR absent, XOR absent, AND-NOT absent, OR-NOT16, XOR-NOT absent
6 OR-NOT07
7 OR-NOT10

Perfect match
Identity no
NOT yes
Constant no
AND no
OR no
XOR no
AND-NOT no
OR-NOT no
XOR-NOT no

Matched
0 XOR-NOT14
1 XOR-NOT25
2 XOR-NOT36
3 XOR-NOT47
4 NOT5
5 NOT6
6 OR-NOT07
7 OR-NOT10

Selected
0 XOR-NOT14
1 XOR-NOT25
2 XOR-NOT36
3 XOR-NOT47
4 NOT5
5 NOT6
6 OR-NOT07
7 OR-NOT10

Applying to 11111010
Input
0 1
1 1
2 1
3 1
4 1
5 0
6 1
7 0
Output
0 XOR-NOT14 = XOR(1,NOT(1)) = 1
1 XOR-NOT25 = XOR(1,NOT(0)) = 0
2 XOR-NOT36 = XOR(1,NOT(1)) = 1
3 XOR-NOT47 = XOR(1,NOT(0)) = 0
4 NOT5 = NOT(0) = 1
5 NOT6 = NOT(1) = 0
6 OR-NOT07 = OR(1,NOT(0)) = 1
7 OR-NOT10 = OR(1,NOT(1)) = 1

I will now return the answer in \boxed{}
The answer in \boxed is
\boxed{10101011}
</think>
\boxed{10101011}