We need to deduce the transformation by matching the example outputs.

Output 1: 01000001
0 0
1 1
2 0
3 0
4 0
5 0
6 0
7 1

Output 2: 11011001
0 1
1 1
2 0
3 1
4 1
5 0
6 0
7 1

Output 3: 01011011
0 0
1 1
2 0
3 1
4 1
5 0
6 1
7 1

Output 4: 00011101
0 0
1 0
2 0
3 1
4 1
5 1
6 0
7 1

Output 5: 00011111
0 0
1 0
2 0
3 1
4 1
5 1
6 1
7 1

Output 6: 11111001
0 1
1 1
2 1
3 1
4 1
5 0
6 0
7 1

Output 7: 01001101
0 0
1 1
2 0
3 0
4 1
5 1
6 0
7 1

Output 8: 01010011
0 0
1 1
2 0
3 1
4 0
5 0
6 1
7 1

Output 9: 01100101
0 0
1 1
2 1
3 0
4 0
5 1
6 0
7 1

Output bit columns (with bitsum as hash)
0 010001000 2
1 111001111 7
2 000001001 2
3 011111010 6
4 011111100 6
5 000110101 4
6 001010010 3
7 111111111 a

Input 1: 11100111
0 1
1 1
2 1
3 0
4 0
5 1
6 1
7 1

Input 2: 11001011
0 1
1 1
2 0
3 0
4 1
5 0
6 1
7 1

Input 3: 01000010
0 0
1 1
2 0
3 0
4 0
5 0
6 1
7 0

Input 4: 10111001
0 1
1 0
2 1
3 1
4 1
5 0
6 0
7 1

Input 5: 01110000
0 0
1 1
2 1
3 1
4 0
5 0
6 0
7 0

Input 6: 11011011
0 1
1 1
2 0
3 1
4 1
5 0
6 1
7 1

Input 7: 01010001
0 0
1 1
2 0
3 1
4 0
5 0
6 0
7 1

Input 8: 11100110
0 1
1 1
2 1
3 0
4 0
5 1
6 1
7 0

Input 9: 01100101
0 0
1 1
2 1
3 0
4 0
5 1
6 0
7 1

Identity
0 110101010 5
1 111011111 8
2 100110011 5
3 000111100 4
4 010101000 3
5 100000011 3
6 111001010 5
7 110101101 6

Matching output with Identity
0 absent
1 absent
2 absent
3 absent
4 absent
5 absent
6 absent
7 absent

Left
none
Best: none

Right
none
Best: none

NOT
0 001010101 4
1 000100000 1
2 011001100 4
3 111000011 5
4 101010111 6
5 011111100 6 match 4
6 000110101 4 match 5
7 001010010 3 match 6

Matching output with NOT
0 absent
1 absent
2 absent
3 absent
4 5
5 6
6 7
7 absent

Left
none
Best: none

Right
none
Best: none

Constant
0 000000000 a
1 111111111 a match 7

Matching output with Constant
0 absent
1 absent
2 absent
3 absent
4 absent
5 absent
6 absent
7 C1

Left
none
Best: none

Right
1
Best: C1: 1

AND
01 10 110001010 4
12 21 100010011 4
23 32 000110000 2
34 43 000101000 2
45 54 000000000 a
56 65 100000010 2
67 76 110001000 3
70 07 110101000 4

02 20 100100010 3
13 31 000011100 3
24 42 000100000 1
35 53 000000000 a
46 64 010001000 2 match 0
57 75 100000001 2
60 06 110001010 4
71 17 110001101 5

03 30 000101000 2
14 41 010001000 2 match 0
25 52 100000011 3
36 63 000001000 1
47 74 010101000 3
50 05 100000010 2
61 16 111001010 5
72 27 100100001 3

04 40 010101000 3
15 51 100000011 3
26 62 100000010 2
37 73 000101100 3

Matching output with AND
0 46 64 14 41
1 absent
2 absent
3 absent
4 absent
5 absent
6 absent
7 absent

Left
46 57x
64 75x
14 25x
41 52x
Best: AND46: 1

Right
none
Best: none

OR
01 10 111111111 a match 7
12 21 111111111 a match 7
23 32 100111111 7
34 43 010111100 5
45 54 110101011 6
56 65 111001011 6
67 76 111101111 8
70 07 110101111 7

02 20 110111011 7
13 31 111111111 a match 7
24 42 110111011 7
35 53 100111111 7
46 64 111101010 6
57 75 110101111 7
60 06 111101010 6
71 17 111111111 a match 7

03 30 110111110 7
14 41 111111111 a match 7
25 52 100110011 5
36 63 111111110 8
47 74 110101101 6
50 05 110101011 6
61 16 111011111 8
72 27 110111111 8

04 40 110101010 5
15 51 111011111 8
26 62 111111011 8
37 73 110111101 7

Matching output with OR
0 absent
1 absent
2 absent
3 absent
4 absent
5 absent
6 absent
7 01 10 12 21 13 31 17 71 14 41

Left
none
Best: none

Right
01 70x
10 07x
12 01x
21 10x
13 02x
31 20x
17 06x
71 60x
14 03x
41 30x
Best: OR01: 1

XOR
01 10 001110101 5
12 21 011101100 5
23 32 100001111 5
34 43 010010100 3
45 54 110101011 6
56 65 011001001 4
67 76 001100111 5
70 07 000000111 3

02 20 010011001 4
13 31 111100011 6
24 42 110011011 6
35 53 100111111 7
46 64 101100010 4
57 75 010101110 5
60 06 001100000 2
71 17 001110010 4

03 30 110010110 5
14 41 101110111 7
25 52 000110000 2
36 63 111110110 7
47 74 100000101 3
50 05 010101001 4
61 16 000010101 3
72 27 010011110 5

04 40 100000010 2
15 51 011011100 5
26 62 011111001 6
37 73 110010001 4

Matching output with XOR
0 absent
1 absent
2 absent
3 absent
4 absent
5 absent
6 absent
7 absent

Left
none
Best: none

Right
none
Best: none

AND-NOT
01 000100000 1
12 011001100 4
23 100000011 3
34 000010100 2
45 010101000 3
56 000000001 1
67 001000010 2
70 000000101 2

02 010001000 2 match 0
13 111000011 5
24 100010011 4
35 000111100 4
46 000100000 1
57 000000010 1
60 001000000 1
71 000100000 1

03 110000010 3
14 101010111 6
25 000110000 2
36 000110100 3
47 000000000 a
50 000000001 1
61 000000000 a
72 010001100 3

04 100000010 2
15 011011100 5
26 000110001 3
37 000010000 1
40 000000000 a
51 000000000 a
62 011001000 3
73 110000001 3

05 010101000 3
16 000010101 3
27 000010010 2
30 000010100 2
41 000100000 1
52 000000000 a
63 111000010 4
74 100000101 3

06 000100000 1
17 001010010 3 match 6
20 000010001 2
31 000100000 1
42 010001000 2 match 0
53 100000011 3
64 101000010 3
75 010101100 4

07 000000010 1
10 001010101 4
21 000100000 1
32 000001100 2
43 010000000 1
54 100000011 3
65 011001000 3
76 000100101 3

Matching output with AND-NOT
0 02 42
1 absent
2 absent
3 absent
4 absent
5 absent
6 17
7 absent

Left
02 13x
42 53x
Best: AND-NOT02: 1

Right
none
Best: none

OR-NOT
01 110101010 5
12 111011111 8
23 111110011 7
34 101111111 8
45 011111100 6 match 4
56 100110111 6
67 111011010 6
70 111111101 8

02 111101110 7
13 111011111 8
24 101110111 7
35 011111100 6 match 4
46 010111101 6
57 101010011 5
60 111011111 8
71 110101101 6

03 111101011 7
14 111011111 8
25 111111111 a match 7
36 000111101 5
47 011111010 6 match 3
50 101010111 6
61 111101010 6
72 111101101 7

04 111111111 a match 7
15 111111111 a match 7
26 100110111 6
37 001111110 6
40 011111101 7
51 100100011 4
62 111001110 6
73 111101111 8

05 111111110 8
16 111111111 a match 7
27 101110011 6
30 001111101 6
41 010101000 3
52 111001111 7 match 1
63 111001011 6
74 111111111 a match 7

06 110111111 8
17 111011111 8
20 101110111 7
31 000111100 4
42 011101100 5
53 111000011 5
64 111011111 8
75 111111101 8

07 111111010 7
10 111011111 8
21 100110011 5
32 011111100 6 match 4
43 111101011 7
54 101010111 6
65 111111110 8
76 110111101 7

Matching output with OR-NOT
0 absent
1 52
2 absent
3 47
4 45 35 32
5 absent
6 absent
7 25 04 15 16 74

Left
none
Best: none

Right
25 14x
04 73x
15 04x
16 05x
74 63x
Best: OR-NOT25: 1

XOR-NOT
01 110001010 4
12 100010011 4
23 011110000 4
34 101101011 6
45 001010100 3
56 100110110 5
67 110011000 4
70 111111000 6

02 101100110 5
13 000011100 3
24 001100100 3
35 011000000 2
46 010011101 5
57 101010001 4
60 110011111 7
71 110001101 5

03 001101001 4
14 010001000 2 match 0
25 111001111 7 match 1
36 000001001 2 match 2
47 011111010 6 match 3
50 101010110 5
61 111101010 6
72 101100001 4

04 011111101 7
15 100100011 4
26 100000110 3
37 001101110 5
40 011111101 7
51 100100011 4
62 100000110 3
73 001101110 5

05 101010110 5
16 111101010 6
27 101100001 4
30 001101001 4
41 010001000 2 match 0
52 111001111 7 match 1
63 000001001 2 match 2
74 011111010 6 match 3

06 110011111 7
17 110001101 5
20 101100110 5
31 000011100 3
42 001100100 3
53 011000000 2
64 010011101 5
75 101010001 4

07 111111000 6
10 110001010 4
21 100010011 4
32 011110000 4
43 101101011 6
54 001010100 3
65 100110110 5
76 110011000 4

Matching output with XOR-NOT
0 14 41
1 25 52
2 36 63
3 47 74
4 absent
5 absent
6 absent
7 absent

Left
14 25 36 47 50x
41 52 63 74 05x
Best: XOR-NOT14 XOR-NOT25 XOR-NOT36 XOR-NOT47: 4

Right
none
Best: none

Selecting

Lefts
Identity none
NOT none
Constant none
AND AND46: 1
OR none
XOR none
AND-NOT AND-NOT02: 1
OR-NOT none
XOR-NOT XOR-NOT14 XOR-NOT25 XOR-NOT36 XOR-NOT47: 4

Rights
Identity none
NOT none
Constant C1: 1
AND none
OR OR01: 1
XOR none
AND-NOT none
OR-NOT OR-NOT25: 1
XOR-NOT none

Left longest: 4
Right longest: 1

Left winner: Identity no, NOT no, Constant no, AND no, OR no, XOR no, AND-NOT no, OR-NOT no, XOR-NOT yes
Right winner: Identity no, NOT no, Constant yes, AND no, OR no, XOR no, AND-NOT no, OR-NOT no, XOR-NOT no

Best left: XOR-NOT14 XOR-NOT25 XOR-NOT36 XOR-NOT47: 4
Best right: C1: 1

Truncated left: XOR-NOT14 XOR-NOT25 XOR-NOT36 XOR-NOT47: 4
Truncated right: C1: 1

Tentative from right
7 C1
6 pending
5 pending
4 pending
3 pending
2 pending
1 pending
0 pending

Tentative
0 XOR-NOT14
1 XOR-NOT25
2 XOR-NOT36
3 XOR-NOT47
4 pending
5 pending
6 pending
7 C1

Preferred from left
0 XOR-NOT14
1 XOR-NOT25
2 XOR-NOT36
3 XOR-NOT47
4 ?50
5 ?61
6 ?72
7 C1

Preferred
0 XOR-NOT14
1 XOR-NOT25
2 XOR-NOT36
3 XOR-NOT47
4 ?50
5 ?61
6 ?72
7 C1

Matching
0 XOR-NOT14
1 XOR-NOT25
2 XOR-NOT36
3 XOR-NOT47
4 ?50 - Identity absent, NOT5, Constant absent, AND absent, OR absent, XOR absent, AND-NOT absent, OR-NOT absent, XOR-NOT absent
5 ?61 - Identity absent, NOT6, Constant absent, AND absent, OR absent, XOR absent, AND-NOT absent, OR-NOT absent, XOR-NOT absent
6 ?72 - Identity absent, NOT7, Constant absent, AND absent, OR absent, XOR absent, AND-NOT absent, OR-NOT absent, XOR-NOT absent
7 C1

Perfect match
Identity no
NOT yes
Constant no
AND no
OR no
XOR no
AND-NOT no
OR-NOT no
XOR-NOT no

Matched
0 XOR-NOT14
1 XOR-NOT25
2 XOR-NOT36
3 XOR-NOT47
4 NOT5
5 NOT6
6 NOT7
7 C1

Selected
0 XOR-NOT14
1 XOR-NOT25
2 XOR-NOT36
3 XOR-NOT47
4 NOT5
5 NOT6
6 NOT7
7 C1

Applying to 11101011
Input
0 1
1 1
2 1
3 0
4 1
5 0
6 1
7 1
Output
0 XOR-NOT14 = XOR(1,NOT(1)) = 1
1 XOR-NOT25 = XOR(1,NOT(0)) = 0
2 XOR-NOT36 = XOR(0,NOT(1)) = 0
3 XOR-NOT47 = XOR(1,NOT(1)) = 1
4 NOT5 = NOT(0) = 1
5 NOT6 = NOT(1) = 0
6 NOT7 = NOT(1) = 0
7 C1 = 1

I will now return the answer in \boxed{}
The answer in \boxed is
\boxed{10011001}
</think>
\boxed{10011001}