We need to deduce the transformation by matching the example outputs.

Output 1: 00011000
0 0
1 0
2 0
3 1
4 1
5 0
6 0
7 0

Output 2: 10111101
0 1
1 0
2 1
3 1
4 1
5 1
6 0
7 1

Output 3: 00010000
0 0
1 0
2 0
3 1
4 0
5 0
6 0
7 0

Output 4: 10001001
0 1
1 0
2 0
3 0
4 1
5 0
6 0
7 1

Output 5: 10000100
0 1
1 0
2 0
3 0
4 0
5 1
6 0
7 0

Output 6: 00101111
0 0
1 0
2 1
3 0
4 1
5 1
6 1
7 1

Output 7: 00101100
0 0
1 0
2 1
3 0
4 1
5 1
6 0
7 0

Output 8: 00110110
0 0
1 0
2 1
3 1
4 0
5 1
6 1
7 0

Output 9: 10001110
0 1
1 0
2 0
3 0
4 1
5 1
6 1
7 0

Output bit columns (with bitsum as hash)
0 010110001 4
1 000000000 a
2 010001110 4
3 111000010 4
4 110101101 6
5 010011111 6
6 000001011 3
7 010101000 3

Input 1: 01100010
0 0
1 1
2 1
3 0
4 0
5 0
6 1
7 0

Input 2: 11110101
0 1
1 1
2 1
3 1
4 0
5 1
6 0
7 1

Input 3: 01000010
0 0
1 1
2 0
3 0
4 0
5 0
6 1
7 0

Input 4: 00100101
0 0
1 0
2 1
3 0
4 0
5 1
6 0
7 1

Input 5: 00010011
0 0
1 0
2 0
3 1
4 0
5 0
6 1
7 1

Input 6: 10111110
0 1
1 0
2 1
3 1
4 1
5 1
6 1
7 0

Input 7: 10110010
0 1
1 0
2 1
3 1
4 0
5 0
6 1
7 0

Input 8: 11011010
0 1
1 1
2 0
3 1
4 1
5 0
6 1
7 0

Input 9: 00111001
0 0
1 0
2 1
3 1
4 1
5 0
6 0
7 1

Identity
0 010001110 4 match 2
1 111000010 4 match 3
2 110101101 6 match 4
3 010011111 6 match 5
4 000001011 3 match 6
5 010101000 3 match 7
6 101011110 6
7 010110001 4 match 0

Matching output with Identity
0 7
1 absent
2 0
3 1
4 2
5 3
6 4
7 5

Left
7 0x
Best: I7: 1

Right
5 4 3 2 1 0 7x
Best: I5 I4 I3 I2 I1 I0: 6

NOT
0 101110001 5
1 000111101 5
2 001010010 3
3 101100000 3
4 111110100 6
5 101010111 6
6 010100001 3
7 101001110 5

Matching output with NOT
0 absent
1 absent
2 absent
3 absent
4 absent
5 absent
6 absent
7 absent

Left
none
Best: none

Right
none
Best: none

Constant
0 000000000 a match 1
1 111111111 a

Matching output with Constant
0 absent
1 C0
2 absent
3 absent
4 absent
5 absent
6 absent
7 absent

Left
none
Best: none

Right
none
Best: none

AND
01 10 010000010 2
12 21 110000000 2
23 32 010001101 4
34 43 000001011 3 match 6
45 54 000001000 1
56 65 000001000 1
67 76 000010000 1
70 07 010000000 1

02 20 010001100 3
13 31 010000010 2
24 42 000001001 2
35 53 010001000 2
46 64 000001010 2
57 75 010100000 2
60 06 000001110 3
71 17 010000000 1

03 30 010001110 4 match 2
14 41 000000010 1
25 52 010101000 3 match 7
36 63 000011110 4
47 74 000000001 1
50 05 010001000 2
61 16 101000010 3
72 27 010100001 3

04 40 000001010 2
15 51 010000000 1
26 62 100001100 3
37 73 010010001 3

Matching output with AND
0 absent
1 absent
2 03 30
3 absent
4 absent
5 absent
6 34 43
7 25 52

Left
none
Best: none

Right
25 14x
52 41x
Best: AND25: 1

OR
01 10 111001110 6
12 21 111101111 8
23 32 110111111 8
34 43 010011111 6 match 5
45 54 010101011 5
56 65 111111110 8
67 76 111111111 a
70 07 010111111 7

02 20 110101111 7
13 31 111011111 8
24 42 110101111 7
35 53 010111111 7
46 64 101011111 7
57 75 010111001 5
60 06 111011110 7
71 17 111110011 7

03 30 010011111 6 match 5
14 41 111001011 6
25 52 110101101 6 match 4
36 63 111011111 8
47 74 010111011 6
50 05 010101110 5
61 16 111011110 7
72 27 110111101 7

04 40 010001111 5
15 51 111101010 6
26 62 111111111 a
37 73 010111111 7

Matching output with OR
0 absent
1 absent
2 absent
3 absent
4 25 52
5 34 43 03 30
6 absent
7 absent

Left
none
Best: none

Right
none
Best: none

XOR
01 10 101001100 4
12 21 001101111 6
23 32 100110010 4
34 43 010010100 3
45 54 010100011 4
56 65 111110110 7
67 76 111101111 8
70 07 000111111 6

02 20 100100011 4
13 31 101011101 6
24 42 110100110 5
35 53 000110111 5
46 64 101010101 5
57 75 000011001 3
60 06 111010000 4
71 17 101110011 6

03 30 000010001 2
14 41 111001001 5
25 52 100000101 3
36 63 111000001 4
47 74 010111010 5
50 05 000100110 3
61 16 010011100 4
72 27 100011100 4

04 40 010000101 3
15 51 101101010 5
26 62 011110011 6
37 73 000101110 4

Matching output with XOR
0 absent
1 absent
2 absent
3 absent
4 absent
5 absent
6 absent
7 absent

Left
none
Best: none

Right
none
Best: none

AND-NOT
01 000001100 2
12 001000010 2
23 100100000 2
34 010010100 3
45 000000011 2
56 010100000 2
67 101001110 5
70 000110001 3

02 000000010 1
13 101000000 2
24 110100100 4
35 000010111 4
46 000000001 1
57 000001000 1
60 101010000 3
71 000110001 3

03 000000000 a match 1
14 111000000 3
25 100000101 3
36 010000001 2
47 000001010 2
50 000100000 1
61 000011100 3
72 000010000 1

04 010000100 2
15 101000010 3
26 010100001 3
37 000001110 3
40 000000001 1
51 000101000 2
62 001010010 3
73 000100000 1

05 000000110 2
16 010000000 1
27 100001100 3
30 000010001 2
41 000001001 2
52 000000000 a match 1
63 101000000 2
74 010110000 3

06 010000000 1
17 101000010 3
20 100100001 3
31 000011101 4
42 000000010 1
53 000100000 1
64 101010100 4
75 000010001 2

07 000001110 3
10 101000000 2
21 000101101 4
32 000010010 2
43 000000000 a match 1
54 010100000 2
65 101010110 5
76 010100001 3

Matching output with AND-NOT
0 absent
1 03 52 43
2 absent
3 absent
4 absent
5 absent
6 absent
7 absent

Left
none
Best: none

Right
none
Best: none

OR-NOT
01 010111111 7
12 111010010 5
23 111101101 7
34 111111111 a
45 101011111 7
56 010101001 4
67 101011110 6
70 111110001 6

02 011011110 6
13 111100010 5
24 111111101 8
35 111011111 8
46 010101011 5
57 111101110 7
60 101111111 8
71 010111101 6

03 111101110 7
14 111110110 7
25 111111111 a
36 010111111 7
47 101001111 6
50 111111001 7
61 101111111 8
72 011110011 6

04 111111110 8
15 111010111 7
26 110101101 6 match 4
37 111011111 8
40 101111011 7
51 010111101 6
62 101011110 6
73 111110001 6

05 111011111 8
16 111100011 6
27 111101111 8
30 111111111 a
41 000111111 6
52 011111010 6
63 101111110 7
74 111110101 7

06 010101111 6
17 111001110 6
20 111111101 8
31 010111111 7
42 001011011 5
53 111101000 5
64 111111110 8
75 111110111 8

07 111001110 6
10 111110011 7
21 110111101 7
32 011011111 7
43 101101011 6
54 111111100 7
65 101011111 7
76 010110001 4 match 0

Matching output with OR-NOT
0 76
1 absent
2 absent
3 absent
4 26
5 absent
6 absent
7 absent

Left
76 07x
Best: OR-NOT76: 1

Right
none
Best: none

XOR-NOT
01 010110011 5
12 110010000 3
23 011001101 5
34 101101011 6
45 101011100 5
56 000001001 2
67 000010000 1
70 111000000 3

02 011011100 5
13 010100010 3
24 001011001 4
35 111001000 4
46 010101010 4
57 111100110 6
60 000101111 5
71 010001100 3

03 111101110 7
14 000110110 4
25 011111010 6
36 000111110 5
47 101000101 4
50 111011001 6
61 101100011 5
72 011100011 5

04 101111010 6
15 010010101 4
26 100001100 3
37 111010001 5
40 101111010 6
51 010010101 4
62 100001100 3
73 111010001 5

05 111011001 6
16 101100011 5
27 011100011 5
30 111101110 7
41 000110110 4
52 011111010 6
63 000111110 5
74 101000101 4

06 000101111 5
17 010001100 3
20 011011100 5
31 010100010 3
42 001011001 4
53 111001000 4
64 010101010 4
75 111100110 6

07 111000000 3
10 010110011 5
21 110010000 3
32 011001101 5
43 101101011 6
54 101011100 5
65 000001001 2
76 000010000 1

Matching output with XOR-NOT
0 absent
1 absent
2 absent
3 absent
4 absent
5 absent
6 absent
7 absent

Left
none
Best: none

Right
none
Best: none

Selecting

Lefts
Identity I7: 1
NOT none
Constant none
AND none
OR none
XOR none
AND-NOT none
OR-NOT OR-NOT76: 1
XOR-NOT none

Rights
Identity I5 I4 I3 I2 I1 I0: 6
NOT none
Constant none
AND AND25: 1
OR none
XOR none
AND-NOT none
OR-NOT none
XOR-NOT none

Left longest: 1
Right longest: 6

Right winner: Identity yes, NOT no, Constant no, AND no, OR no, XOR no, AND-NOT no, OR-NOT no, XOR-NOT no
Left winner: Identity yes, NOT no, Constant no, AND no, OR no, XOR no, AND-NOT no, OR-NOT no, XOR-NOT no

Best right: I5 I4 I3 I2 I1 I0: 6
Best left: I7: 1

Truncated right: I5 I4 I3 I2 I1 I0: 6
Truncated left: I7: 1

Tentative from right
7 I5
6 I4
5 I3
4 I2
3 I1
2 I0
1 pending
0 pending

Tentative
0 I7
1 pending
2 I0
3 I1
4 I2
5 I3
6 I4
7 I5

Preferred from right
7 I5
6 I4
5 I3
4 I2
3 I1
2 I0
1 ??7
0 I7

Preferred
0 I7
1 ?07
2 I0
3 I1
4 I2
5 I3
6 I4
7 I5

Matching
0 I7
1 ?07 - Identity absent, NOT absent, Constant C0, AND absent, OR absent, XOR absent, AND-NOT absent, OR-NOT absent, XOR-NOT absent
2 I0
3 I1
4 I2
5 I3
6 I4
7 I5

Perfect match
Identity no
NOT no
Constant yes
AND no
OR no
XOR no
AND-NOT no
OR-NOT no
XOR-NOT no

Matched
0 I7
1 C0
2 I0
3 I1
4 I2
5 I3
6 I4
7 I5

Selected
0 I7
1 C0
2 I0
3 I1
4 I2
5 I3
6 I4
7 I5

Applying to 01011001
Input
0 0
1 1
2 0
3 1
4 1
5 0
6 0
7 1
Output
0 I7 = 1
1 C0 = 0
2 I0 = 0
3 I1 = 1
4 I2 = 0
5 I3 = 1
6 I4 = 1
7 I5 = 0

I will now return the answer in \boxed{}
The answer in \boxed is
\boxed{10010110}
</think>
\boxed{10010110}