We need to deduce the transformation by matching the example outputs.

Output 1: 11000110
0 1
1 1
2 0
3 0
4 0
5 1
6 1
7 0

Output 2: 11000011
0 1
1 1
2 0
3 0
4 0
5 0
6 1
7 1

Output 3: 01000101
0 0
1 1
2 0
3 0
4 0
5 1
6 0
7 1

Output 4: 11000101
0 1
1 1
2 0
3 0
4 0
5 1
6 0
7 1

Output 5: 10000001
0 1
1 0
2 0
3 0
4 0
5 0
6 0
7 1

Output 6: 01000100
0 0
1 1
2 0
3 0
4 0
5 1
6 0
7 0

Output 7: 00000010
0 0
1 0
2 0
3 0
4 0
5 0
6 1
7 0

Output 8: 11000100
0 1
1 1
2 0
3 0
4 0
5 1
6 0
7 0

Output 9: 11000001
0 1
1 1
2 0
3 0
4 0
5 0
6 0
7 1

Output 10: 10000101
0 1
1 0
2 0
3 0
4 0
5 1
6 0
7 1

Output bit columns (with bitsum as hash)
0 1101100111 7
1 1111010110 7
2 0000000000 a
3 0000000000 a
4 0000000000 a
5 1011010101 6
6 1100001000 3
7 0111100011 6

Input 1: 11001011
0 1
1 1
2 0
3 0
4 1
5 0
6 1
7 1

Input 2: 01110111
0 0
1 1
2 1
3 1
4 0
5 1
6 1
7 1

Input 3: 10101101
0 1
1 0
2 1
3 0
4 1
5 1
6 0
7 1

Input 4: 10110111
0 1
1 0
2 1
3 1
4 0
5 1
6 1
7 1

Input 5: 00101010
0 0
1 0
2 1
3 0
4 1
5 0
6 1
7 0

Input 6: 10000101
0 1
1 0
2 0
3 0
4 0
5 1
6 0
7 1

Input 7: 01001000
0 0
1 1
2 0
3 0
4 1
5 0
6 0
7 0

Input 8: 10001111
0 1
1 0
2 0
3 0
4 1
5 1
6 1
7 1

Input 9: 00111111
0 0
1 0
2 1
3 1
4 1
5 1
6 1
7 1

Input 10: 10100110
0 1
1 0
2 1
3 0
4 0
5 1
6 1
7 0

Identity
0 1011010101 6 match 5
1 1100001000 3 match 6
2 0111100011 6 match 7
3 0101000010 3
4 1010101110 6
5 0111010111 7
6 1101100111 7 match 0
7 1111010110 7 match 1

Matching output with Identity
0 6
1 7
2 absent
3 absent
4 absent
5 0
6 1
7 2

Left
6 7 0x
Best: I6 I7: 2

Right
2 1 0 7x
Best: I2 I1 I0: 3

NOT
0 0100101010 4
1 0011110111 7
2 1000011100 4
3 1010111101 7
4 0101010001 4
5 1000101000 3
6 0010011000 3
7 0000101001 3

Matching output with NOT
0 absent
1 absent
2 absent
3 absent
4 absent
5 absent
6 absent
7 absent

Left
none
Best: none

Right
none
Best: none

Constant
0 0000000000 a match 2 3 4
1 1111111111 a

Matching output with Constant
0 absent
1 absent
2 C0
3 C0
4 C0
5 absent
6 absent
7 absent

Left
none
Best: none

Right
none
Best: none

AND
01 10 1000000000 1
12 21 0100000000 1
23 32 0101000010 3
34 43 0000000010 1
45 54 0010000110 3
56 65 0101000111 5
67 76 1101000110 5
70 07 1011010100 5

02 20 0011000001 3
13 31 0100000000 1
24 42 0010100010 3
35 53 0101000010 3
46 64 1000100110 4
57 75 0111010110 6
60 06 1001000101 4
71 17 1100000000 2

03 30 0001000000 1
14 41 1000001000 2
25 52 0111000011 5
36 63 0101000010 3
47 74 1010000110 4
50 05 0011010101 5
61 16 1100000000 2
72 27 0111000010 4

04 40 1010000100 3
15 51 0100000000 1
26 62 0101100011 5
37 73 0101000010 3

Matching output with AND
0 absent
1 absent
2 absent
3 absent
4 absent
5 absent
6 absent
7 absent

Left
none
Best: none

Right
none
Best: none

OR
01 10 1111011101 8
12 21 1111101011 8
23 32 0111100011 6 match 7
34 43 1111101110 8
45 54 1111111111 a
56 65 1111110111 9
67 76 1111110111 9
70 07 1111010111 8

02 20 1111110111 9
13 31 1101001010 5
24 42 1111101111 9
35 53 0111010111 7
46 64 1111101111 9
57 75 1111010111 8
60 06 1111110111 9
71 17 1111011110 8

03 30 1111010111 8
14 41 1110101110 7
25 52 0111110111 8
36 63 1101100111 7 match 0
47 74 1111111110 9
50 05 1111010111 8
61 16 1101101111 8
72 27 1111110111 9

04 40 1011111111 9
15 51 1111011111 9
26 62 1111100111 8
37 73 1111010110 7 match 1

Matching output with OR
0 36 63
1 37 73
2 absent
3 absent
4 absent
5 absent
6 absent
7 23 32

Left
36 47x
63 74x
Best: OR36: 1

Right
23 12x
32 21x
Best: OR23: 1

XOR
01 10 0111011101 7
12 21 1011101011 7
23 32 0010100001 3
34 43 1111101100 7
45 54 1101111001 7
56 65 1010110000 4
67 76 0010110001 4
70 07 0100000011 3

02 20 1100110110 6
13 31 1001001010 4
24 42 1101001101 6
35 53 0010010101 4
46 64 0111001001 5
57 75 1000000001 2
60 06 0110110010 5
71 17 0011011110 6

03 30 1110010111 7
14 41 0110100110 5
25 52 0000110100 3
36 63 1000100101 4
47 74 0101111000 5
50 05 1100000010 3
61 16 0001101111 6
72 27 1000110101 5

04 40 0001111011 6
15 51 1011011111 8
26 62 1010000100 3
37 73 1010010100 4

Matching output with XOR
0 absent
1 absent
2 absent
3 absent
4 absent
5 absent
6 absent
7 absent

Left
none
Best: none

Right
none
Best: none

AND-NOT
01 0011010101 5
12 1000001000 2
23 0010100001 3
34 0101000000 2
45 1000101000 3
56 0010010000 2
67 0000100001 2
70 0100000010 2

02 1000010100 3
13 1000001000 2
24 0101000001 3
35 0000000000 a match 2 3 4
46 0010001000 2
57 0000000001 1
60 0100100010 3
71 0011010110 5

03 1010010101 5
14 0100000000 1
25 0000100000 1
36 0000000000 a match 2 3 4
47 0000101000 2
50 0100000010 2
61 0001100111 5
72 1000010100 3

04 0001010001 3
15 1000001000 2
26 0010000000 1
37 0000000000 a match 2 3 4
40 0000101010 3
51 0011010111 6
62 1000000100 2
73 1010010100 4

05 1000000000 1
16 0000001000 1
27 0000100001 2
30 0100000010 2
41 0010100110 4
52 0000010100 2
63 1000100101 4
74 0101010000 3

06 0010010000 2
17 0000001000 1
20 0100100010 3
31 0001000010 2
42 1000001100 3
53 0010010101 4
64 0101000001 3
75 1000000000 1

07 0000000001 1
10 0100001000 2
21 0011100011 5
32 0000000000 a match 2 3 4
43 1010101100 5
54 0101010001 4
65 1000100000 2
76 0010010000 2

Matching output with AND-NOT
0 absent
1 absent
2 35 36 37 32
3 35 36 37 32
4 35 36 37 32
5 absent
6 absent
7 absent

Left
none
Best: none

Right
none
Best: none

OR-NOT
01 1011110111 8
12 1100011100 5
23 1111111111 a
34 0101010011 5
45 1010101110 6
56 0111011111 8
67 1101101111 8
70 1111111110 9

02 1011011101 7
13 1110111101 8
24 0111110011 7
35 1101101010 6
46 1010111110 7
57 0111111111 9
60 1101101111 8
71 1111110111 9

03 1011111101 8
14 1101011001 6
25 1111101011 8
36 0111011010 6
47 1010101111 7
50 0111111111 9
61 1111110111 9
72 1111011110 8

04 1111010101 7
15 1100101000 4
26 0111111011 8
37 0101101011 6
40 1110101110 7
51 0111110111 8
62 1101111111 9
73 1111111111 a

05 1011111101 8
16 1110011000 5
27 0111101011 7
30 0101101010 5
41 1011111111 9
52 1111011111 9
63 1111111111 a
74 1111010111 8

06 1011011101 7
17 1100101001 5
20 0111101011 7
31 0111110111 8
42 1010111110 7
53 1111111111 a
64 1101110111 8
75 1111111110 9

07 1011111101 8
10 1100101010 5
21 0111110111 8
32 1101011110 7
43 1010111111 8
54 0111010111 7
65 1101101111 8
76 1111011110 8

Matching output with OR-NOT
0 absent
1 absent
2 absent
3 absent
4 absent
5 absent
6 absent
7 absent

Left
none
Best: none

Right
none
Best: none

XOR-NOT
01 1000100010 3
12 0100010100 3
23 1101011110 7
34 0000010011 3
45 0010000110 3
56 0101001111 6
67 1101001110 6
70 1011111100 7

02 0011001001 4
13 0110110101 6
24 0010110010 4
35 1101101010 6
46 1000110110 5
57 0111111110 8
60 1001001101 5
71 1100100001 4

03 0001101000 3
14 1001011001 5
25 1111001011 7
36 0111011010 6
47 1010000111 5
50 0011111101 7
61 1110010000 4
72 0111001010 5

04 1110000100 4
15 0100100000 2
26 0101111011 7
37 0101101011 6
40 1110000100 4
51 0100100000 2
62 0101111011 7
73 0101101011 6

05 0011111101 7
16 1110010000 4
27 0111001010 5
30 0001101000 3
41 1001011001 5
52 1111001011 7
63 0111011010 6
74 1010000111 5

06 1001001101 5
17 1100100001 4
20 0011001001 4
31 0110110101 6
42 0010110010 4
53 1101101010 6
64 1000110110 5
75 0111111110 8

07 1011111100 7
10 1000100010 3
21 0100010100 3
32 1101011110 7
43 0000010011 3
54 0010000110 3
65 0101001111 6
76 1101001110 6

Matching output with XOR-NOT
0 absent
1 absent
2 absent
3 absent
4 absent
5 absent
6 absent
7 absent

Left
none
Best: none

Right
none
Best: none

Selecting

Lefts
Identity I6 I7: 2
NOT none
Constant none
AND none
OR OR36: 1
XOR none
AND-NOT none
OR-NOT none
XOR-NOT none

Rights
Identity I2 I1 I0: 3
NOT none
Constant none
AND none
OR OR23: 1
XOR none
AND-NOT none
OR-NOT none
XOR-NOT none

Left longest: 2
Right longest: 3

Right winner: Identity yes, NOT no, Constant no, AND no, OR no, XOR no, AND-NOT no, OR-NOT no, XOR-NOT no
Left winner: Identity yes, NOT no, Constant no, AND no, OR no, XOR no, AND-NOT no, OR-NOT no, XOR-NOT no

Best right: I2 I1 I0: 3
Best left: I6 I7: 2

Truncated right: I2 I1 I0: 3
Truncated left: I6 I7: 2

Tentative from right
7 I2
6 I1
5 I0
4 pending
3 pending
2 pending
1 pending
0 pending

Tentative
0 I6
1 I7
2 pending
3 pending
4 pending
5 I0
6 I1
7 I2

Preferred from right
7 I2
6 I1
5 I0
4 ??7
3 ??6
2 ??5
1 I7
0 I6

Preferred
0 I6
1 I7
2 ?05
3 ?16
4 ?27
5 I0
6 I1
7 I2

Matching
0 I6
1 I7
2 ?05 - Identity absent, NOT absent, Constant C0, AND absent, OR absent, XOR absent, AND-NOT absent, OR-NOT absent, XOR-NOT absent
3 ?16 - Identity absent, NOT absent, Constant C0, AND absent, OR absent, XOR absent, AND-NOT absent, OR-NOT absent, XOR-NOT absent
4 ?27 - Identity absent, NOT absent, Constant C0, AND absent, OR absent, XOR absent, AND-NOT absent, OR-NOT absent, XOR-NOT absent
5 I0
6 I1
7 I2

Perfect match
Identity no
NOT no
Constant yes
AND no
OR no
XOR no
AND-NOT no
OR-NOT no
XOR-NOT no

Matched
0 I6
1 I7
2 C0
3 C0
4 C0
5 I0
6 I1
7 I2

Selected
0 I6
1 I7
2 C0
3 C0
4 C0
5 I0
6 I1
7 I2

Applying to 11101101
Input
0 1
1 1
2 1
3 0
4 1
5 1
6 0
7 1
Output
0 I6 = 0
1 I7 = 1
2 C0 = 0
3 C0 = 0
4 C0 = 0
5 I0 = 1
6 I1 = 1
7 I2 = 1

I will now return the answer in \boxed{}
The answer in \boxed is
\boxed{01000111}
</think>
\boxed{01000111}