We need to deduce the transformation by matching the example outputs.

Output 1: 10110111
0 1
1 0
2 1
3 1
4 0
5 1
6 1
7 1

Output 2: 00111010
0 0
1 0
2 1
3 1
4 1
5 0
6 1
7 0

Output 3: 00010000
0 0
1 0
2 0
3 1
4 0
5 0
6 0
7 0

Output 4: 01100111
0 0
1 1
2 1
3 0
4 0
5 1
6 1
7 1

Output 5: 00110001
0 0
1 0
2 1
3 1
4 0
5 0
6 0
7 1

Output 6: 01110011
0 0
1 1
2 1
3 1
4 0
5 0
6 1
7 1

Output 7: 10100111
0 1
1 0
2 1
3 0
4 0
5 1
6 1
7 1

Output 8: 00001011
0 0
1 0
2 0
3 0
4 1
5 0
6 1
7 1

Output 9: 10111101
0 1
1 0
2 1
3 1
4 1
5 1
6 0
7 1

Output 10: 10000111
0 1
1 0
2 0
3 0
4 0
5 1
6 1
7 1

Output bit columns (with bitsum as hash)
0 1000001011 4
1 0001010000 2
2 1101111010 7
3 1110110010 6
4 0100000110 3
5 1001001011 5
6 1101011101 7
7 1001111111 8

Input 1: 11111011
0 1
1 1
2 1
3 1
4 1
5 0
6 1
7 1

Input 2: 01001110
0 0
1 1
2 0
3 0
4 1
5 1
6 1
7 0

Input 3: 00011110
0 0
1 0
2 0
3 1
4 1
5 1
6 1
7 0

Input 4: 11111110
0 1
1 1
2 1
3 1
4 1
5 1
6 1
7 0

Input 5: 00011100
0 0
1 0
2 0
3 1
4 1
5 1
6 0
7 0

Input 6: 00011000
0 0
1 0
2 0
3 1
4 1
5 0
6 0
7 0

Input 7: 10011001
0 1
1 0
2 0
3 1
4 1
5 0
6 0
7 1

Input 8: 01101100
0 0
1 1
2 1
3 0
4 1
5 1
6 0
7 0

Input 9: 00000100
0 0
1 0
2 0
3 0
4 0
5 1
6 0
7 0

Input 10: 10110010
0 1
1 0
2 1
3 1
4 0
5 0
6 1
7 0

Identity
0 1001001001 4
1 1101000100 4
2 1001000101 4
3 1011111001 7
4 1111111100 8
5 0111100110 6
6 1111000001 5
7 1000001000 2

Matching output with Identity
0 absent
1 absent
2 absent
3 absent
4 absent
5 absent
6 absent
7 absent

Left
none
Best: none

Right
none
Best: none

NOT
0 0110110110 6
1 0010111011 6
2 0110111010 6
3 0100000110 3 match 4
4 0000000011 2
5 1000011001 4
6 0000111110 5
7 0111110111 8

Matching output with NOT
0 absent
1 absent
2 absent
3 absent
4 3
5 absent
6 absent
7 absent

Left
none
Best: none

Right
none
Best: none

Constant
0 0000000000 a
1 1111111111 a

Matching output with Constant
0 absent
1 absent
2 absent
3 absent
4 absent
5 absent
6 absent
7 absent

Left
none
Best: none

Right
none
Best: none

AND
01 10 1001000000 2
12 21 1001000100 3
23 32 1001000001 3
34 43 1011111000 6
45 54 0111100100 5
56 65 0111000000 3
67 76 1000000000 1
70 07 1000001000 2

02 20 1001000001 3
13 31 1001000000 2
24 42 1001000100 3
35 53 0011100000 3
46 64 1111000000 4
57 75 0000000000 a
60 06 1001000001 3
71 17 1000000000 1

03 30 1001001001 4
14 41 1101000100 4
25 52 0001000100 2
36 63 1011000001 4
47 74 1000001000 2
50 05 0001000000 1
61 16 1101000000 3
72 27 1000000000 1

04 40 1001001000 3
15 51 0101000100 3
26 62 1001000001 3
37 73 1000001000 2

Matching output with AND
0 absent
1 absent
2 absent
3 absent
4 absent
5 absent
6 absent
7 absent

Left
none
Best: none

Right
none
Best: none

OR
01 10 1101001101 6
12 21 1101000101 5
23 32 1011111101 8
34 43 1111111101 9
45 54 1111111110 9
56 65 1111100111 8
67 76 1111001001 6
70 07 1001001001 4

02 20 1001001101 5
13 31 1111111101 9
24 42 1111111101 9
35 53 1111111111 a
46 64 1111111101 9
57 75 1111101110 8
60 06 1111001001 6
71 17 1101001100 5

03 30 1011111001 7
14 41 1111111100 8
25 52 1111100111 8
36 63 1111111001 8
47 74 1111111100 8
50 05 1111101111 9
61 16 1111000101 6
72 27 1001001101 5

04 40 1111111101 9
15 51 1111100110 7
26 62 1111000101 6
37 73 1011111001 7

Matching output with OR
0 absent
1 absent
2 absent
3 absent
4 absent
5 absent
6 absent
7 absent

Left
none
Best: none

Right
none
Best: none

XOR
01 10 0100001101 4
12 21 0100000001 2
23 32 0010111100 5
34 43 0100000101 3
45 54 1000011010 4
56 65 1000100111 5
67 76 0111001001 5
70 07 0001000001 2

02 20 0000001100 2
13 31 0110111101 7
24 42 0110111001 6
35 53 1100011111 7
46 64 0000111101 5
57 75 1111101110 8
60 06 0110001000 3
71 17 0101001100 4

03 30 0010110000 3
14 41 0010111000 4
25 52 1110100011 6
36 63 0100111000 4
47 74 0111110100 6
50 05 1110101111 8
61 16 0010000101 3
72 27 0001001101 4

04 40 0110110101 6
15 51 1010100010 4
26 62 0110000100 3
37 73 0011110001 5

Matching output with XOR
0 absent
1 absent
2 absent
3 absent
4 absent
5 absent
6 absent
7 absent

Left
none
Best: none

Right
none
Best: none

AND-NOT
01 0000001001 2
12 0100000000 1
23 0000000100 1
34 0000000001 1
45 1000011000 3
56 0000100110 3
67 0111000001 4
70 0000000000 a

02 0000001000 1
13 0100000100 2
24 0000000001 1
35 1000011001 4
46 0000111100 4
57 0111100110 6
60 0110000000 2
71 0000001000 1

03 0000000000 a
14 0000000000 a
25 1000000001 2
36 0000111000 3
47 0111110100 6
50 0110100110 5
61 0010000001 2
72 0000001000 1

04 0000000001 1
15 1000000000 1
26 0000000100 1
37 0011110001 5
40 0110110100 5
51 0010100010 3
62 0110000000 2
73 0000000000 a

05 1000001001 3
16 0000000100 1
27 0001000101 3
30 0010110000 3
41 0010111000 4
52 0110100010 4
63 0100000000 1
74 0000000000 a

06 0000001000 1
17 0101000100 3
20 0000000100 1
31 0010111001 5
42 0110111000 5
53 0100000110 3 match 4
64 0000000001 1
75 1000001000 2

07 0001000001 2
10 0100000100 2
21 0000000001 1
32 0010111000 4
43 0100000100 2
54 0000000010 1
65 1000000001 2
76 0000001000 1

Matching output with AND-NOT
0 absent
1 absent
2 absent
3 absent
4 53
5 absent
6 absent
7 absent

Left
none
Best: none

Right
none
Best: none

OR-NOT
01 1011111011 8
12 1111111110 9
23 1101000111 6
34 1011111011 8
45 1111111101 9
56 0111111110 8
67 1111110111 9
70 1110111110 8

02 1111111011 9
13 1101000110 5
24 1001000111 5
35 1011111001 7
46 1111111110 9
57 0111110111 8
60 1111110111 9
71 1010111011 7

03 1101001111 7
14 1101000111 6
25 1001011101 6
36 1011111111 9
47 1111111111 a
50 0111110110 7
61 1111111011 9
72 1110111010 7

04 1001001011 5 match 5
15 1101011101 7 match 6
26 1001111111 8 match 7
37 1111111111 a
40 1111111110 9
51 0111111111 9
62 1111111011 9
73 1100001110 5

05 1001011001 5
16 1101111110 8
27 1111110111 9
30 1111111111 a
41 1111111111 a
52 0111111110 8
63 1111000111 7
74 1000001011 4 match 0

06 1001111111 8 match 7
17 1111110111 9
20 1111110111 9
31 1011111011 8
42 1111111110 9
53 0111100110 6
64 1111000011 6
75 1000011001 4

07 1111111111 a
10 1111110110 8
21 1011111111 9
32 1111111011 9
43 1111111110 9
54 0111100111 7
65 1111011001 7
76 1000111110 6

Matching output with OR-NOT
0 74
1 absent
2 absent
3 absent
4 absent
5 04
6 15
7 26 06

Left
74 05x
Best: OR-NOT74: 1

Right
26 15 04 73x
06 75x
Best: OR-NOT26 OR-NOT15 OR-NOT04: 3

XOR-NOT
01 1011110010 6
12 1011111110 8
23 1101000011 5
34 1011111010 7
45 0111100101 6
56 0111011000 5
67 1000110110 5
70 1110111110 8

02 1111110011 8
13 1001000010 3
24 1001000110 4
35 0011100000 3
46 1111000010 5
57 0000010001 2
60 1001110111 7
71 1010110011 6

03 1101001111 7
14 1101000111 6
25 0001011100 4
36 1011000111 6
47 1000001011 4 match 0
50 0001010000 2 match 1
61 1101111010 7 match 2
72 1110110010 6 match 3

04 1001001010 4
15 0101011101 6
26 1001111011 7
37 1100001110 5
40 1001001010 4
51 0101011101 6
62 1001111011 7
73 1100001110 5

05 0001010000 2 match 1
16 1101111010 7 match 2
27 1110110010 6 match 3
30 1101001111 7
41 1101000111 6
52 0001011100 4
63 1011000111 6
74 1000001011 4 match 0

06 1001110111 7
17 1010110011 6
20 1111110011 8
31 1001000010 3
42 1001000110 4
53 0011100000 3
64 1111000010 5
75 0000010001 2

07 1110111110 8
10 1011110010 6
21 1011111110 8
32 1101000011 5
43 1011111010 7
54 0111100101 6
65 0111011000 5
76 1000110110 5

Matching output with XOR-NOT
0 47 74
1 50 05
2 61 16
3 72 27
4 absent
5 absent
6 absent
7 absent

Left
47 50 61 72 03x
74 05 16 27 30x
Best: XOR-NOT47 XOR-NOT50 XOR-NOT61 XOR-NOT72: 4

Right
none
Best: none

Selecting

Lefts
Identity none
NOT none
Constant none
AND none
OR none
XOR none
AND-NOT none
OR-NOT OR-NOT74: 1
XOR-NOT XOR-NOT47 XOR-NOT50 XOR-NOT61 XOR-NOT72: 4

Rights
Identity none
NOT none
Constant none
AND none
OR none
XOR none
AND-NOT none
OR-NOT OR-NOT26 OR-NOT15 OR-NOT04: 3
XOR-NOT none

Left longest: 4
Right longest: 3

Left winner: Identity no, NOT no, Constant no, AND no, OR no, XOR no, AND-NOT no, OR-NOT no, XOR-NOT yes
Right winner: Identity no, NOT no, Constant no, AND no, OR no, XOR no, AND-NOT no, OR-NOT yes, XOR-NOT no

Best left: XOR-NOT47 XOR-NOT50 XOR-NOT61 XOR-NOT72: 4
Best right: OR-NOT26 OR-NOT15 OR-NOT04: 3

Truncated left: XOR-NOT47 XOR-NOT50 XOR-NOT61 XOR-NOT72: 4
Truncated right: OR-NOT26 OR-NOT15 OR-NOT04: 3

Tentative from right
7 OR-NOT26
6 OR-NOT15
5 OR-NOT04
4 pending
3 pending
2 pending
1 pending
0 pending

Tentative
0 XOR-NOT47
1 XOR-NOT50
2 XOR-NOT61
3 XOR-NOT72
4 pending
5 OR-NOT04
6 OR-NOT15
7 OR-NOT26

Preferred from left
0 XOR-NOT47
1 XOR-NOT50
2 XOR-NOT61
3 XOR-NOT72
4 ?03
5 OR-NOT04
6 OR-NOT15
7 OR-NOT26

Preferred
0 XOR-NOT47
1 XOR-NOT50
2 XOR-NOT61
3 XOR-NOT72
4 ?03
5 OR-NOT04
6 OR-NOT15
7 OR-NOT26

Matching
0 XOR-NOT47
1 XOR-NOT50
2 XOR-NOT61
3 XOR-NOT72
4 ?03 - Identity absent, NOT3, Constant absent, AND absent, OR absent, XOR absent, AND-NOT absent, OR-NOT absent, XOR-NOT absent
5 OR-NOT04
6 OR-NOT15
7 OR-NOT26

Perfect match
Identity no
NOT yes
Constant no
AND no
OR no
XOR no
AND-NOT no
OR-NOT no
XOR-NOT no

Matched
0 XOR-NOT47
1 XOR-NOT50
2 XOR-NOT61
3 XOR-NOT72
4 NOT3
5 OR-NOT04
6 OR-NOT15
7 OR-NOT26

Selected
0 XOR-NOT47
1 XOR-NOT50
2 XOR-NOT61
3 XOR-NOT72
4 NOT3
5 OR-NOT04
6 OR-NOT15
7 OR-NOT26

Applying to 10111100
Input
0 1
1 0
2 1
3 1
4 1
5 1
6 0
7 0
Output
0 XOR-NOT47 = XOR(1,NOT(0)) = 0
1 XOR-NOT50 = XOR(1,NOT(1)) = 1
2 XOR-NOT61 = XOR(0,NOT(0)) = 1
3 XOR-NOT72 = XOR(0,NOT(1)) = 0
4 NOT3 = NOT(1) = 0
5 OR-NOT04 = OR(1,NOT(1)) = 1
6 OR-NOT15 = OR(0,NOT(1)) = 0
7 OR-NOT26 = OR(1,NOT(0)) = 1

I will now return the answer in \boxed{}
The answer in \boxed is
\boxed{01100101}
</think>
\boxed{01100101}