We need to deduce the transformation by matching the example outputs.

Output 1: 10000001
0 1
1 0
2 0
3 0
4 0
5 0
6 0
7 1

Output 2: 00111000
0 0
1 0
2 1
3 1
4 1
5 0
6 0
7 0

Output 3: 00111010
0 0
1 0
2 1
3 1
4 1
5 0
6 1
7 0

Output 4: 00000000
0 0
1 0
2 0
3 0
4 0
5 0
6 0
7 0

Output 5: 00000110
0 0
1 0
2 0
3 0
4 0
5 1
6 1
7 0

Output 6: 00000000
0 0
1 0
2 0
3 0
4 0
5 0
6 0
7 0

Output 7: 00000010
0 0
1 0
2 0
3 0
4 0
5 0
6 1
7 0

Output 8: 10010000
0 1
1 0
2 0
3 1
4 0
5 0
6 0
7 0

Output 9: 11000001
0 1
1 1
2 0
3 0
4 0
5 0
6 0
7 1

Output bit columns (with bitsum as hash)
0 100000011 3
1 000000001 1
2 011000000 2
3 011000010 3
4 011000000 2
5 000010000 1
6 001010100 3
7 100000001 2

Input 1: 00111001
0 0
1 0
2 1
3 1
4 1
5 0
6 0
7 1

Input 2: 01100111
0 0
1 1
2 1
3 0
4 0
5 1
6 1
7 1

Input 3: 11010111
0 1
1 1
2 0
3 1
4 0
5 1
6 1
7 1

Input 4: 00010100
0 0
1 0
2 0
3 1
4 0
5 1
6 0
7 0

Input 5: 11110100
0 1
1 1
2 1
3 1
4 0
5 1
6 0
7 0

Input 6: 00010001
0 0
1 0
2 0
3 1
4 0
5 0
6 0
7 1

Input 7: 01010000
0 0
1 1
2 0
3 1
4 0
5 0
6 0
7 0

Input 8: 10011001
0 1
1 0
2 0
3 1
4 1
5 0
6 0
7 1

Input 9: 00111100
0 0
1 0
2 1
3 1
4 1
5 1
6 0
7 0

Identity
0 001010010 3
1 011010100 4
2 110010001 4
3 101111111 8
4 100000011 3 match 0
5 011110001 5
6 011000000 2 match 2 4
7 111001010 5

Matching output with Identity
0 4
1 absent
2 6
3 absent
4 6
5 absent
6 absent
7 absent

Left
4 5x
Best: I4: 1

Right
none
Best: none

NOT
0 110101101 6
1 100101011 5
2 001101110 5
3 010000000 1
4 011111100 6
5 100001110 4
6 100111111 7
7 000110101 4

Matching output with NOT
0 absent
1 absent
2 absent
3 absent
4 absent
5 absent
6 absent
7 absent

Left
none
Best: none

Right
none
Best: none

Constant
0 000000000 a
1 111111111 a

Matching output with Constant
0 absent
1 absent
2 absent
3 absent
4 absent
5 absent
6 absent
7 absent

Left
none
Best: none

Right
none
Best: none

AND
01 10 001010000 2
12 21 010010000 2
23 32 100010001 3
34 43 100000011 3 match 0
45 54 000000001 1 match 1
56 65 011000000 2 match 2 4
67 76 011000000 2 match 2 4
70 07 001000010 2

02 20 000010000 1 match 5
13 31 001010100 3 match 6
24 42 100000001 2 match 7
35 53 001110001 4
46 64 000000000 a
57 75 011000000 2 match 2 4
60 06 001000000 1
71 17 011000000 2 match 2 4

03 30 001010010 3
14 41 000000000 a
25 52 010010001 3
36 63 001000000 1
47 74 100000010 2
50 05 001010000 2
61 16 011000000 2 match 2 4
72 27 110000000 2

04 40 000000010 1
15 51 011010000 3
26 62 010000000 1
37 73 101001010 4

Matching output with AND
0 34 43
1 45 54
2 56 65 67 76 57 75 17 71 16 61
3 absent
4 56 65 67 76 57 75 17 71 16 61
5 02 20
6 13 31
7 24 42

Left
34 45 56 67x
43 54 65 76x
Best: AND34 AND45 AND56: 3

Right
24 13 02 71 60x
42 31 20 17 06x
Best: AND24 AND13 AND02 AND71: 4

OR
01 10 011010110 5
12 21 111010101 6
23 32 111111111 a
34 43 101111111 8
45 54 111110011 7
56 65 011110001 5
67 76 111001010 5
70 07 111011010 6

02 20 111010011 6
13 31 111111111 a
24 42 110010011 5
35 53 111111111 a
46 64 111000011 5
57 75 111111011 8
60 06 011010010 4
71 17 111011110 7

03 30 101111111 8
14 41 111010111 7
25 52 111110001 6
36 63 111111111 a
47 74 111001011 6
50 05 011110011 6
61 16 011010100 4
72 27 111011011 7

04 40 101010011 5
15 51 011110101 6
26 62 111010001 5
37 73 111111111 a

Matching output with OR
0 absent
1 absent
2 absent
3 absent
4 absent
5 absent
6 absent
7 absent

Left
none
Best: none

Right
none
Best: none

XOR
01 10 010000110 3
12 21 101000101 4
23 32 011101110 6
34 43 001111100 5
45 54 111110010 6
56 65 000110001 3
67 76 100001010 3
70 07 110011000 4

02 20 111000011 5
13 31 110101011 6
24 42 010010010 3
35 53 110001110 5
46 64 111000011 5
57 75 100111011 6
60 06 010010010 3
71 17 100011110 5

03 30 100101101 5
14 41 111010111 7
25 52 101100000 3
36 63 110111111 8
47 74 011001001 4
50 05 010100011 4
61 16 000010100 2
72 27 001011011 5

04 40 101010001 4
15 51 000100101 3
26 62 101010001 4
37 73 010110101 5

Matching output with XOR
0 absent
1 absent
2 absent
3 absent
4 absent
5 absent
6 absent
7 absent

Left
none
Best: none

Right
none
Best: none

AND-NOT
01 000000010 1
12 001000100 2
23 010000000 1
34 001111100 5
45 100000010 2
56 000110001 3
67 000000000 a
70 110001000 3

02 001000010 2
13 010000000 1
24 010010000 2
35 100001110 4
46 100000011 3 match 0
57 000110001 3
60 010000000 1
71 100001010 3

03 000000000 a
14 011010100 4
25 100000000 1
36 100111111 7
47 000000001 1 match 1
50 010100001 3
61 000000000 a
72 001001010 3

04 001010000 2
15 000000100 1
26 100010001 3
37 000110101 4
40 100000001 2 match 7
51 000100001 2
62 001000000 1
73 010000000 1

05 000000010 1
16 000010100 2
27 000010001 2
30 100101101 5
41 100000011 3 match 0
52 001100000 2
63 010000000 1
74 011001000 3

06 000010010 2
17 000010100 2
20 110000001 3
31 100101011 5
42 000000010 1
53 010000000 1
64 011000000 2 match 2 4
75 100001010 3

07 000010000 1 match 5
10 010000100 2
21 100000001 2 match 7
32 001101110 5
43 000000000 a
54 011110000 4
65 000000000 a
76 100001010 3

Matching output with AND-NOT
0 46 41
1 47
2 64
3 absent
4 64
5 07
6 absent
7 40 21

Left
46 57x
41 52x
Best: AND-NOT46: 1

Right
40 37x
21 10x
Best: AND-NOT40: 1

OR-NOT
01 101111011 7
12 011111110 7
23 110010001 4
34 111111111 a
45 100001111 5
56 111111111 a
67 011110101 6
70 111101111 8

02 001111110 6
13 011010100 4
24 111111101 8
35 101111111 8
46 100111111 7
57 011110101 6
60 111101101 7
71 111101011 7

03 011010010 4
14 011111100 6
25 110011111 7
36 101111111 8
47 100110111 6
50 111111101 8
61 111101011 7
72 111101110 7

04 011111110 7
15 111011110 7
26 110111111 8
37 101111111 8
40 110101111 7
51 111111011 8
62 011101110 6
73 111001010 5

05 101011110 6
16 111111111 a
27 110110101 6
30 111111111 a
41 100101011 5
52 011111111 8
63 011000000 2 match 2 4
74 111111110 8

06 101111111 8
17 011110101 6
20 110111101 7
31 101111111 8
42 101101111 7
53 011110001 5
64 011111100 6
75 111001110 6

07 001110111 6
10 111111101 8
21 110111011 7
32 101111111 8
43 110000011 4
54 011111101 7
65 111001110 6
76 111111111 a

Matching output with OR-NOT
0 absent
1 absent
2 63
3 absent
4 63
5 absent
6 absent
7 absent

Left
none
Best: none

Right
none
Best: none

XOR-NOT
01 101111001 6
12 010111010 5
23 100010001 3
34 110000011 4
45 000001101 3
56 111001110 6
67 011110101 6
70 001100111 5

02 000111100 4
13 001010100 3 match 6
24 101101101 6
35 001110001 4
46 000111100 4
57 011000100 3
60 101101101 6
71 011100001 4

03 011010010 4
14 000101000 2
25 010011111 6
36 001000000 1
47 100110110 5
50 101011100 5
61 111101011 7
72 110100100 4

04 010101110 5
15 111011010 6
26 010101110 5
37 101001010 4
40 010101110 5
51 111011010 6
62 010101110 5
73 101001010 4

05 101011100 5
16 111101011 7
27 110100100 4
30 011010010 4
41 000101000 2
52 010011111 6
63 001000000 1
74 100110110 5

06 101101101 6
17 011100001 4
20 000111100 4
31 001010100 3 match 6
42 101101101 6
53 001110001 4
64 000111100 4
75 011000100 3

07 001100111 5
10 101111001 6
21 010111010 5
32 100010001 3
43 110000011 4
54 000001101 3
65 111001110 6
76 011110101 6

Matching output with XOR-NOT
0 absent
1 absent
2 absent
3 absent
4 absent
5 absent
6 13 31
7 absent

Left
none
Best: none

Right
none
Best: none

Selecting

Lefts
Identity I4: 1
NOT none
Constant none
AND AND34 AND45 AND56: 3
OR none
XOR none
AND-NOT AND-NOT46: 1
OR-NOT none
XOR-NOT none

Rights
Identity none
NOT none
Constant none
AND AND24 AND13 AND02 AND71: 4
OR none
XOR none
AND-NOT AND-NOT40: 1
OR-NOT none
XOR-NOT none

Left longest: 3
Right longest: 4

Right winner: Identity no, NOT no, Constant no, AND yes, OR no, XOR no, AND-NOT no, OR-NOT no, XOR-NOT no
Left winner: Identity no, NOT no, Constant no, AND yes, OR no, XOR no, AND-NOT no, OR-NOT no, XOR-NOT no

Best right: AND24 AND13 AND02 AND71: 4
Best left: AND34 AND45 AND56: 3

Truncated right: AND24 AND13 AND02 AND71: 4
Truncated left: AND34 AND45 AND56: 3

Tentative from right
7 AND24
6 AND13
5 AND02
4 AND71
3 pending
2 pending
1 pending
0 pending

Tentative
0 AND34
1 AND45
2 AND56
3 pending
4 AND71
5 AND02
6 AND13
7 AND24

Preferred from right
7 AND24
6 AND13
5 AND02
4 AND71
3 ?60
2 AND56
1 AND45
0 AND34

Preferred
0 AND34
1 AND45
2 AND56
3 ?60
4 AND71
5 AND02
6 AND13
7 AND24

Matching
0 AND34
1 AND45
2 AND56
3 ?60 - Identity absent, NOT absent, Constant absent, AND absent, OR absent, XOR absent, AND-NOT absent, OR-NOT absent, XOR-NOT absent
4 AND71
5 AND02
6 AND13
7 AND24

Perfect match
Identity no
NOT no
Constant no
AND no
OR no
XOR no
AND-NOT no
OR-NOT no
XOR-NOT no

Matched
0 AND34
1 AND45
2 AND56
3 none
4 AND71
5 AND02
6 AND13
7 AND24

Selected
0 AND34
1 AND45
2 AND56
3 default 1
4 AND71
5 AND02
6 AND13
7 AND24

Applying to 10001110
Input
0 1
1 0
2 0
3 0
4 1
5 1
6 1
7 0
Output
0 AND34 = AND(0,1) = 0
1 AND45 = AND(1,1) = 1
2 AND56 = AND(1,1) = 1
3 default 1 = 1
4 AND71 = AND(0,0) = 0
5 AND02 = AND(1,0) = 0
6 AND13 = AND(0,0) = 0
7 AND24 = AND(0,1) = 0

I will now return the answer in \boxed{}
The answer in \boxed is
\boxed{01110000}
</think>
\boxed{01110000}