We need to deduce the transformation by matching the example outputs.

Output 1: 00011111
0 0
1 0
2 0
3 1
4 1
5 1
6 1
7 1

Output 2: 11001100
0 1
1 1
2 0
3 0
4 1
5 1
6 0
7 0

Output 3: 10100000
0 1
1 0
2 1
3 0
4 0
5 0
6 0
7 0

Output 4: 01011111
0 0
1 1
2 0
3 1
4 1
5 1
6 1
7 1

Output 5: 01111100
0 0
1 1
2 1
3 1
4 1
5 1
6 0
7 0

Output 6: 11101010
0 1
1 1
2 1
3 0
4 1
5 0
6 1
7 0

Output 7: 11011101
0 1
1 1
2 0
3 1
4 1
5 1
6 0
7 1

Output 8: 10110000
0 1
1 0
2 1
3 1
4 0
5 0
6 0
7 0

Output 9: 11111110
0 1
1 1
2 1
3 1
4 1
5 1
6 1
7 0

Output 10: 10011101
0 1
1 0
2 0
3 1
4 1
5 1
6 0
7 1

Output bit columns (with bitsum as hash)
0 0110011111 7
1 0101111010 6
2 0010110110 5
3 1001101111 7
4 1101111011 8
5 1101101011 7
6 1001010010 4
7 1001001001 4

Input 1: 11111100
0 1
1 1
2 1
3 1
4 1
5 1
6 0
7 0

Input 2: 00011110
0 0
1 0
2 0
3 1
4 1
5 1
6 1
7 0

Input 3: 00010000
0 0
1 0
2 0
3 1
4 0
5 0
6 0
7 0

Input 4: 00100011
0 0
1 0
2 1
3 0
4 0
5 0
6 1
7 1

Input 5: 11011001
0 1
1 1
2 0
3 1
4 1
5 0
6 0
7 1

Input 6: 10011011
0 1
1 0
2 0
3 1
4 1
5 0
6 1
7 1

Input 7: 00110110
0 0
1 0
2 1
3 1
4 0
5 1
6 1
7 0

Input 8: 11000111
0 1
1 1
2 0
3 0
4 0
5 1
6 1
7 1

Input 9: 11001100
0 1
1 1
2 0
3 0
4 1
5 1
6 0
7 0

Input 10: 11101001
0 1
1 1
2 1
3 0
4 1
5 0
6 0
7 1

Identity
0 1000110111 6
1 1000100111 5
2 1001001001 4 match 7
3 1110111000 6
4 1100110011 6
5 1100001110 5
6 0101011100 5
7 0001110101 5

Matching output with Identity
0 absent
1 absent
2 absent
3 absent
4 absent
5 absent
6 absent
7 2

Left
none
Best: none

Right
2 1x
Best: I2: 1

NOT
0 0111001000 4
1 0111011000 5
2 0110110110 6
3 0001000111 4
4 0011001100 4
5 0011110001 5
6 1010100011 5
7 1110001010 5

Matching output with NOT
0 absent
1 absent
2 absent
3 absent
4 absent
5 absent
6 absent
7 absent

Left
none
Best: none

Right
none
Best: none

Constant
0 0000000000 a
1 1111111111 a

Matching output with Constant
0 absent
1 absent
2 absent
3 absent
4 absent
5 absent
6 absent
7 absent

Left
none
Best: none

Right
none
Best: none

AND
01 10 1000100111 5
12 21 1000000001 2
23 32 1000001000 2
34 43 1100110000 4
45 54 1100000010 3
56 65 0100001100 3
67 76 0001010100 3
70 07 0000110101 4

02 20 1000000001 2
13 31 1000100000 2
24 42 1000000001 2
35 53 1100001000 3
46 64 0100010000 2
57 75 0000000100 1
60 06 0000010100 2
71 17 0000100101 3

03 30 1000110000 3
14 41 1000100011 4
25 52 1000001000 2
36 63 0100011000 3
47 74 0000110001 3
50 05 1000000110 3
61 16 0000000100 1
72 27 0001000001 2

04 40 1000110011 5
15 51 1000000110 3
26 62 0001001000 2
37 73 0000110000 2

Matching output with AND
0 absent
1 absent
2 absent
3 absent
4 absent
5 absent
6 absent
7 absent

Left
none
Best: none

Right
none
Best: none

OR
01 10 1000110111 6
12 21 1001101111 7 match 3
23 32 1111111001 8
34 43 1110111011 8
45 54 1100111111 8
56 65 1101011110 7
67 76 0101111101 7
70 07 1001110111 7

02 20 1001111111 8
13 31 1110111111 9
24 42 1101111011 8 match 4
35 53 1110111110 8
46 64 1101111111 9
57 75 1101111111 9
60 06 1101111111 9
71 17 1001110111 7

03 30 1110111111 9
14 41 1100110111 7
25 52 1101001111 7
36 63 1111111100 8
47 74 1101110111 8
50 05 1100111111 8
61 16 1101111111 9
72 27 1001111101 7

04 40 1100110111 7
15 51 1100101111 7
26 62 1101011101 7
37 73 1111111101 9

Matching output with OR
0 absent
1 absent
2 absent
3 12 21
4 24 42
5 absent
6 absent
7 absent

Left
none
Best: none

Right
none
Best: none

XOR
01 10 0000010000 1
12 21 0001101110 5
23 32 0111110001 6
34 43 0010001011 4
45 54 0000111101 5
56 65 1001010010 4 match 6
67 76 0100101001 4
70 07 1001000010 3

02 20 0001111110 6
13 31 0110011111 7 match 0
24 42 0101111010 6 match 1
35 53 0010110110 5 match 2
46 64 1001101111 7 match 3
57 75 1101111011 8 match 4
60 06 1101101011 7 match 5
71 17 1001010010 4 match 6

03 30 0110001111 6
14 41 0100010100 3
25 52 0101000111 5
36 63 1011100100 5
47 74 1101000110 5
50 05 0100111001 5
61 16 1101111011 8 match 4
72 27 1000111100 5

04 40 0100000100 2
15 51 0100101001 4
26 62 1100010101 5
37 73 1111001101 7

Matching output with XOR
0 13 31
1 24 42
2 35 53
3 46 64
4 57 75 16 61
5 06 60
6 56 65 17 71
7 absent

Left
13 24 35 46 57 60 71 02x
31 42 53 64 75 06 17 20x
Best: XOR13 XOR24 XOR35 XOR46 XOR57 XOR60 XOR71: 7

Right
none
Best: none

AND-NOT
01 0000010000 1
12 0000100110 3
23 0001000001 2
34 0010001000 2
45 0000110001 3
56 1000000010 2
67 0100001000 2
70 0001000000 1

02 0000110110 4
13 0000000111 3
24 0001001000 2
35 0010110000 3
46 1000100011 4
57 1100001010 4
60 0101001000 3
71 0001010000 2

03 0000000111 3
14 0000000100 1
25 0001000001 2
36 1010100000 3
47 1100000010 3
50 0100001000 2
61 0101011000 4
72 0000110100 3

04 0000000100 1
15 0000100001 2
26 1000000001 2
37 1110001000 4
40 0100000000 1
51 0100001000 2
62 0100010100 3
73 0001000101 3

05 0000110001 3
16 1000100011 4
27 1000001000 2
30 0110001000 3
41 0100010000 2
52 0100000110 3
63 0001000100 2
74 0001000100 2

06 1000100011 4
17 1000000010 2
20 0001001000 2
31 0110011000 4
42 0100110010 4
53 0000000110 2
64 0001001100 3
75 0001110001 4

07 1000000010 2
10 0000000000 a
21 0001001000 2
32 0110110000 4
43 0000000011 2
54 0000001100 2
65 0001010000 2
76 0000100001 2

Matching output with AND-NOT
0 absent
1 absent
2 absent
3 absent
4 absent
5 absent
6 absent
7 absent

Left
none
Best: none

Right
none
Best: none

OR-NOT
01 1111111111 a
12 1110110111 8
23 1001001111 6
34 1111111100 8
45 1111110011 8
56 1110101111 8
67 1111011110 8
70 0111111101 8

02 1110110111 8
13 1001100111 6
24 1011001101 6
35 1111111001 8
46 1110110011 7
57 1110001110 6
60 0111011100 6
71 0111111101 8

03 1001110111 7
14 1011101111 8
25 1011111001 7
36 1110111011 8
47 1110111011 8
50 1111001110 7
61 0111011100 6
72 0111110111 8

04 1011111111 9
15 1011110111 8
26 1011101011 7
37 1110111010 7
40 1111111011 9
51 1111011110 8
62 0111111110 8
73 0001110111 6

05 1011110111 8
16 1010100111 6
27 1111001011 7
30 1111111000 7
41 1111111011 9
52 1110111110 8
63 0101011111 7
74 0011111101 7

06 1010110111 7
17 1110101111 8
20 1111001001 6
31 1111111000 7
42 1110110111 8
53 1101001111 7
64 0111011100 6
75 0011110101 6

07 1110111111 9
10 1111101111 9
21 1111011001 7
32 1110111110 8
43 1101110111 8
54 1111001110 7
65 0111111101 8
76 1011110111 8

Matching output with OR-NOT
0 absent
1 absent
2 absent
3 absent
4 absent
5 absent
6 absent
7 absent

Left
none
Best: none

Right
none
Best: none

XOR-NOT
01 1111101111 9
12 1110010001 5
23 1000001110 4
34 1101110100 6
45 1111000010 5
56 0110101101 6
67 1011010110 6
70 0110111101 7

02 1110000001 4
13 1001100000 3
24 1010000101 4
35 1101001001 5
46 0110010000 3
57 0010000100 2
60 0010010100 3
71 0110101101 6

03 1001110000 4
14 1011101011 7
25 1010111000 5
36 0100011011 5
47 0010111001 5
50 1011000110 5
61 0010000100 2
72 0111000011 5

04 1011111011 8
15 1011010110 6
26 0011101010 5
37 0000110010 3
40 1011111011 8
51 1011010110 6
62 0011101010 5
73 0000110010 3

05 1011000110 5
16 0010000100 2
27 0111000011 5
30 1001110000 4
41 1011101011 7
52 1010111000 5
63 0100011011 5
74 0010111001 5

06 0010010100 3
17 0110101101 6
20 1110000001 4
31 1001100000 3
42 1010000101 4
53 1101001001 5
64 0110010000 3
75 0010000100 2

07 0110111101 7
10 1111101111 9
21 1110010001 5
32 1000001110 4
43 1101110100 6
54 1111000010 5
65 0110101101 6
76 1011010110 6

Matching output with XOR-NOT
0 absent
1 absent
2 absent
3 absent
4 absent
5 absent
6 absent
7 absent

Left
none
Best: none

Right
none
Best: none

Selecting

Lefts
Identity none
NOT none
Constant none
AND none
OR none
XOR XOR13 XOR24 XOR35 XOR46 XOR57 XOR60 XOR71: 7
AND-NOT none
OR-NOT none
XOR-NOT none

Rights
Identity I2: 1
NOT none
Constant none
AND none
OR none
XOR none
AND-NOT none
OR-NOT none
XOR-NOT none

Left longest: 7
Right longest: 1

Left winner: Identity no, NOT no, Constant no, AND no, OR no, XOR yes, AND-NOT no, OR-NOT no, XOR-NOT no
Right winner: Identity yes, NOT no, Constant no, AND no, OR no, XOR no, AND-NOT no, OR-NOT no, XOR-NOT no

Best left: XOR13 XOR24 XOR35 XOR46 XOR57 XOR60 XOR71: 7
Best right: I2: 1

Truncated left: XOR13 XOR24 XOR35 XOR46 XOR57 XOR60 XOR71: 7
Truncated right: I2: 1

Tentative from right
7 I2
6 pending
5 pending
4 pending
3 pending
2 pending
1 pending
0 pending

Tentative
0 XOR13
1 XOR24
2 XOR35
3 XOR46
4 XOR57
5 XOR60
6 XOR71
7 I2

Preferred from left
0 XOR13
1 XOR24
2 XOR35
3 XOR46
4 XOR57
5 XOR60
6 XOR71
7 I2

Preferred
0 XOR13
1 XOR24
2 XOR35
3 XOR46
4 XOR57
5 XOR60
6 XOR71
7 I2

Matching
0 XOR13
1 XOR24
2 XOR35
3 XOR46
4 XOR57
5 XOR60
6 XOR71
7 I2

Perfect match
Identity no
NOT no
Constant no
AND no
OR no
XOR no
AND-NOT no
OR-NOT no
XOR-NOT no

Matched
0 XOR13
1 XOR24
2 XOR35
3 XOR46
4 XOR57
5 XOR60
6 XOR71
7 I2

Selected
0 XOR13
1 XOR24
2 XOR35
3 XOR46
4 XOR57
5 XOR60
6 XOR71
7 I2

Applying to 01101001
Input
0 0
1 1
2 1
3 0
4 1
5 0
6 0
7 1
Output
0 XOR13 = XOR(1,0) = 1
1 XOR24 = XOR(1,1) = 0
2 XOR35 = XOR(0,0) = 0
3 XOR46 = XOR(1,0) = 1
4 XOR57 = XOR(0,1) = 1
5 XOR60 = XOR(0,0) = 0
6 XOR71 = XOR(1,1) = 0
7 I2 = 1

I will now return the answer in \boxed{}
The answer in \boxed is
\boxed{10011001}
</think>
\boxed{10011001}