We need to deduce the transformation by matching the example outputs.

Output 1: 11010110
0 1
1 1
2 0
3 1
4 0
5 1
6 1
7 0

Output 2: 10000000
0 1
1 0
2 0
3 0
4 0
5 0
6 0
7 0

Output 3: 01010000
0 0
1 1
2 0
3 1
4 0
5 0
6 0
7 0

Output 4: 00000010
0 0
1 0
2 0
3 0
4 0
5 0
6 1
7 0

Output 5: 10010010
0 1
1 0
2 0
3 1
4 0
5 0
6 1
7 0

Output 6: 00010010
0 0
1 0
2 0
3 1
4 0
5 0
6 1
7 0

Output 7: 10010100
0 1
1 0
2 0
3 1
4 0
5 1
6 0
7 0

Output bit columns (with bitsum as hash)
0 1100101 4
1 1010000 2
2 0000000 a
3 1010111 5
4 0000000 a
5 1000001 2
6 1001110 4
7 0000000 a

Input 1: 11101101
0 1
1 1
2 1
3 0
4 1
5 1
6 0
7 1

Input 2: 00001101
0 0
1 0
2 0
3 0
4 1
5 1
6 0
7 1

Input 3: 10100101
0 1
1 0
2 1
3 0
4 0
5 1
6 0
7 1

Input 4: 01000101
0 0
1 1
2 0
3 0
4 0
5 1
6 0
7 1

Input 5: 01111101
0 0
1 1
2 1
3 1
4 1
5 1
6 0
7 1

Input 6: 01110101
0 0
1 1
2 1
3 1
4 0
5 1
6 0
7 1

Input 7: 11101001
0 1
1 1
2 1
3 0
4 1
5 0
6 0
7 1

Identity
0 1010001 3
1 1001111 5
2 1010111 5 match 3
3 0000110 2
4 1100101 4 match 0
5 1111110 6
6 0000000 a match 2 4 7
7 1111111 a

Matching output with Identity
0 4
1 absent
2 6
3 2
4 6
5 absent
6 absent
7 6

Left
4 5x
Best: I4: 1

Right
6 5x
Best: I6: 1

NOT
0 0101110 4
1 0110000 2
2 0101000 2
3 1111001 5
4 0011010 3
5 0000001 1
6 1111111 a
7 0000000 a match 2 4 7

Matching output with NOT
0 absent
1 absent
2 7
3 absent
4 7
5 absent
6 absent
7 7

Left
none
Best: none

Right
7 6x
Best: NOT7: 1

Constant
0 0000000 a match 2 4 7
1 1111111 a

Matching output with Constant
0 absent
1 absent
2 C0
3 absent
4 C0
5 absent
6 absent
7 C0

Left
none
Best: none

Right
0
Best: C0: 1

AND
01 10 1000001 2 match 5
12 21 1000111 4
23 32 0000110 2
34 43 0000100 1
45 54 1100100 3
56 65 0000000 a match 2 4 7
67 76 0000000 a match 2 4 7
70 07 1010001 3

02 20 1010001 3
13 31 0000110 2
24 42 1000101 3
35 53 0000110 2
46 64 0000000 a match 2 4 7
57 75 1111110 6
60 06 0000000 a match 2 4 7
71 17 1001111 5

03 30 0000000 a match 2 4 7
14 41 1000101 3
25 52 1010110 4
36 63 0000000 a match 2 4 7
47 74 1100101 4 match 0
50 05 1010000 2 match 1
61 16 0000000 a match 2 4 7
72 27 1010111 5 match 3

04 40 1000001 2 match 5
15 51 1001110 4 match 6
26 62 0000000 a match 2 4 7
37 73 0000110 2

Matching output with AND
0 47 74
1 05 50
2 56 65 67 76 46 64 06 60 03 30 36 63 16 61 26 62
3 27 72
4 56 65 67 76 46 64 06 60 03 30 36 63 16 61 26 62
5 01 10 04 40
6 15 51
7 56 65 67 76 46 64 06 60 03 30 36 63 16 61 26 62

Left
47 50 61 72 03 14x
74 05 16 27 30 41x
Best: AND47 AND50 AND61 AND72 AND03: 5

Right
56 45x
65 54x
67 56x
76 65x
46 35x
64 53x
06 75x
60 57x
03 72x
30 27x
36 25x
63 52x
16 05x
61 50x
26 15 04 73x
62 51 40 37x
Best: AND26 AND15 AND04: 3

OR
01 10 1011111 6
12 21 1011111 6
23 32 1010111 5 match 3
34 43 1100111 5
45 54 1111111 a
56 65 1111110 6
67 76 1111111 a
70 07 1111111 a

02 20 1010111 5 match 3
13 31 1001111 5
24 42 1110111 6
35 53 1111110 6
46 64 1100101 4 match 0
57 75 1111111 a
60 06 1010001 3
71 17 1111111 a

03 30 1010111 5 match 3
14 41 1101111 6
25 52 1111111 a
36 63 0000110 2
47 74 1111111 a
50 05 1111111 a
61 16 1001111 5
72 27 1111111 a

04 40 1110101 5
15 51 1111111 a
26 62 1010111 5 match 3
37 73 1111111 a

Matching output with OR
0 46 64
1 absent
2 absent
3 23 32 02 20 03 30 26 62
4 absent
5 absent
6 absent
7 absent

Left
46 57x
64 75x
Best: OR46: 1

Right
none
Best: none

XOR
01 10 0011110 4
12 21 0011000 2
23 32 1010001 3
34 43 1100011 4
45 54 0011011 4
56 65 1111110 6
67 76 1111111 a
70 07 0101110 4

02 20 0000110 2
13 31 1001001 3
24 42 0110010 3
35 53 1111000 4
46 64 1100101 4 match 0
57 75 0000001 1
60 06 1010001 3
71 17 0110000 2

03 30 1010111 5 match 3
14 41 0101010 3
25 52 0101001 3
36 63 0000110 2
47 74 0011010 3
50 05 0101111 5
61 16 1001111 5
72 27 0101000 2

04 40 0110100 3
15 51 0110001 3
26 62 1010111 5 match 3
37 73 1111001 5

Matching output with XOR
0 46 64
1 absent
2 absent
3 03 30 26 62
4 absent
5 absent
6 absent
7 absent

Left
46 57x
64 75x
Best: XOR46: 1

Right
none
Best: none

AND-NOT
01 0010000 1
12 0001000 1
23 1010001 3
34 0000010 1
45 0000001 1
56 1111110 6
67 0000000 a match 2 4 7
70 0101110 4

02 0000000 a match 2 4 7
13 1001001 3
24 0010010 2
35 0000000 a match 2 4 7
46 1100101 4 match 0
57 0000000 a match 2 4 7
60 0000000 a match 2 4 7
71 0110000 2

03 1010001 3
14 0001010 2
25 0000001 1
36 0000110 2
47 0000000 a match 2 4 7
50 0101110 4
61 0000000 a match 2 4 7
72 0101000 2

04 0010000 1
15 0000001 1
26 1010111 5 match 3
37 0000000 a match 2 4 7
40 0100100 2
51 0110000 2
62 0000000 a match 2 4 7
73 1111001 5

05 0000001 1
16 1001111 5
27 0000000 a match 2 4 7
30 0000110 2
41 0100000 1
52 0101000 2
63 0000000 a match 2 4 7
74 0011010 3

06 1010001 3
17 0000000 a match 2 4 7
20 0000110 2
31 0000000 a match 2 4 7
42 0100000 1
53 1111000 4
64 0000000 a match 2 4 7
75 0000001 1

07 0000000 a match 2 4 7
10 0001110 3
21 0010000 1
32 0000000 a match 2 4 7
43 1100001 3
54 0011010 3
65 0000000 a match 2 4 7
76 1111111 a

Matching output with AND-NOT
0 46
1 absent
2 67 02 35 57 60 47 61 37 62 27 63 17 31 64 07 32 65
3 26
4 67 02 35 57 60 47 61 37 62 27 63 17 31 64 07 32 65
5 absent
6 absent
7 67 02 35 57 60 47 61 37 62 27 63 17 31 64 07 32 65

Left
46 57x
Best: AND-NOT46: 1

Right
67 56x
02 71x
35 24x
57 46x
60 57x
47 36x
61 50x
37 26x
62 51x
27 16x
63 52x
17 06x
31 20x
64 53x
07 76x
32 21x
65 54x
Best: AND-NOT67: 1

OR-NOT
01 1110001 4
12 1101111 6
23 1111111 a
34 0011110 4
45 1100101 4 match 0
56 1111111 a
67 0000000 a match 2 4 7
70 1111111 a

02 1111001 5
13 1111111 a
24 1011111 6
35 0000111 3
46 1111111 a
57 1111110 6
60 0101110 4
71 1111111 a

03 1111001 5
14 1011111 6
25 1010111 5 match 3
36 1111111 a
47 1100101 4 match 0
50 1111110 6
61 0110000 2
72 1111111 a

04 1011011 5
15 1001111 5
26 1111111 a
37 0000110 2
40 1101111 6
51 1111110 6
62 0101000 2
73 1111111 a

05 1010001 3
16 1111111 a
27 1010111 5 match 3
30 0101110 4
41 1110101 5
52 1111110 6
63 1111001 5
74 1111111 a

06 1111111 a
17 1001111 5
20 1111111 a
31 0110110 4
42 1101101 5
53 1111111 a
64 0011010 3
75 1111111 a

07 1010001 3
10 1101111 6
21 1110111 6
32 0101110 4
43 1111101 6
54 1111110 6
65 0000001 1
76 1111111 a

Matching output with OR-NOT
0 45 47
1 absent
2 67
3 25 27
4 67
5 absent
6 absent
7 67

Left
45 56x
47 50x
Best: OR-NOT45: 1

Right
67 56x
Best: OR-NOT67: 1

XOR-NOT
01 1100001 3
12 1100111 5
23 0101110 4
34 0011100 3
45 1100100 3
56 0000001 1
67 0000000 a match 2 4 7
70 1010001 3

02 1111001 5
13 0110110 4
24 1001101 4
35 0000111 3
46 0011010 3
57 1111110 6
60 0101110 4
71 1001111 5

03 0101000 2
14 1010101 4
25 1010110 4
36 1111001 5
47 1100101 4 match 0
50 1010000 2 match 1
61 0110000 2
72 1010111 5 match 3

04 1001011 4
15 1001110 4 match 6
26 0101000 2
37 0000110 2
40 1001011 4
51 1001110 4 match 6
62 0101000 2
73 0000110 2

05 1010000 2 match 1
16 0110000 2
27 1010111 5 match 3
30 0101000 2
41 1010101 4
52 1010110 4
63 1111001 5
74 1100101 4 match 0

06 0101110 4
17 1001111 5
20 1111001 5
31 0110110 4
42 1001101 4
53 0000111 3
64 0011010 3
75 1111110 6

07 1010001 3
10 1100001 3
21 1100111 5
32 0101110 4
43 0011100 3
54 1100100 3
65 0000001 1
76 0000000 a match 2 4 7

Matching output with XOR-NOT
0 47 74
1 50 05
2 67 76
3 72 27
4 67 76
5 absent
6 15 51
7 67 76

Left
47 50 61x
74 05 16x
Best: XOR-NOT47 XOR-NOT50: 2

Right
67 56x
76 65x
Best: XOR-NOT67: 1

Selecting

Lefts
Identity I4: 1
NOT none
Constant none
AND AND47 AND50 AND61 AND72 AND03: 5
OR OR46: 1
XOR XOR46: 1
AND-NOT AND-NOT46: 1
OR-NOT OR-NOT45: 1
XOR-NOT XOR-NOT47 XOR-NOT50: 2

Rights
Identity I6: 1
NOT NOT7: 1
Constant C0: 1
AND AND26 AND15 AND04: 3
OR none
XOR none
AND-NOT AND-NOT67: 1
OR-NOT OR-NOT67: 1
XOR-NOT XOR-NOT67: 1

Left longest: 5
Right longest: 3

Left winner: Identity no, NOT no, Constant no, AND yes, OR no, XOR no, AND-NOT no, OR-NOT no, XOR-NOT no
Right winner: Identity no, NOT no, Constant no, AND yes, OR no, XOR no, AND-NOT no, OR-NOT no, XOR-NOT no

Best left: AND47 AND50 AND61 AND72 AND03: 5
Best right: AND26 AND15 AND04: 3

Truncated left: AND47 AND50 AND61 AND72 AND03: 5
Truncated right: AND26 AND15 AND04: 3

Tentative from right
7 AND26
6 AND15
5 AND04
4 pending
3 pending
2 pending
1 pending
0 pending

Tentative
0 AND47
1 AND50
2 AND61
3 AND72
4 AND03
5 AND04
6 AND15
7 AND26

Preferred from left
0 AND47
1 AND50
2 AND61
3 AND72
4 AND03
5 AND04
6 AND15
7 AND26

Preferred
0 AND47
1 AND50
2 AND61
3 AND72
4 AND03
5 AND04
6 AND15
7 AND26

Matching
0 AND47
1 AND50
2 AND61
3 AND72
4 AND03
5 AND04
6 AND15
7 AND26

Perfect match
Identity no
NOT no
Constant no
AND no
OR no
XOR no
AND-NOT no
OR-NOT no
XOR-NOT no

Matched
0 AND47
1 AND50
2 AND61
3 AND72
4 AND03
5 AND04
6 AND15
7 AND26

Selected
0 AND47
1 AND50
2 AND61
3 AND72
4 AND03
5 AND04
6 AND15
7 AND26

Applying to 10101000
Input
0 1
1 0
2 1
3 0
4 1
5 0
6 0
7 0
Output
0 AND47 = AND(1,0) = 0
1 AND50 = AND(0,1) = 0
2 AND61 = AND(0,0) = 0
3 AND72 = AND(0,1) = 0
4 AND03 = AND(1,0) = 0
5 AND04 = AND(1,1) = 1
6 AND15 = AND(0,0) = 0
7 AND26 = AND(1,0) = 0

I will now return the answer in \boxed{}
The answer in \boxed is
\boxed{00000100}
</think>
\boxed{00000100}