We need to deduce the transformation by matching the example outputs.

Output 1: 11011110
0 1
1 1
2 0
3 1
4 1
5 1
6 1
7 0

Output 2: 11111011
0 1
1 1
2 1
3 1
4 1
5 0
6 1
7 1

Output 3: 11110000
0 1
1 1
2 1
3 1
4 0
5 0
6 0
7 0

Output 4: 00000011
0 0
1 0
2 0
3 0
4 0
5 0
6 1
7 1

Output 5: 11110101
0 1
1 1
2 1
3 1
4 0
5 1
6 0
7 1

Output 6: 11111101
0 1
1 1
2 1
3 1
4 1
5 1
6 0
7 1

Output 7: 11110101
0 1
1 1
2 1
3 1
4 0
5 1
6 0
7 1

Output bit columns (with bitsum as hash)
0 1110111 6
1 1110111 6
2 0110111 5
3 1110111 6
4 1100010 3
5 1000111 4
6 1101000 3
7 0101111 5

Input 1: 11011001
0 1
1 1
2 0
3 1
4 1
5 0
6 0
7 1

Input 2: 01101101
0 0
1 1
2 1
3 0
4 1
5 1
6 0
7 1

Input 3: 00001010
0 0
1 0
2 0
3 0
4 1
5 0
6 1
7 0

Input 4: 01100000
0 0
1 1
2 1
3 0
4 0
5 0
6 0
7 0

Input 5: 10111110
0 1
1 0
2 1
3 1
4 1
5 1
6 1
7 0

Input 6: 10110101
0 1
1 0
2 1
3 1
4 0
5 1
6 0
7 1

Input 7: 10101110
0 1
1 0
2 1
3 0
4 1
5 1
6 1
7 0

Identity
0 1000111 4 match 5
1 1101000 3 match 6
2 0101111 5 match 7
3 1000110 3
4 1110101 5
5 0100111 4
6 0010101 3
7 1100010 3 match 4

Matching output with Identity
0 absent
1 absent
2 absent
3 absent
4 7
5 0
6 1
7 2

Left
none
Best: none

Right
2 1 0 7 6x
Best: I2 I1 I0 I7: 4

NOT
0 0111000 3
1 0010111 4
2 1010000 2
3 0111001 4
4 0001010 2
5 1011000 3
6 1101010 4
7 0011101 4

Matching output with NOT
0 absent
1 absent
2 absent
3 absent
4 absent
5 absent
6 absent
7 absent

Left
none
Best: none

Right
none
Best: none

Constant
0 0000000 a
1 1111111 a

Matching output with Constant
0 absent
1 absent
2 absent
3 absent
4 absent
5 absent
6 absent
7 absent

Left
none
Best: none

Right
none
Best: none

AND
01 10 1000000 1
12 21 0101000 2
23 32 0000110 2
34 43 1000100 2
45 54 0100101 3
56 65 0000101 2
67 76 0000000 a
70 07 1000010 2

02 20 0000111 3
13 31 1000000 1
24 42 0100101 3
35 53 0000110 2
46 64 0010101 3
57 75 0100010 2
60 06 0000101 2
71 17 1100000 2

03 30 1000110 3
14 41 1100000 2
25 52 0100111 4
36 63 0000100 1
47 74 1100000 2
50 05 0000111 3
61 16 0000000 a
72 27 0100010 2

04 40 1000101 3
15 51 0100000 1
26 62 0000101 2
37 73 1000010 2

Matching output with AND
0 absent
1 absent
2 absent
3 absent
4 absent
5 absent
6 absent
7 absent

Left
none
Best: none

Right
none
Best: none

OR
01 10 1101111 6
12 21 1101111 6
23 32 1101111 6
34 43 1110111 6 match 0 1 3
45 54 1110111 6 match 0 1 3
56 65 0110111 5 match 2
67 76 1110111 6 match 0 1 3
70 07 1100111 5

02 20 1101111 6
13 31 1101110 5
24 42 1111111 a
35 53 1100111 5
46 64 1110101 5
57 75 1100111 5
60 06 1010111 5
71 17 1101010 4

03 30 1000111 4 match 5
14 41 1111101 6
25 52 0101111 5 match 7
36 63 1010111 5
47 74 1110111 6 match 0 1 3
50 05 1100111 5
61 16 1111101 6
72 27 1101111 6

04 40 1110111 6 match 0 1 3
15 51 1101111 6
26 62 0111111 6
37 73 1100110 4

Matching output with OR
0 34 43 45 54 67 76 47 74 04 40
1 34 43 45 54 67 76 47 74 04 40
2 56 65
3 34 43 45 54 67 76 47 74 04 40
4 absent
5 03 30
6 absent
7 25 52

Left
34 45 56 67 70x
43 54 65 76 07x
45 56x
54 65x
67 70x
76 07x
47 50x
74 05x
04 15x
40 51x
Best: OR34 OR45 OR56 OR67: 4

Right
25 14x
52 41x
Best: OR25: 1

XOR
01 10 0101111 5 match 7
12 21 1000111 4 match 5
23 32 1101001 4
34 43 0110011 4
45 54 1010010 3
56 65 0110010 3
67 76 1110111 6 match 0 1 3
70 07 0100101 3

02 20 1101000 3 match 6
13 31 0101110 4
24 42 1011010 4
35 53 1100001 3
46 64 1100000 2
57 75 1000101 3
60 06 1010010 3
71 17 0001010 2

03 30 0000001 1
14 41 0011101 4
25 52 0001000 1
36 63 1010011 4
47 74 0010111 4
50 05 1100000 2
61 16 1111101 6
72 27 1001101 4

04 40 0110010 3
15 51 1001111 5
26 62 0111010 4
37 73 0100100 2

Matching output with XOR
0 67 76
1 67 76
2 absent
3 67 76
4 absent
5 12 21
6 02 20
7 01 10

Left
67 70x
76 07x
Best: XOR67: 1

Right
01 70x
10 07x
Best: XOR01: 1

AND-NOT
01 0000111 3
12 1000000 1
23 0101001 3
34 0000010 1
45 1010000 2
56 0100010 2
67 0010101 3
70 0100000 1

02 1000000 1
13 0101000 2
24 0001010 2
35 1000000 1
46 1100000 2
57 0000101 2
60 0010000 1
71 0000010 1

03 0000001 1
14 0001000 1
25 0001000 1
36 1000010 2
47 0010101 3
50 0100000 1
61 0010101 3
72 1000000 1

04 0000010 1
15 1001000 2
26 0101010 3
37 0000100 1
40 0110000 2
51 0000111 3
62 0010000 1
73 0100000 1

05 1000000 1
16 1101000 3 match 6
27 0001101 3
30 0000000 a
41 0010101 3
52 0000000 a
63 0010001 2
74 0000010 1

06 1000010 2
17 0001000 1
20 0101000 2
31 0000110 2
42 1010000 2
53 0100001 2
64 0000000 a
75 1000000 1

07 0000101 2
10 0101000 2
21 0000111 3
32 1000000 1
43 0110001 3
54 0000010 1
65 0010000 1
76 1100010 3 match 4

Matching output with AND-NOT
0 absent
1 absent
2 absent
3 absent
4 76
5 absent
6 16
7 absent

Left
none
Best: none

Right
none
Best: none

OR-NOT
01 1010111 5
12 1111000 4
23 0111111 6
34 1001110 4
45 1111101 6
56 1101111 6
67 0011101 4
70 1111010 5

02 1010111 5
13 1111001 5
24 0101111 5 match 7
35 1011110 5
46 1111111 a
57 0111111 6
60 0111101 5
71 1110111 6 match 0 1 3

03 1111111 a
14 1101010 4
25 1111111 a
36 1101110 5
47 1111101 6
50 0111111 6
61 0010111 4
72 1110010 4

04 1001111 5
15 1111000 4
26 1101111 6
37 1011111 6
40 1111101 6
51 0110111 5 match 2
62 1010101 4
73 1111011 6

05 1011111 6
16 1101010 4
27 0111111 6
30 1111110 6
41 1110111 6 match 0 1 3
52 1110111 6 match 0 1 3
63 0111101 5
74 1101010 4

06 1101111 6
17 1111101 6
20 0111111 6
31 1010111 5
42 1110101 5
53 0111111 6
64 0011111 5
75 1111010 5

07 1011111 6
10 1111000 4
21 0111111 6
32 1010110 4
43 1111101 6
54 0101111 5 match 7
65 1011101 5
76 1101010 4

Matching output with OR-NOT
0 71 41 52
1 71 41 52
2 51
3 71 41 52
4 absent
5 absent
6 absent
7 24 54

Left
71 02x
41 52 63x
52 63x
Best: OR-NOT41 OR-NOT52: 2

Right
24 13x
54 43x
Best: OR-NOT24: 1

XOR-NOT
01 1010000 2
12 0111000 3
23 0010110 3
34 1001100 3
45 0101101 4
56 1001101 4
67 0001000 1
70 1011010 4

02 0010111 4
13 1010001 3
24 0100101 3
35 0011110 4
46 0011111 5
57 0111010 4
60 0101101 4
71 1110101 5

03 1111110 6
14 1100010 3 match 4
25 1110111 6 match 0 1 3
36 0101100 3
47 1101000 3 match 6
50 0011111 5
61 0000010 1
72 0110010 3

04 1001101 4
15 0110000 2
26 1000101 3
37 1011011 5
40 1001101 4
51 0110000 2
62 1000101 3
73 1011011 5

05 0011111 5
16 0000010 1
27 0110010 3
30 1111110 6
41 1100010 3 match 4
52 1110111 6 match 0 1 3
63 0101100 3
74 1101000 3 match 6

06 0101101 4
17 1110101 5
20 0010111 4
31 1010001 3
42 0100101 3
53 0011110 4
64 0011111 5
75 0111010 4

07 1011010 4
10 1010000 2
21 0111000 3
32 0010110 3
43 1001100 3
54 0101101 4
65 1001101 4
76 0001000 1

Matching output with XOR-NOT
0 25 52
1 25 52
2 absent
3 25 52
4 14 41
5 absent
6 47 74
7 absent

Left
25 36x
52 63x
Best: XOR-NOT25: 1

Right
none
Best: none

Selecting

Lefts
Identity none
NOT none
Constant none
AND none
OR OR34 OR45 OR56 OR67: 4
XOR XOR67: 1
AND-NOT none
OR-NOT OR-NOT41 OR-NOT52: 2
XOR-NOT XOR-NOT25: 1

Rights
Identity I2 I1 I0 I7: 4
NOT none
Constant none
AND none
OR OR25: 1
XOR XOR01: 1
AND-NOT none
OR-NOT OR-NOT24: 1
XOR-NOT none

Left longest: 4
Right longest: 4

Left winner: Identity no, NOT no, Constant no, AND no, OR yes, XOR no, AND-NOT no, OR-NOT no, XOR-NOT no
Right winner: Identity yes, NOT no, Constant no, AND no, OR no, XOR no, AND-NOT no, OR-NOT no, XOR-NOT no

Best left: OR34 OR45 OR56 OR67: 4
Best right: I2 I1 I0 I7: 4

Truncated left: OR34 OR45 OR56 OR67: 4
Truncated right: I2 I1 I0 I7: 4

Tentative from right
7 I2
6 I1
5 I0
4 I7
3 pending
2 pending
1 pending
0 pending

Tentative
0 OR34
1 OR45
2 OR56
3 OR67
4 I7
5 I0
6 I1
7 I2

Preferred from left
0 OR34
1 OR45
2 OR56
3 OR67
4 I7
5 I0
6 I1
7 I2

Preferred
0 OR34
1 OR45
2 OR56
3 OR67
4 I7
5 I0
6 I1
7 I2

Matching
0 OR34
1 OR45
2 OR56
3 OR67
4 I7
5 I0
6 I1
7 I2

Perfect match
Identity no
NOT no
Constant no
AND no
OR no
XOR no
AND-NOT no
OR-NOT no
XOR-NOT no

Matched
0 OR34
1 OR45
2 OR56
3 OR67
4 I7
5 I0
6 I1
7 I2

Selected
0 OR34
1 OR45
2 OR56
3 OR67
4 I7
5 I0
6 I1
7 I2

Applying to 10101000
Input
0 1
1 0
2 1
3 0
4 1
5 0
6 0
7 0
Output
0 OR34 = OR(0,1) = 1
1 OR45 = OR(1,0) = 1
2 OR56 = OR(0,0) = 0
3 OR67 = OR(0,0) = 0
4 I7 = 0
5 I0 = 1
6 I1 = 0
7 I2 = 1

I will now return the answer in \boxed{}
The answer in \boxed is
\boxed{11000101}
</think>
\boxed{11000101}