We need to deduce the transformation by matching the example outputs.

Output 1: 00010001
0 0
1 0
2 0
3 1
4 0
5 0
6 0
7 1

Output 2: 01001000
0 0
1 1
2 0
3 0
4 1
5 0
6 0
7 0

Output 3: 00011000
0 0
1 0
2 0
3 1
4 1
5 0
6 0
7 0

Output 4: 01011110
0 0
1 1
2 0
3 1
4 1
5 1
6 1
7 0

Output 5: 11001001
0 1
1 1
2 0
3 0
4 1
5 0
6 0
7 1

Output 6: 10000100
0 1
1 0
2 0
3 0
4 0
5 1
6 0
7 0

Output 7: 01000010
0 0
1 1
2 0
3 0
4 0
5 0
6 1
7 0

Output 8: 11000100
0 1
1 1
2 0
3 0
4 0
5 1
6 0
7 0

Output 9: 00000000
0 0
1 0
2 0
3 0
4 0
5 0
6 0
7 0

Output bit columns (with bitsum as hash)
0 000011010 3
1 010110110 5
2 000000000 a
3 101100000 3
4 011110000 4
5 000101010 3
6 000100100 2
7 100010000 2

Input 1: 11001100
0 1
1 1
2 0
3 0
4 1
5 1
6 0
7 0

Input 2: 01101001
0 0
1 1
2 1
3 0
4 1
5 0
6 0
7 1

Input 3: 11101000
0 1
1 1
2 1
3 0
4 1
5 0
6 0
7 0

Input 4: 11111001
0 1
1 1
2 1
3 1
4 1
5 0
6 0
7 1

Input 5: 01101111
0 0
1 1
2 1
3 0
4 1
5 1
6 1
7 1

Input 6: 00110110
0 0
1 0
2 1
3 1
4 0
5 1
6 1
7 0

Input 7: 01011001
0 0
1 1
2 0
3 1
4 1
5 0
6 0
7 1

Input 8: 10110111
0 1
1 0
2 1
3 1
4 0
5 1
6 1
7 1

Input 9: 01010000
0 0
1 1
2 0
3 1
4 0
5 0
6 0
7 0

Identity
0 101100010 4
1 111110101 7
2 011111010 6
3 000101111 5
4 111110100 6
5 100011010 4
6 000011010 3 match 0
7 010110110 5 match 1

Matching output with Identity
0 6
1 7
2 absent
3 absent
4 absent
5 absent
6 absent
7 absent

Left
6 7 0x
Best: I6 I7: 2

Right
none
Best: none

NOT
0 010011101 5
1 000001010 2
2 100000101 3
3 111010000 4
4 000001011 3
5 011100101 5
6 111100101 6
7 101001001 4

Matching output with NOT
0 absent
1 absent
2 absent
3 absent
4 absent
5 absent
6 absent
7 absent

Left
none
Best: none

Right
none
Best: none

Constant
0 000000000 a match 2
1 111111111 a

Matching output with Constant
0 absent
1 absent
2 C0
3 absent
4 absent
5 absent
6 absent
7 absent

Left
none
Best: none

Right
none
Best: none

AND
01 10 101100000 3 match 3
12 21 011110000 4 match 4
23 32 000101010 3 match 5
34 43 000100100 2 match 6
45 54 100010000 2 match 7
56 65 000011010 3 match 0
67 76 000010010 2
70 07 000100010 2

02 20 001100010 3
13 31 000100101 3
24 42 011110000 4 match 4
35 53 000001010 2
46 64 000010000 1
57 75 000010010 2
60 06 000000010 1
71 17 010110100 4

03 30 000100010 2
14 41 111110100 6
25 52 000011010 3 match 0
36 63 000001010 2
47 74 010110100 4
50 05 100000010 2
61 16 000010000 1
72 27 010110010 4

04 40 101100000 3 match 3
15 51 100010000 2 match 7
26 62 000011010 3 match 0
37 73 000100110 3

Matching output with AND
0 56 65 25 52 26 62
1 absent
2 absent
3 01 10 04 40
4 12 21 24 42
5 23 32
6 34 43
7 45 54 15 51

Left
56 67x
65 76x
25 36x
52 63x
26 37x
62 73x
Best: AND56: 1

Right
45 34 23 12 01 70x
54 43 32 21 10 07x
15 04x
51 40x
Best: AND45 AND34 AND23 AND12 AND01: 5

OR
01 10 111110111 8
12 21 111111111 a
23 32 011111111 8
34 43 111111111 a
45 54 111111110 8
56 65 100011010 4
67 76 010111110 6
70 07 111110110 7

02 20 111111010 7
13 31 111111111 a
24 42 111111110 8
35 53 100111111 7
46 64 111111110 8
57 75 110111110 7
60 06 101111010 6
71 17 111110111 8

03 30 101101111 7
14 41 111110101 7
25 52 111111010 7
36 63 000111111 6
47 74 111110110 7
50 05 101111010 6
61 16 111111111 a
72 27 011111110 7

04 40 111110110 7
15 51 111111111 a
26 62 011111010 6
37 73 010111111 7

Matching output with OR
0 absent
1 absent
2 absent
3 absent
4 absent
5 absent
6 absent
7 absent

Left
none
Best: none

Right
none
Best: none

XOR
01 10 010010111 5
12 21 100001111 5
23 32 011010101 5
34 43 111011011 7
45 54 011101110 6
56 65 100000000 1
67 76 010101100 4
70 07 111010100 5

02 20 110011000 4
13 31 111011010 6
24 42 100001110 4
35 53 100110101 5
46 64 111101110 7
57 75 110101100 5
60 06 101111000 5
71 17 101000011 4

03 30 101001101 5
14 41 000000001 1
25 52 111100000 4
36 63 000110101 4
47 74 101000010 3
50 05 001111000 4
61 16 111101111 8
72 27 001001100 3

04 40 010010110 4
15 51 011101111 7
26 62 011100000 3
37 73 010011001 4

Matching output with XOR
0 absent
1 absent
2 absent
3 absent
4 absent
5 absent
6 absent
7 absent

Left
none
Best: none

Right
none
Best: none

AND-NOT
01 000000010 1
12 100000101 3
23 011010000 3
34 000001011 3
45 011100100 4
56 100000000 1
67 000001000 1
70 010010100 3

02 100000000 1
13 111010000 4
24 000001010 2
35 000100101 3
46 111100100 5
57 100001000 2
60 000011000 2
71 000000010 1

03 101000000 2
14 000000001 1
25 011100000 3
36 000100101 3
47 101000000 2
50 000011000 2
61 000001010 2
72 000000100 1

04 000000010 1
15 011100101 5
26 011100000 3
37 000001001 2
40 010010100 3
51 000001010 2
62 000000000 a match 2
73 010010000 2

05 001100000 2
16 111100101 6
27 001001000 2
30 000001101 3
41 000000000 a match 2
52 100000000 1
63 000010000 1
74 000000010 1

06 101100000 3 match 3
17 101000001 3
20 010011000 3
31 000001010 2
42 100000100 2
53 100010000 2 match 7
64 000001010 2
75 010100100 3

07 101000000 2
10 010010101 4
21 000001010 2
32 000000101 2
43 111010000 4
54 000001010 2
65 000000000 a match 2
76 010100100 3

Matching output with AND-NOT
0 absent
1 absent
2 62 41 65
3 06
4 absent
5 absent
6 absent
7 53

Left
none
Best: none

Right
53 42x
Best: AND-NOT53: 1

OR-NOT
01 101101010 5
12 111110101 7
23 111111010 7
34 000101111 5
45 111110101 7
56 111111111 a
67 101011011 6
70 010111111 7

02 101100111 6
13 111110101 7
24 011111011 7
35 011101111 7
46 111110101 7
57 101011011 6
60 010011111 6
71 010111110 6

03 111110010 6
14 111111111 a
25 011111111 8
36 111101111 8
47 111111101 8
50 110011111 7
61 000011010 3 match 0
72 110110111 7

04 101101011 6
15 111110101 7
26 111111111 a
37 101101111 7
40 111111101 8
51 100011010 4
62 100011111 6
73 111110110 7

05 111100111 7
16 111110101 7
27 111111011 8
30 010111111 7
41 111111110 8
52 100011111 6
63 111011010 6
74 010111111 7

06 111100111 7
17 111111101 8
20 011111111 8
31 000101111 5
42 111110101 7
53 111011010 6
64 000011011 4
75 011110111 7

07 101101011 6
10 111111101 8
21 011111010 6
32 100101111 6
43 111110100 6
54 100011011 5
65 011111111 8
76 111110111 8

Matching output with OR-NOT
0 61
1 absent
2 absent
3 absent
4 absent
5 absent
6 absent
7 absent

Left
61 72x
Best: OR-NOT61: 1

Right
none
Best: none

XOR-NOT
01 101101000 4
12 011110000 4 match 4
23 100101010 4
34 000100100 2 match 6
45 100010001 3
56 011111111 8
67 101010011 5
70 000101011 4

02 001100111 5
13 000100101 3
24 011110001 5
35 011001010 4
46 000010001 2
57 001010011 4
60 010000111 4
71 010111100 5

03 010110010 4
14 111111110 8
25 000011111 5
36 111001010 5
47 010111101 6
50 110000111 5
61 000010000 1
72 110110011 6

04 101101001 5
15 100010000 2 match 7
26 100011111 6
37 101100110 5
40 101101001 5
51 100010000 2 match 7
62 100011111 6
73 101100110 5

05 110000111 5
16 000010000 1
27 110110011 6
30 010110010 4
41 111111110 8
52 000011111 5
63 111001010 5
74 010111101 6

06 010000111 4
17 010111100 5
20 001100111 5
31 000100101 3
42 011110001 5
53 011001010 4
64 000010001 2
75 001010011 4

07 000101011 4
10 101101000 4
21 011110000 4 match 4
32 100101010 4
43 000100100 2 match 6
54 100010001 3
65 011111111 8
76 101010011 5

Matching output with XOR-NOT
0 absent
1 absent
2 absent
3 absent
4 12 21
5 absent
6 34 43
7 15 51

Left
none
Best: none

Right
15 04x
51 40x
Best: XOR-NOT15: 1

Selecting

Lefts
Identity I6 I7: 2
NOT none
Constant none
AND AND56: 1
OR none
XOR none
AND-NOT none
OR-NOT OR-NOT61: 1
XOR-NOT none

Rights
Identity none
NOT none
Constant none
AND AND45 AND34 AND23 AND12 AND01: 5
OR none
XOR none
AND-NOT AND-NOT53: 1
OR-NOT none
XOR-NOT XOR-NOT15: 1

Left longest: 2
Right longest: 5

Right winner: Identity no, NOT no, Constant no, AND yes, OR no, XOR no, AND-NOT no, OR-NOT no, XOR-NOT no
Left winner: Identity yes, NOT no, Constant no, AND no, OR no, XOR no, AND-NOT no, OR-NOT no, XOR-NOT no

Best right: AND45 AND34 AND23 AND12 AND01: 5
Best left: I6 I7: 2

Truncated right: AND45 AND34 AND23 AND12 AND01: 5
Truncated left: I6 I7: 2

Tentative from right
7 AND45
6 AND34
5 AND23
4 AND12
3 AND01
2 pending
1 pending
0 pending

Tentative
0 I6
1 I7
2 pending
3 AND01
4 AND12
5 AND23
6 AND34
7 AND45

Preferred from right
7 AND45
6 AND34
5 AND23
4 AND12
3 AND01
2 ?70
1 I7
0 I6

Preferred
0 I6
1 I7
2 ?70
3 AND01
4 AND12
5 AND23
6 AND34
7 AND45

Matching
0 I6
1 I7
2 ?70 - Identity absent, NOT absent, Constant C0, AND absent, OR absent, XOR absent, AND-NOT absent, OR-NOT absent, XOR-NOT absent
3 AND01
4 AND12
5 AND23
6 AND34
7 AND45

Perfect match
Identity no
NOT no
Constant yes
AND no
OR no
XOR no
AND-NOT no
OR-NOT no
XOR-NOT no

Matched
0 I6
1 I7
2 C0
3 AND01
4 AND12
5 AND23
6 AND34
7 AND45

Selected
0 I6
1 I7
2 C0
3 AND01
4 AND12
5 AND23
6 AND34
7 AND45

Applying to 10011111
Input
0 1
1 0
2 0
3 1
4 1
5 1
6 1
7 1
Output
0 I6 = 1
1 I7 = 1
2 C0 = 0
3 AND01 = AND(1,0) = 0
4 AND12 = AND(0,0) = 0
5 AND23 = AND(0,1) = 0
6 AND34 = AND(1,1) = 1
7 AND45 = AND(1,1) = 1

I will now return the answer in \boxed{}
The answer in \boxed is
\boxed{11000011}
</think>
\boxed{11000011}