We need to deduce the transformation by matching the example outputs.

Output 1: 00001110
0 0
1 0
2 0
3 0
4 1
5 1
6 1
7 0

Output 2: 11010010
0 1
1 1
2 0
3 1
4 0
5 0
6 1
7 0

Output 3: 11011101
0 1
1 1
2 0
3 1
4 1
5 1
6 0
7 1

Output 4: 01001100
0 0
1 1
2 0
3 0
4 1
5 1
6 0
7 0

Output 5: 11001111
0 1
1 1
2 0
3 0
4 1
5 1
6 1
7 1

Output 6: 01011010
0 0
1 1
2 0
3 1
4 1
5 0
6 1
7 0

Output 7: 01011110
0 0
1 1
2 0
3 1
4 1
5 1
6 1
7 0

Output 8: 11100110
0 1
1 1
2 1
3 0
4 0
5 1
6 1
7 0

Output 9: 10000101
0 1
1 0
2 0
3 0
4 0
5 1
6 0
7 1

Output 10: 11101100
0 1
1 1
2 1
3 0
4 1
5 1
6 0
7 0

Output bit columns (with bitsum as hash)
0 0110100111 6
1 0111111101 8
2 0000000101 2
3 0110011000 4
4 1011111001 7
5 1011101111 8
6 1100111100 6
7 0010100010 3

Input 1: 00000111
0 0
1 0
2 0
3 0
4 0
5 1
6 1
7 1

Input 2: 01101001
0 0
1 1
2 1
3 0
4 1
5 0
6 0
7 1

Input 3: 11101110
0 1
1 1
2 1
3 0
4 1
5 1
6 1
7 0

Input 4: 00100110
0 0
1 0
2 1
3 0
4 0
5 1
6 1
7 0

Input 5: 11100111
0 1
1 1
2 1
3 0
4 0
5 1
6 1
7 1

Input 6: 00101101
0 0
1 0
2 1
3 0
4 1
5 1
6 0
7 1

Input 7: 00101111
0 0
1 0
2 1
3 0
4 1
5 1
6 1
7 1

Input 8: 01110011
0 0
1 1
2 1
3 1
4 0
5 0
6 1
7 1

Input 9: 11000010
0 1
1 1
2 0
3 0
4 0
5 0
6 1
7 0

Input 10: 01110110
0 0
1 1
2 1
3 1
4 0
5 1
6 1
7 0

Identity
0 0010100010 3 match 7
1 0110100111 6 match 0
2 0111111101 8 match 1
3 0000000101 2 match 2
4 0110011000 4 match 3
5 1011111001 7 match 4
6 1011101111 8 match 5
7 1100111100 6 match 6

Matching output with Identity
0 1
1 2
2 3
3 4
4 5
5 6
6 7
7 0

Left
1 2 3 4 5 6 7 0
Best: I1 I2 I3 I4 I5 I6 I7 I0: 8

Right
0 7 6 5 4 3 2 1
Best: I0 I7 I6 I5 I4 I3 I2 I1: 8

NOT
0 1101011101 7
1 1001011000 4
2 1000000010 2
3 1111111010 8
4 1001100111 6
5 0100000110 3
6 0100010000 2
7 0011000011 4

Matching output with NOT
0 absent
1 absent
2 absent
3 absent
4 absent
5 absent
6 absent
7 absent

Left
none
Best: none

Right
none
Best: none

Constant
0 0000000000 a
1 1111111111 a

Matching output with Constant
0 absent
1 absent
2 absent
3 absent
4 absent
5 absent
6 absent
7 absent

Left
none
Best: none

Right
none
Best: none

AND
01 10 0010100010 3 match 7
12 21 0110100101 5
23 32 0000000101 2 match 2
34 43 0000000000 a
45 54 0010011000 3
56 65 1011101001 6
67 76 1000101100 4
70 07 0000100000 1

02 20 0010100000 2
13 31 0000000101 2 match 2
24 42 0110011000 4 match 3
35 53 0000000001 1
46 64 0010001000 2
57 75 1000111000 4
60 06 0010100010 3 match 7
71 17 0100100100 3

03 30 0000000000 a
14 41 0110000000 2
25 52 0011111001 6
36 63 0000000101 2 match 2
47 74 0100011000 3
50 05 0010100000 2
61 16 0010100111 5
72 27 0100111100 5

04 40 0010000000 1
15 51 0010100001 3
26 62 0011101101 6
37 73 0000000100 1

Matching output with AND
0 absent
1 absent
2 23 32 13 31 36 63
3 24 42
4 absent
5 absent
6 absent
7 01 10 06 60

Left
none
Best: none

Right
01 70x
10 07x
06 75x
60 57x
Best: AND01: 1

OR
01 10 0110100111 6 match 0
12 21 0111111111 9
23 32 0111111101 8 match 1
34 43 0110011101 6
45 54 1111111001 8
56 65 1011111111 9
67 76 1111111111 a
70 07 1110111110 8

02 20 0111111111 9
13 31 0110100111 6 match 0
24 42 0111111101 8 match 1
35 53 1011111101 8
46 64 1111111111 a
57 75 1111111101 9
60 06 1011101111 8 match 5
71 17 1110111111 9

03 30 0010100111 5
14 41 0110111111 8
25 52 1111111101 9
36 63 1011101111 8 match 5
47 74 1110111100 7
50 05 1011111011 8
61 16 1111101111 9
72 27 1111111101 9

04 40 0110111010 6
15 51 1111111111 a
26 62 1111111111 a
37 73 1100111101 7

Matching output with OR
0 01 10 13 31
1 23 32 24 42
2 absent
3 absent
4 absent
5 06 60 36 63
6 absent
7 absent

Left
01 12x
10 21x
13 24 35x
31 42 53x
Best: OR13 OR24: 2

Right
none
Best: none

XOR
01 10 0100000101 3
12 21 0001011010 4
23 32 0111111000 6
34 43 0110011101 6
45 54 1101100001 5
56 65 0000010110 3
67 76 0111010011 6
70 07 1110011110 7

02 20 0101011111 7
13 31 0110100010 4
24 42 0001100101 4
35 53 1011111100 7
46 64 1101110111 8
57 75 0111000101 5
60 06 1001001101 5
71 17 1010011011 6

03 30 0010100111 5
14 41 0000111111 6
25 52 1100000100 3
36 63 1011101010 6
47 74 1010100100 4
50 05 1001011011 6
61 16 1101001000 4
72 27 1011000001 4

04 40 0100111010 5
15 51 1101011110 7
26 62 1100010010 4
37 73 1100111001 6

Matching output with XOR
0 absent
1 absent
2 absent
3 absent
4 absent
5 absent
6 absent
7 absent

Left
none
Best: none

Right
none
Best: none

AND-NOT
01 0000000000 a
12 0000000010 1
23 0111111000 6
34 0000000101 2 match 2
45 0100000000 1
56 0000010000 1
67 0011000011 4
70 1100011100 5

02 0000000010 1
13 0110100010 4
24 0001100101 4
35 0000000100 1
46 0100010000 2
57 0011000001 3
60 1001001101 5
71 1000011000 3

03 0010100010 3 match 7
14 0000100111 4
25 0100000100 2
36 0000000000 a
47 0010000000 1
50 1001011001 5
61 1001001000 3
72 1000000000 1

04 0000100010 2
15 0100000110 3
26 0100010000 2
37 0000000001 1
40 0100011000 3
51 1001011000 4
62 1000000010 2
73 1100111000 5

05 0000000010 1
16 0100000000 1
27 0011000001 3
30 0000000101 2 match 2
41 0000011000 2
52 1000000000 1
63 1011101010 6
74 1000100100 3

06 0000000000 a
17 0010000011 3
20 0101011101 6
31 0000000000 a
42 0000000000 a
53 1011111000 6
64 1001100111 6
75 0100000100 2

07 0010000010 2
10 0100000101 3
21 0001011000 3
32 0000000000 a
43 0110011000 4 match 3
54 1001100001 4
65 0000000110 2
76 0100010000 2

Matching output with AND-NOT
0 absent
1 absent
2 34 30
3 43
4 absent
5 absent
6 absent
7 03

Left
none
Best: none

Right
03 72x
Best: AND-NOT03: 1

OR-NOT
01 1011111010 7
12 1110100111 7
23 1111111111 a
34 1001100111 6
45 0110011110 6
56 1111111001 8
67 1011101111 8 match 5
70 1101111101 8

02 1010100010 4
13 1111111111 a
24 1111111111 a
35 0100000111 4
46 0110011000 4 match 3
57 1011111011 8
60 1111111111 a
71 1101111100 7

03 1111111010 8
14 1111100111 8
25 0111111111 9
36 0100010101 4
47 0111011011 7
50 1111111101 9
61 1011111111 9
72 1100111110 7

04 1011100111 7
15 0110100111 6 match 0
26 0111111101 8 match 1
37 0011000111 5
40 1111011101 8
51 1011111001 7 match 4
62 1011101111 8 match 5
73 1111111110 9

05 0110100110 5
16 0110110111 7
27 0111111111 9
30 1101011101 7
41 1111011000 6
52 1011111011 8
63 1111111111 a
74 1101111111 9

06 0110110010 5
17 0111100111 7
20 1111111101 9
31 1001011101 6
42 1110011010 6
53 1111111011 9
64 1011101111 8 match 5
75 1100111110 7

07 0011100011 5
10 1111111111 a
21 1111111101 9
32 1000000111 4
43 1111111010 8
54 1011111111 9
65 1111101111 9
76 1100111100 6 match 6

Matching output with OR-NOT
0 15
1 26
2 absent
3 46
4 51
5 67 62 64
6 76
7 absent

Left
15 26 37x
Best: OR-NOT15 OR-NOT26: 2

Right
none
Best: none

XOR-NOT
01 1011111010 7
12 1110100101 6
23 1000000111 4
34 1001100010 4
45 0010011110 5
56 1111101001 7
67 1000101100 4
70 0001100001 3

02 1010100000 3
13 1001011101 6
24 1110011010 6
35 0100000011 3
46 0010001000 2
57 1000111010 5
60 0110110010 5
71 0101100100 4

03 1101011000 5
14 1111000000 4
25 0011111011 7
36 0100010101 4
47 0101011011 6
50 0110100100 4
61 0010110111 6
72 0100111110 6

04 1011000101 5
15 0010100001 3
26 0011101101 6
37 0011000110 4
40 1011000101 5
51 0010100001 3
62 0011101101 6
73 0011000110 4

05 0110100100 4
16 0010110111 6
27 0100111110 6
30 1101011000 5
41 1111000000 4
52 0011111011 7
63 0100010101 4
74 0101011011 6

06 0110110010 5
17 0101100100 4
20 1010100000 3
31 1001011101 6
42 1110011010 6
53 0100000011 3
64 0010001000 2
75 1000111010 5

07 0001100001 3
10 1011111010 7
21 1110100101 6
32 1000000111 4
43 1001100010 4
54 0010011110 5
65 1111101001 7
76 1000101100 4

Matching output with XOR-NOT
0 absent
1 absent
2 absent
3 absent
4 absent
5 absent
6 absent
7 absent

Left
none
Best: none

Right
none
Best: none

Selecting

Lefts
Identity I1 I2 I3 I4 I5 I6 I7 I0: 8
NOT none
Constant none
AND none
OR OR13 OR24: 2
XOR none
AND-NOT none
OR-NOT OR-NOT15 OR-NOT26: 2
XOR-NOT none

Rights
Identity I0 I7 I6 I5 I4 I3 I2 I1: 8
NOT none
Constant none
AND AND01: 1
OR none
XOR none
AND-NOT AND-NOT03: 1
OR-NOT none
XOR-NOT none

Left longest: 8
Right longest: 8

Left winner: Identity yes, NOT no, Constant no, AND no, OR no, XOR no, AND-NOT no, OR-NOT no, XOR-NOT no
Right winner: Identity yes, NOT no, Constant no, AND no, OR no, XOR no, AND-NOT no, OR-NOT no, XOR-NOT no

Best left: I1 I2 I3 I4 I5 I6 I7 I0: 8
Best right: I0 I7 I6 I5 I4 I3 I2 I1: 8

Truncated left: I1 I2 I3 I4 I5 I6 I7 I0: 8
Truncated right: none

Tentative from right
7 pending
6 pending
5 pending
4 pending
3 pending
2 pending
1 pending
0 pending

Tentative
0 I1
1 I2
2 I3
3 I4
4 I5
5 I6
6 I7
7 I0

Preferred from left
0 I1
1 I2
2 I3
3 I4
4 I5
5 I6
6 I7
7 I0

Preferred
0 I1
1 I2
2 I3
3 I4
4 I5
5 I6
6 I7
7 I0

Matching
0 I1
1 I2
2 I3
3 I4
4 I5
5 I6
6 I7
7 I0

Perfect match
Identity no
NOT no
Constant no
AND no
OR no
XOR no
AND-NOT no
OR-NOT no
XOR-NOT no

Matched
0 I1
1 I2
2 I3
3 I4
4 I5
5 I6
6 I7
7 I0

Selected
0 I1
1 I2
2 I3
3 I4
4 I5
5 I6
6 I7
7 I0

Applying to 11111010
Input
0 1
1 1
2 1
3 1
4 1
5 0
6 1
7 0
Output
0 I1 = 1
1 I2 = 1
2 I3 = 1
3 I4 = 1
4 I5 = 0
5 I6 = 1
6 I7 = 0
7 I0 = 1

I will now return the answer in \boxed{}
The answer in \boxed is
\boxed{11110101}
</think>
\boxed{11110101}