We need to deduce the transformation by matching the example outputs.

Output 1: 01011110
0 0
1 1
2 0
3 1
4 1
5 1
6 1
7 0

Output 2: 10101001
0 1
1 0
2 1
3 0
4 1
5 0
6 0
7 1

Output 3: 00111010
0 0
1 0
2 1
3 1
4 1
5 0
6 1
7 0

Output 4: 01010110
0 0
1 1
2 0
3 1
4 0
5 1
6 1
7 0

Output 5: 00100110
0 0
1 0
2 1
3 0
4 0
5 1
6 1
7 0

Output 6: 11111011
0 1
1 1
2 1
3 1
4 1
5 0
6 1
7 1

Output 7: 00001010
0 0
1 0
2 0
3 0
4 1
5 0
6 1
7 0

Output 8: 10110001
0 1
1 0
2 1
3 1
4 0
5 0
6 0
7 1

Output bit columns (with bitsum as hash)
0 01000101 3
1 10010100 3
2 01101101 5
3 10110101 5
4 11100110 5
5 10011000 3
6 10111110 6
7 01000101 3

Input 1: 00101111
0 0
1 0
2 1
3 0
4 1
5 1
6 1
7 1

Input 2: 01010100
0 0
1 1
2 0
3 1
4 0
5 1
6 0
7 0

Input 3: 00011101
0 0
1 0
2 0
3 1
4 1
5 1
6 0
7 1

Input 4: 00101011
0 0
1 0
2 1
3 0
4 1
5 0
6 1
7 1

Input 5: 10010010
0 1
1 0
2 0
3 1
4 0
5 0
6 1
7 0

Input 6: 11111100
0 1
1 1
2 1
3 1
4 1
5 1
6 0
7 0

Input 7: 00000101
0 0
1 0
2 0
3 0
4 0
5 1
6 0
7 1

Input 8: 11011001
0 1
1 1
2 0
3 1
4 1
5 0
6 0
7 1

Identity
0 00001101 3
1 01000101 3 match 0 7
2 10010100 3 match 1
3 01101101 5 match 2
4 10110101 5 match 3
5 11100110 5 match 4
6 10011000 3 match 5
7 10110011 5

Matching output with Identity
0 1
1 2
2 3
3 4
4 5
5 6
6 absent
7 1

Left
1 2 3 4 5 6 7x
Best: I1 I2 I3 I4 I5 I6: 6

Right
1 0x
Best: I1: 1

NOT
0 11110010 5
1 10111010 5
2 01101011 5
3 10010010 3
4 01001010 3
5 00011001 3
6 01100111 5
7 01001100 3

Matching output with NOT
0 absent
1 absent
2 absent
3 absent
4 absent
5 absent
6 absent
7 absent

Left
none
Best: none

Right
none
Best: none

Constant
0 00000000 a
1 11111111 a

Matching output with Constant
0 absent
1 absent
2 absent
3 absent
4 absent
5 absent
6 absent
7 absent

Left
none
Best: none

Right
none
Best: none

AND
01 10 00000101 2
12 21 00000100 1
23 32 00000100 1
34 43 00100101 3
45 54 10100100 3
56 65 10000000 1
67 76 10010000 2
70 07 00000001 1

02 20 00000100 1
13 31 01000101 3 match 0 7
24 42 10010100 3 match 1
35 53 01100100 3
46 64 10010000 2
57 75 10100010 3
60 06 00001000 1
71 17 00000001 1

03 30 00001101 3
14 41 00000101 2
25 52 10000100 2
36 63 00001000 1
47 74 10110001 4
50 05 00000100 1
61 16 00000000 a
72 27 10010000 2

04 40 00000101 2
15 51 01000100 2
26 62 10010000 2
37 73 00100001 2

Matching output with AND
0 13 31
1 24 42
2 absent
3 absent
4 absent
5 absent
6 absent
7 13 31

Left
13 24 35x
31 42 53x
Best: AND13 AND24: 2

Right
13 02x
31 20x
Best: AND13: 1

OR
01 10 01001101 4
12 21 11010101 5
23 32 11111101 7
34 43 11111101 7
45 54 11110111 7
56 65 11111110 7
67 76 10111011 6
70 07 10111111 7

02 20 10011101 5
13 31 01101101 5 match 2
24 42 10110101 5 match 3
35 53 11101111 7
46 64 10111101 6
57 75 11110111 7
60 06 10011101 5
71 17 11110111 7

03 30 01101101 5 match 2
14 41 11110101 6
25 52 11110110 6
36 63 11111101 7
47 74 10110111 6
50 05 11101111 7
61 16 11011101 6
72 27 10110111 6

04 40 10111101 6
15 51 11100111 6
26 62 10011100 4
37 73 11111111 a

Matching output with OR
0 absent
1 absent
2 13 31 03 30
3 24 42
4 absent
5 absent
6 absent
7 absent

Left
none
Best: none

Right
none
Best: none

XOR
01 10 01001000 2
12 21 11010001 4
23 32 11111001 6
34 43 11011000 4
45 54 01010011 4
56 65 01111110 6
67 76 00101011 4
70 07 10111110 6 match 6

02 20 10011001 4
13 31 00101000 2
24 42 00100001 2
35 53 10001011 4
46 64 00101101 4
57 75 01010101 4
60 06 10010101 4
71 17 11110110 6

03 30 01100000 2
14 41 11110000 4
25 52 01110010 4
36 63 11110101 6
47 74 00000110 2
50 05 11101011 6
61 16 11011101 6
72 27 00100111 4

04 40 10111000 4
15 51 10100011 4
26 62 00001100 2
37 73 11011110 6

Matching output with XOR
0 absent
1 absent
2 absent
3 absent
4 absent
5 absent
6 07 70
7 absent

Left
none
Best: none

Right
none
Best: none

AND-NOT
01 00001000 1
12 01000001 2
23 10010000 2
34 01001000 2
45 00010001 2
56 01100110 4
67 00001000 1
70 10110010 4

02 00001001 2
13 00000000 a
24 00000000 a
35 00001001 2
46 00100101 3
57 01000100 2
60 10010000 2
71 10110010 4

03 00000000 a
14 01000000 1
25 00010000 1
36 01100101 4
47 00000100 1
50 11100010 4
61 10011000 3 match 5
72 00100011 3

04 00001000 1
15 00000001 1
26 00000100 1
37 01001100 3
40 10110000 3
51 10100010 3
62 00001000 1
73 10010010 3

05 00001001 2
16 01000101 3 match 0 7
27 00000100 1
30 01100000 2
41 10110000 3
52 01100010 3
63 10010000 2
74 00000010 1

06 00000101 2
17 01000100 2
20 10010000 2
31 00101000 2
42 00100001 2
53 10000010 2
64 00001000 1
75 00010001 2

07 00001100 2
10 01000000 1
21 10010000 2
32 01101001 4
43 10010000 2
54 01000010 2
65 00011000 2
76 00100011 3

Matching output with AND-NOT
0 16
1 absent
2 absent
3 absent
4 absent
5 61
6 absent
7 16

Left
16 27x
Best: AND-NOT16: 1

Right
16 05x
Best: AND-NOT16: 1

OR-NOT
01 10111111 7
12 01101111 6
23 10010110 4
34 01101111 6
45 10111101 6
56 11100111 6
67 11011100 5
70 11110011 6

02 01101111 6
13 11010111 6
24 11011110 6
35 01111101 6
46 11110111 7
57 11101110 6
60 11111010 6
71 10111011 6

03 10011111 6
14 01001111 5
25 10011101 5
36 01101111 6
47 11111101 7
50 11110110 6
61 10111010 5
72 11111011 7

04 01001111 5
15 01011101 5
26 11110111 7
37 01101101 5 match 2
40 11110111 7
51 11111110 7
62 11111011 7
73 10110011 5

05 00011101 4
16 01100111 5
27 11011100 5
30 11111111 a
41 10111111 7
52 11101111 7
63 10011010 4
74 11111011 7

06 01101111 6
17 01001101 4
20 11110110 6
31 11111111 a
42 11111111 a
53 11110110 6
64 11011010 5
75 10111011 6

07 01001101 4
10 11110111 7
21 10111110 6 match 6
32 01101111 6
43 10110111 6
54 11101110 6
65 10011001 4
76 11110111 7

Matching output with OR-NOT
0 absent
1 absent
2 37
3 absent
4 absent
5 absent
6 21
7 absent

Left
none
Best: none

Right
none
Best: none

XOR-NOT
01 10110111 6
12 00101110 4
23 00000110 2
34 00100111 4
45 10101100 4
56 10000001 2
67 11010100 4
70 01000001 2

02 01100110 4
13 11010111 6
24 11011110 6
35 01110100 4
46 11010010 4
57 10101010 4
60 01101010 4
71 00001001 2

03 10011111 6
14 00001111 4
25 10001101 4
36 00001010 2
47 11111001 6
50 00010100 2
61 00100010 2
72 11011000 4

04 01000111 4
15 01011100 4
26 11110011 6
37 00100001 2
40 01000111 4
51 01011100 4
62 11110011 6
73 00100001 2

05 00010100 2
16 00100010 2
27 11011000 4
30 10011111 6
41 00001111 4
52 10001101 4
63 00001010 2
74 11111001 6

06 01101010 4
17 00001001 2
20 01100110 4
31 11010111 6
42 11011110 6
53 01110100 4
64 11010010 4
75 10101010 4

07 01000001 2
10 10110111 6
21 00101110 4
32 00000110 2
43 00100111 4
54 10101100 4
65 10000001 2
76 11010100 4

Matching output with XOR-NOT
0 absent
1 absent
2 absent
3 absent
4 absent
5 absent
6 absent
7 absent

Left
none
Best: none

Right
none
Best: none

Selecting

Lefts
Identity I1 I2 I3 I4 I5 I6: 6
NOT none
Constant none
AND AND13 AND24: 2
OR none
XOR none
AND-NOT AND-NOT16: 1
OR-NOT none
XOR-NOT none

Rights
Identity I1: 1
NOT none
Constant none
AND AND13: 1
OR none
XOR none
AND-NOT AND-NOT16: 1
OR-NOT none
XOR-NOT none

Left longest: 6
Right longest: 1

Left winner: Identity yes, NOT no, Constant no, AND no, OR no, XOR no, AND-NOT no, OR-NOT no, XOR-NOT no
Right winner: Identity yes, NOT no, Constant no, AND no, OR no, XOR no, AND-NOT no, OR-NOT no, XOR-NOT no

Best left: I1 I2 I3 I4 I5 I6: 6
Best right: I1: 1

Truncated left: I1 I2 I3 I4 I5 I6: 6
Truncated right: I1: 1

Tentative from right
7 I1
6 pending
5 pending
4 pending
3 pending
2 pending
1 pending
0 pending

Tentative
0 I1
1 I2
2 I3
3 I4
4 I5
5 I6
6 pending
7 I1

Preferred from left
0 I1
1 I2
2 I3
3 I4
4 I5
5 I6
6 ?7?
7 I1

Preferred
0 I1
1 I2
2 I3
3 I4
4 I5
5 I6
6 ?70
7 I1

Matching
0 I1
1 I2
2 I3
3 I4
4 I5
5 I6
6 ?70 - Identity absent, NOT absent, Constant absent, AND absent, OR absent, XOR70, AND-NOT absent, OR-NOT absent, XOR-NOT absent
7 I1

Perfect match
Identity no
NOT no
Constant no
AND no
OR no
XOR yes
AND-NOT no
OR-NOT no
XOR-NOT no

Matched
0 I1
1 I2
2 I3
3 I4
4 I5
5 I6
6 XOR70
7 I1

Selected
0 I1
1 I2
2 I3
3 I4
4 I5
5 I6
6 XOR70
7 I1

Applying to 01000101
Input
0 0
1 1
2 0
3 0
4 0
5 1
6 0
7 1
Output
0 I1 = 1
1 I2 = 0
2 I3 = 0
3 I4 = 0
4 I5 = 1
5 I6 = 0
6 XOR70 = XOR(1,0) = 1
7 I1 = 1

I will now return the answer in \boxed{}
The answer in \boxed is
\boxed{10001011}
</think>
\boxed{10001011}