We need to deduce the transformation by matching the example outputs.

Output 1: 10000101
0 1
1 0
2 0
3 0
4 0
5 1
6 0
7 1

Output 2: 10000100
0 1
1 0
2 0
3 0
4 0
5 1
6 0
7 0

Output 3: 00010110
0 0
1 0
2 0
3 1
4 0
5 1
6 1
7 0

Output 4: 00111011
0 0
1 0
2 1
3 1
4 1
5 0
6 1
7 1

Output 5: 00111010
0 0
1 0
2 1
3 1
4 1
5 0
6 1
7 0

Output 6: 10111111
0 1
1 0
2 1
3 1
4 1
5 1
6 1
7 1

Output 7: 00110010
0 0
1 0
2 1
3 1
4 0
5 0
6 1
7 0

Output 8: 00101001
0 0
1 0
2 1
3 0
4 1
5 0
6 0
7 1

Output 9: 01001000
0 0
1 1
2 0
3 0
4 1
5 0
6 0
7 0

Output 10: 01010110
0 0
1 1
2 0
3 1
4 0
5 1
6 1
7 0

Output bit columns (with bitsum as hash)
0 1100010000 3
1 0000000011 2
2 0001111100 5
3 0011111001 6
4 0001110110 5
5 1110010001 5
6 0011111001 6
7 1001010100 4

Input 1: 00101100
0 0
1 0
2 1
3 0
4 1
5 1
6 0
7 0

Input 2: 00100100
0 0
1 0
2 1
3 0
4 0
5 1
6 0
7 0

Input 3: 10110000
0 1
1 0
2 1
3 1
4 0
5 0
6 0
7 0

Input 4: 11011111
0 1
1 1
2 0
3 1
4 1
5 1
6 1
7 1

Input 5: 11010111
0 1
1 1
2 0
3 1
4 0
5 1
6 1
7 1

Input 6: 11111101
0 1
1 1
2 1
3 1
4 1
5 1
6 0
7 1

Input 7: 10010011
0 1
1 0
2 0
3 1
4 0
5 0
6 1
7 1

Input 8: 01001001
0 0
1 1
2 0
3 0
4 1
5 0
6 0
7 1

Input 9: 01000110
0 0
1 1
2 0
3 0
4 0
5 1
6 1
7 0

Input 10: 10110010
0 1
1 0
2 1
3 1
4 0
5 0
6 1
7 0

Identity
0 0011111001 6 match 3 6
1 0001110110 5 match 4
2 1110010001 5 match 5
3 0011111001 6 match 3 6
4 1001010100 4 match 7
5 1101110010 6
6 0001101011 5
7 0001111100 5 match 2

Matching output with Identity
0 absent
1 absent
2 7
3 0 3
4 1
5 2
6 0 3
7 4

Left
none
Best: none

Right
4 3 2 1 0 7 6x
Best: I4 I3 I2 I1 I0 I7: 6

NOT
0 1100000110 4
1 1110001001 5
2 0001101110 5
3 1100000110 4
4 0110101011 6
5 0010001101 4
6 1110010100 5
7 1110000011 5

Matching output with NOT
0 absent
1 absent
2 absent
3 absent
4 absent
5 absent
6 absent
7 absent

Left
none
Best: none

Right
none
Best: none

Constant
0 0000000000 a
1 1111111111 a

Matching output with Constant
0 absent
1 absent
2 absent
3 absent
4 absent
5 absent
6 absent
7 absent

Left
none
Best: none

Right
none
Best: none

AND
01 10 0001110000 3
12 21 0000010000 1
23 32 0010010001 3
34 43 0001010000 2
45 54 1001010000 3
56 65 0001100010 3
67 76 0001101000 3
70 07 0001111000 4

02 20 0010010001 3
13 31 0001110000 3
24 42 1000010000 2
35 53 0001110000 3
46 64 0001000000 1
57 75 0001110000 3
60 06 0001101001 4
71 17 0001110100 4

03 30 0011111001 6 match 3 6
14 41 0001010100 3
25 52 1100010000 3 match 0
36 63 0001101001 4
47 74 0001010100 3
50 05 0001110000 3
61 16 0001100010 3
72 27 0000010000 1

04 40 0001010000 2
15 51 0001110010 4
26 62 0000000001 1
37 73 0001111000 4

Matching output with AND
0 25 52
1 absent
2 absent
3 03 30
4 absent
5 absent
6 03 30
7 absent

Left
25 36x
52 63x
Best: AND25: 1

Right
none
Best: none

OR
01 10 0011111111 8
12 21 1111110111 9
23 32 1111111001 8
34 43 1011111101 8
45 54 1101110110 7
56 65 1101111011 8
67 76 0001111111 7
70 07 0011111101 7

02 20 1111111001 8
13 31 0011111111 8
24 42 1111010101 7
35 53 1111111011 9
46 64 1001111111 8
57 75 1101111110 8
60 06 0011111011 7
71 17 0001111110 6

03 30 0011111001 6 match 3 6
14 41 1001110110 6
25 52 1111110011 8
36 63 0011111011 7
47 74 1001111100 6
50 05 1111111011 9
61 16 0001111111 7
72 27 1111111101 9

04 40 1011111101 8
15 51 1101110110 7
26 62 1111111011 9
37 73 0011111101 7

Matching output with OR
0 absent
1 absent
2 absent
3 03 30
4 absent
5 absent
6 03 30
7 absent

Left
none
Best: none

Right
none
Best: none

XOR
01 10 0010001111 5
12 21 1111100111 8
23 32 1101101000 5
34 43 1010101101 6
45 54 0100100110 4
56 65 1100011001 5
67 76 0000010111 4
70 07 0010000101 3

02 20 1101101000 5
13 31 0010001111 5
24 42 0111000101 5
35 53 1110001011 6
46 64 1000111111 7
57 75 1100001110 5
60 06 0010010010 3
71 17 0000001010 2

03 30 0000000000 a
14 41 1000100010 3
25 52 0011100011 5
36 63 0010010010 3
47 74 1000101000 3
50 05 1110001011 6
61 16 0000011101 4
72 27 1111101101 8

04 40 1010101101 6
15 51 1100000100 3
26 62 1111111010 8
37 73 0010000101 3

Matching output with XOR
0 absent
1 absent
2 absent
3 absent
4 absent
5 absent
6 absent
7 absent

Left
none
Best: none

Right
none
Best: none

AND-NOT
01 0010001001 3
12 0001100110 4
23 1100000000 2
34 0010101001 4
45 0000000100 1
56 1100010000 3 match 0
67 0000000011 2 match 1
70 0000000100 1

02 0001101000 3
13 0000000110 2
24 0110000001 3
35 0010001001 3
46 1000010100 3
57 1100000010 3
60 0000000010 1
71 0000001000 1

03 0000000000 a
14 0000100010 2
25 0010000001 2
36 0010010000 2
47 1000000000 1
50 1100000010 3
61 0000001001 2
72 0001101100 4

04 0010101001 4
15 0000000100 1
26 1110010000 4
37 0010000001 2
40 1000000100 2
51 1100000000 2
62 0001101010 4
73 0000000100 1

05 0010001001 3
16 0000010100 2
27 1110000001 4
30 0000000000 a
41 1000000000 1
52 0001100010 3
63 0000000010 1
74 0000101000 2

06 0010010000 2
17 0000000010 1
20 1100000000 2
31 0010001001 3
42 0001000100 2
53 1100000010 3
64 0000101011 4
75 0000001100 2

07 0010000001 2
10 0000000110 2
21 1110000001 4
32 0001101000 3
43 1000000100 2
54 0100100010 3
65 0000001001 2
76 0000010100 2

Matching output with AND-NOT
0 56
1 67
2 absent
3 absent
4 absent
5 absent
6 absent
7 absent

Left
56 67 70x
Best: AND-NOT56 AND-NOT67: 2

Right
none
Best: none

OR-NOT
01 1111111001 8
12 0001111110 6
23 1110010111 7
34 0111111011 8
45 1011011101 7
56 1111110110 8
67 1111101011 8
70 1101111110 8

02 0011111111 8
13 1101110110 7
24 1110111011 8
35 0011111101 7
46 1111010100 6
57 1111110011 8
60 1101101111 8
71 1111111101 9

03 1111111111 a
14 0111111111 9
25 1110011101 7
36 1111111101 9
47 1111010111 8
50 1101110110 7
61 1111101011 8
72 0001111110 6

04 0111111011 8
15 0011111111 8
26 1110010101 6
37 1111111011 9
40 1101010110 6
51 1111111011 9
62 0001101111 6
73 1101111110 8

05 0011111101 7
16 1111110110 8
27 1110010011 6
30 1111111111 a
41 1111011101 8
52 1101111110 8
63 1101101111 8
74 0111111111 9

06 1111111101 9
17 1111110111 9
20 1110010111 7
31 1111111001 8
42 1001111110 7
53 1101110110 7
64 0111101011 7
75 0011111101 7

07 1111111011 9
10 1101110110 7
21 1110011001 6
32 0011111111 8
43 1101010110 6
54 1111111011 9
65 0011101111 7
76 1111111100 8

Matching output with OR-NOT
0 absent
1 absent
2 absent
3 absent
4 absent
5 absent
6 absent
7 absent

Left
none
Best: none

Right
none
Best: none

XOR-NOT
01 1101110000 5
12 0000011000 2
23 0010010111 5
34 0101010010 4
45 1011011001 6
56 0011100110 5
67 1111101000 6
70 1101111010 7

02 0010010111 5
13 1101110000 5
24 1000111010 5
35 0001110100 4
46 0111000000 3
57 0011110001 5
60 1101101101 7
71 1111110101 8

03 1111111111 a
14 0111011101 7
25 1100011100 5
36 1101101101 7
47 0111010111 7
50 0001110100 4
61 1111100010 6
72 0000010010 2

04 0101010010 4
15 0011111011 7
26 0000000101 2
37 1101111010 7
40 0101010010 4
51 0011111011 7
62 0000000101 2
73 1101111010 7

05 0001110100 4
16 1111100010 6
27 0000010010 2
30 1111111111 a
41 0111011101 7
52 1100011100 5
63 1101101101 7
74 0111010111 7

06 1101101101 7
17 1111110101 8
20 0010010111 5
31 1101110000 5
42 1000111010 5
53 0001110100 4
64 0111000000 3
75 0011110001 5

07 1101111010 7
10 1101110000 5
21 0000011000 2
32 0010010111 5
43 0101010010 4
54 1011011001 6
65 0011100110 5
76 1111101000 6

Matching output with XOR-NOT
0 absent
1 absent
2 absent
3 absent
4 absent
5 absent
6 absent
7 absent

Left
none
Best: none

Right
none
Best: none

Selecting

Lefts
Identity none
NOT none
Constant none
AND AND25: 1
OR none
XOR none
AND-NOT AND-NOT56 AND-NOT67: 2
OR-NOT none
XOR-NOT none

Rights
Identity I4 I3 I2 I1 I0 I7: 6
NOT none
Constant none
AND none
OR none
XOR none
AND-NOT none
OR-NOT none
XOR-NOT none

Left longest: 2
Right longest: 6

Right winner: Identity yes, NOT no, Constant no, AND no, OR no, XOR no, AND-NOT no, OR-NOT no, XOR-NOT no
Left winner: Identity no, NOT no, Constant no, AND no, OR no, XOR no, AND-NOT yes, OR-NOT no, XOR-NOT no

Best right: I4 I3 I2 I1 I0 I7: 6
Best left: AND-NOT56 AND-NOT67: 2

Truncated right: I4 I3 I2 I1 I0 I7: 6
Truncated left: AND-NOT56 AND-NOT67: 2

Tentative from right
7 I4
6 I3
5 I2
4 I1
3 I0
2 I7
1 pending
0 pending

Tentative
0 AND-NOT56
1 AND-NOT67
2 I7
3 I0
4 I1
5 I2
6 I3
7 I4

Preferred from right
7 I4
6 I3
5 I2
4 I1
3 I0
2 I7
1 AND-NOT67
0 AND-NOT56

Preferred
0 AND-NOT56
1 AND-NOT67
2 I7
3 I0
4 I1
5 I2
6 I3
7 I4

Matching
0 AND-NOT56
1 AND-NOT67
2 I7
3 I0
4 I1
5 I2
6 I3
7 I4

Perfect match
Identity no
NOT no
Constant no
AND no
OR no
XOR no
AND-NOT no
OR-NOT no
XOR-NOT no

Matched
0 AND-NOT56
1 AND-NOT67
2 I7
3 I0
4 I1
5 I2
6 I3
7 I4

Selected
0 AND-NOT56
1 AND-NOT67
2 I7
3 I0
4 I1
5 I2
6 I3
7 I4

Applying to 10000111
Input
0 1
1 0
2 0
3 0
4 0
5 1
6 1
7 1
Output
0 AND-NOT56 = AND(1,NOT(1)) = 0
1 AND-NOT67 = AND(1,NOT(1)) = 0
2 I7 = 1
3 I0 = 1
4 I1 = 0
5 I2 = 0
6 I3 = 0
7 I4 = 0

I will now return the answer in \boxed{}
The answer in \boxed is
\boxed{00110000}
</think>
\boxed{00110000}