We need to deduce the transformation by matching the example outputs.

Output 1: 11000010
0 1
1 1
2 0
3 0
4 0
5 0
6 1
7 0

Output 2: 01101010
0 0
1 1
2 1
3 0
4 1
5 0
6 1
7 0

Output 3: 11111110
0 1
1 1
2 1
3 1
4 1
5 1
6 1
7 0

Output 4: 10011111
0 1
1 0
2 0
3 1
4 1
5 1
6 1
7 1

Output 5: 01000101
0 0
1 1
2 0
3 0
4 0
5 1
6 0
7 1

Output 6: 00101001
0 0
1 0
2 1
3 0
4 1
5 0
6 0
7 1

Output 7: 11101111
0 1
1 1
2 1
3 0
4 1
5 1
6 1
7 1

Output bit columns (with bitsum as hash)
0 1011001 4
1 1110101 5
2 0110011 4
3 0011000 2
4 0111011 5
5 0011101 4
6 1111001 5
7 0001111 4

Input 1: 00010110
0 0
1 0
2 0
3 1
4 0
5 1
6 1
7 0

Input 2: 01010111
0 0
1 1
2 0
3 1
4 0
5 1
6 1
7 1

Input 3: 11110011
0 1
1 1
2 1
3 1
4 0
5 0
6 1
7 1

Input 4: 11111100
0 1
1 1
2 1
3 1
4 1
5 1
6 0
7 0

Input 5: 00101010
0 0
1 0
2 1
3 0
4 1
5 0
6 1
7 0

Input 6: 01001101
0 0
1 1
2 0
3 0
4 1
5 1
6 0
7 1

Input 7: 01111011
0 0
1 1
2 1
3 1
4 1
5 0
6 1
7 1

Identity
0 0011000 2 match 3
1 0111011 5 match 4
2 0011101 4 match 5
3 1111001 5 match 6
4 0001111 4 match 7
5 1101010 4
6 1110101 5 match 1
7 0110011 4 match 2

Matching output with Identity
0 absent
1 6
2 7
3 0
4 1
5 2
6 3
7 4

Left
none
Best: none

Right
4 3 2 1 0 7 6 5x
Best: I4 I3 I2 I1 I0 I7 I6: 7

NOT
0 1100111 5
1 1000100 2
2 1100010 3
3 0000110 2
4 1110000 3
5 0010101 3
6 0001010 2
7 1001100 3

Matching output with NOT
0 absent
1 absent
2 absent
3 absent
4 absent
5 absent
6 absent
7 absent

Left
none
Best: none

Right
none
Best: none

Constant
0 0000000 a
1 1111111 a

Matching output with Constant
0 absent
1 absent
2 absent
3 absent
4 absent
5 absent
6 absent
7 absent

Left
none
Best: none

Right
none
Best: none

AND
01 10 0011000 2 match 3
12 21 0011001 3
23 32 0011001 3
34 43 0001001 2
45 54 0001010 2
56 65 1100000 2
67 76 0110001 3
70 07 0010000 1

02 20 0011000 2 match 3
13 31 0111001 4
24 42 0001101 3
35 53 1101000 3
46 64 0000101 2
57 75 0100010 2
60 06 0010000 1
71 17 0110011 4 match 2

03 30 0011000 2 match 3
14 41 0001011 3
25 52 0001000 1
36 63 1110001 4
47 74 0000011 2
50 05 0001000 1
61 16 0110001 3
72 27 0010001 2

04 40 0001000 1
15 51 0101010 3
26 62 0010101 3
37 73 0110001 3

Matching output with AND
0 absent
1 absent
2 17 71
3 01 10 02 20 03 30
4 absent
5 absent
6 absent
7 absent

Left
none
Best: none

Right
none
Best: none

OR
01 10 0111011 5 match 4
12 21 0111111 6
23 32 1111101 6
34 43 1111111 a
45 54 1101111 6
56 65 1111111 a
67 76 1110111 6
70 07 0111011 5 match 4

02 20 0011101 4 match 5
13 31 1111011 6
24 42 0011111 5
35 53 1111011 6
46 64 1111111 a
57 75 1111011 6
60 06 1111101 6
71 17 0111011 5 match 4

03 30 1111001 5 match 6
14 41 0111111 6
25 52 1111111 a
36 63 1111101 6
47 74 0111111 6
50 05 1111010 5
61 16 1111111 a
72 27 0111111 6

04 40 0011111 5
15 51 1111011 6
26 62 1111101 6
37 73 1111011 6

Matching output with OR
0 absent
1 absent
2 absent
3 absent
4 01 10 07 70 17 71
5 02 20
6 03 30
7 absent

Left
none
Best: none

Right
none
Best: none

XOR
01 10 0100011 3
12 21 0100110 3
23 32 1100100 3
34 43 1110110 5
45 54 1100101 4
56 65 0011111 5
67 76 1000110 3
70 07 0101011 4

02 20 0000101 2
13 31 1000010 2
24 42 0010010 2
35 53 0010011 3
46 64 1111010 5
57 75 1011001 4 match 0
60 06 1101101 5
71 17 0001000 1

03 30 1100001 3
14 41 0110100 3
25 52 1110111 6
36 63 0001100 2
47 74 0111100 4
50 05 1110010 4
61 16 1001110 4
72 27 0101110 4

04 40 0010111 4
15 51 1010001 3
26 62 1101000 3
37 73 1001010 3

Matching output with XOR
0 57 75
1 absent
2 absent
3 absent
4 absent
5 absent
6 absent
7 absent

Left
57 60x
75 06x
Best: XOR57: 1

Right
none
Best: none

AND-NOT
01 0000000 a
12 0100010 2
23 0000100 1
34 1110000 3
45 0000101 2
56 0001010 2
67 1000100 2
70 0100011 3

02 0000000 a
13 0000010 1
24 0010000 1
35 0010001 2
46 0001010 2
57 1001000 2
60 1100101 4
71 0000000 a

03 0000000 a
14 0110000 2
25 0010101 3
36 0001000 1
47 0001100 2
50 1100010 3
61 1000100 2
72 0100010 2

04 0010000 1
15 0010001 2
26 0001000 1
37 1001000 2
40 0000111 3
51 1000000 1
62 1100000 2
73 0000010 1

05 0010000 1
16 0001010 2
27 0001100 2
30 1100001 3
41 0000100 1
52 1100010 3
63 0000100 1
74 0110000 2

06 0001000 1
17 0001000 1
20 0000101 2
31 1000000 1
42 0000010 1
53 0000010 1
64 1110000 3
75 0010001 2

07 0001000 1
10 0100011 3
21 0000100 1
32 1100000 2
43 0000110 2
54 1100000 2
65 0010101 3
76 0000010 1

Matching output with AND-NOT
0 absent
1 absent
2 absent
3 absent
4 absent
5 absent
6 absent
7 absent

Left
none
Best: none

Right
none
Best: none

OR-NOT
01 1011100 4
12 1111011 6
23 0011111 5
34 1111001 5 match 6
45 0011111 5
56 1101010 4
67 1111101 6
70 1110111 6

02 1111010 5
13 0111111 6
24 1111101 6
35 1111101 6
46 0001111 4 match 7
57 1101110 5
60 1110111 6
71 1110111 6

03 0011110 4
14 1111011 6
25 0011101 4 match 5
36 1111011 6
47 1001111 5
50 1101111 6
61 1110101 5 match 1
72 1110011 5

04 1111000 4
15 0111111 6
26 0011111 5
37 1111101 6
40 1101111 6
51 1101110 5
62 1110111 6
73 0110111 5

05 0011101 4 match 5
16 0111011 5 match 4
27 1011101 5
30 1111111 a
41 1001111 5
52 1101010 4
63 1110111 6
74 1110011 5

06 0011010 3
17 1111111 a
20 1111111 a
31 1111101 6
42 1101111 6
53 1101110 5
64 1110101 5 match 1
75 0110111 5

07 1011100 4
10 1111111 a
21 1011101 5
32 1111011 6
43 0001111 4 match 7
54 1111010 5
65 1110101 5 match 1
76 0111011 5 match 4

Matching output with OR-NOT
0 absent
1 61 64 65
2 absent
3 absent
4 16 76
5 25 05
6 34
7 46 43

Left
none
Best: none

Right
46 35x
43 32x
Best: OR-NOT46: 1

XOR-NOT
01 1011100 4
12 1011001 4 match 0
23 0011011 4
34 0001001 2
45 0011010 3
56 1100000 2
67 0111001 4
70 1010100 3

02 1111010 5
13 0111101 5
24 1101101 5
35 1101100 4
46 0000101 2
57 0100110 3
60 0010010 2
71 1110111 6

03 0011110 4
14 1001011 4
25 0001000 1
36 1110011 5
47 1000011 3
50 0001101 3
61 0110001 3
72 1010001 3

04 1101000 3
15 0101110 4
26 0010111 4
37 0110101 4
40 1101000 3
51 0101110 4
62 0010111 4
73 0110101 4

05 0001101 3
16 0110001 3
27 1010001 3
30 0011110 4
41 1001011 4
52 0001000 1
63 1110011 5
74 1000011 3

06 0010010 2
17 1110111 6
20 1111010 5
31 0111101 5
42 1101101 5
53 1101100 4
64 0000101 2
75 0100110 3

07 1010100 3
10 1011100 4
21 1011001 4 match 0
32 0011011 4
43 0001001 2
54 0011010 3
65 1100000 2
76 0111001 4

Matching output with XOR-NOT
0 12 21
1 absent
2 absent
3 absent
4 absent
5 absent
6 absent
7 absent

Left
12 23x
21 32x
Best: XOR-NOT12: 1

Right
none
Best: none

Selecting

Lefts
Identity none
NOT none
Constant none
AND none
OR none
XOR XOR57: 1
AND-NOT none
OR-NOT none
XOR-NOT XOR-NOT12: 1

Rights
Identity I4 I3 I2 I1 I0 I7 I6: 7
NOT none
Constant none
AND none
OR none
XOR none
AND-NOT none
OR-NOT OR-NOT46: 1
XOR-NOT none

Left longest: 1
Right longest: 7

Right winner: Identity yes, NOT no, Constant no, AND no, OR no, XOR no, AND-NOT no, OR-NOT no, XOR-NOT no
Left winner: Identity no, NOT no, Constant no, AND no, OR no, XOR yes, AND-NOT no, OR-NOT no, XOR-NOT no

Best right: I4 I3 I2 I1 I0 I7 I6: 7
Best left: XOR57: 1

Truncated right: I4 I3 I2 I1 I0 I7 I6: 7
Truncated left: XOR57: 1

Tentative from right
7 I4
6 I3
5 I2
4 I1
3 I0
2 I7
1 I6
0 pending

Tentative
0 XOR57
1 I6
2 I7
3 I0
4 I1
5 I2
6 I3
7 I4

Preferred from right
7 I4
6 I3
5 I2
4 I1
3 I0
2 I7
1 I6
0 XOR57

Preferred
0 XOR57
1 I6
2 I7
3 I0
4 I1
5 I2
6 I3
7 I4

Matching
0 XOR57
1 I6
2 I7
3 I0
4 I1
5 I2
6 I3
7 I4

Perfect match
Identity no
NOT no
Constant no
AND no
OR no
XOR no
AND-NOT no
OR-NOT no
XOR-NOT no

Matched
0 XOR57
1 I6
2 I7
3 I0
4 I1
5 I2
6 I3
7 I4

Selected
0 XOR57
1 I6
2 I7
3 I0
4 I1
5 I2
6 I3
7 I4

Applying to 11000110
Input
0 1
1 1
2 0
3 0
4 0
5 1
6 1
7 0
Output
0 XOR57 = XOR(1,0) = 1
1 I6 = 1
2 I7 = 0
3 I0 = 1
4 I1 = 1
5 I2 = 0
6 I3 = 0
7 I4 = 0

I will now return the answer in \boxed{}
The answer in \boxed is
\boxed{11011000}
</think>
\boxed{11011000}