We need to deduce the transformation by matching the example outputs.

Output 1: 10001011
0 1
1 0
2 0
3 0
4 1
5 0
6 1
7 1

Output 2: 00000001
0 0
1 0
2 0
3 0
4 0
5 0
6 0
7 1

Output 3: 10011100
0 1
1 0
2 0
3 1
4 1
5 1
6 0
7 0

Output 4: 00010000
0 0
1 0
2 0
3 1
4 0
5 0
6 0
7 0

Output 5: 00001010
0 0
1 0
2 0
3 0
4 1
5 0
6 1
7 0

Output 6: 00011001
0 0
1 0
2 0
3 1
4 1
5 0
6 0
7 1

Output 7: 10011010
0 1
1 0
2 0
3 1
4 1
5 0
6 1
7 0

Output 8: 00011000
0 0
1 0
2 0
3 1
4 1
5 0
6 0
7 0

Output 9: 10010010
0 1
1 0
2 0
3 1
4 0
5 0
6 1
7 0

Output bit columns (with bitsum as hash)
0 101000101 4
1 000000000 a
2 000000000 a
3 001101111 6
4 101011110 6
5 001000000 1
6 100010101 4
7 110001000 3

Input 1: 01011101
0 0
1 1
2 0
3 1
4 1
5 1
6 0
7 1

Input 2: 00001000
0 0
1 0
2 0
3 0
4 1
5 0
6 0
7 0

Input 3: 11100111
0 1
1 1
2 1
3 0
4 0
5 1
6 1
7 1

Input 4: 10000010
0 1
1 0
2 0
3 0
4 0
5 0
6 1
7 0

Input 5: 01010100
0 0
1 1
2 0
3 1
4 0
5 1
6 0
7 0

Input 6: 11001110
0 1
1 1
2 0
3 0
4 1
5 1
6 1
7 0

Input 7: 11010111
0 1
1 1
2 0
3 1
4 0
5 1
6 1
7 1

Input 8: 11000000
0 1
1 1
2 0
3 0
4 0
5 0
6 0
7 0

Input 9: 10010111
0 1
1 0
2 0
3 1
4 0
5 1
6 1
7 1

Identity
0 001101111 6 match 3
1 101011110 6 match 4
2 001000000 1 match 5
3 100010101 4 match 6
4 110001000 3 match 7
5 101011101 6
6 001101101 5
7 101000101 4 match 0

Matching output with Identity
0 7
1 absent
2 absent
3 0
4 1
5 2
6 3
7 4

Left
7 0x
Best: I7: 1

Right
4 3 2 1 0 7x
Best: I4 I3 I2 I1 I0: 5

NOT
0 110010000 3
1 010100001 3
2 110111111 8
3 011101010 5
4 001110111 6
5 010100010 3
6 110010010 4
7 010111010 5

Matching output with NOT
0 absent
1 absent
2 absent
3 absent
4 absent
5 absent
6 absent
7 absent

Left
none
Best: none

Right
none
Best: none

Constant
0 000000000 a match 1 2
1 111111111 a

Matching output with Constant
0 absent
1 C0
2 C0
3 absent
4 absent
5 absent
6 absent
7 absent

Left
none
Best: none

Right
none
Best: none

AND
01 10 001001110 4
12 21 001000000 1 match 5
23 32 000000000 a match 1 2
34 43 100000000 1
45 54 100001000 2
56 65 001001101 4
67 76 001000101 3
70 07 001000101 3

02 20 001000000 1 match 5
13 31 100010100 3
24 42 000000000 a match 1 2
35 53 100010101 4 match 6
46 64 000001000 1
57 75 101000101 4 match 0
60 06 001101101 5
71 17 101000100 3

03 30 000000101 2
14 41 100001000 2
25 52 001000000 1 match 5
36 63 000000101 2
47 74 100000000 1
50 05 001001101 4
61 16 001001100 3
72 27 001000000 1 match 5

04 40 000001000 1
15 51 101011100 5
26 62 001000000 1 match 5
37 73 100000101 3

Matching output with AND
0 57 75
1 23 32 24 42
2 23 32 24 42
3 absent
4 absent
5 12 21 02 20 25 52 27 72 26 62
6 35 53
7 absent

Left
57 60x
75 06x
Best: AND57: 1

Right
none
Best: none

OR
01 10 101111111 8
12 21 101011110 6 match 4
23 32 101010101 5
34 43 110011101 6
45 54 111011101 7
56 65 101111101 7
67 76 101101101 6
70 07 101101111 7

02 20 001101111 6 match 3
13 31 101011111 7
24 42 111001000 4
35 53 101011101 6
46 64 111101101 7
57 75 101011101 6
60 06 001101111 6 match 3
71 17 101011111 7

03 30 101111111 8
14 41 111011110 7
25 52 101011101 6
36 63 101111101 7
47 74 111001101 6
50 05 101111111 8
61 16 101111111 8
72 27 101000101 4 match 0

04 40 111101111 8
15 51 101011111 7
26 62 001101101 5
37 73 101010101 5

Matching output with OR
0 27 72
1 absent
2 absent
3 02 20 06 60
4 12 21
5 absent
6 absent
7 absent

Left
27 30x
72 03x
Best: OR27: 1

Right
none
Best: none

XOR
01 10 100110001 4
12 21 100011110 5
23 32 101010101 5
34 43 010011101 5
45 54 011010101 5
56 65 100110000 3
67 76 100101000 3
70 07 100101010 4

02 20 000101111 5
13 31 001001011 4
24 42 111001000 4
35 53 001001000 2
46 64 111100101 6
57 75 000011000 2
60 06 000000010 1
71 17 000011011 4

03 30 101111010 6
14 41 011010110 5
25 52 100011101 5
36 63 101111000 5
47 74 011001101 5
50 05 100110010 4
61 16 100110011 5
72 27 100000101 3

04 40 111100111 7
15 51 000000011 2
26 62 000101101 4
37 73 001010000 2

Matching output with XOR
0 absent
1 absent
2 absent
3 absent
4 absent
5 absent
6 absent
7 absent

Left
none
Best: none

Right
none
Best: none

AND-NOT
01 000100001 2
12 100011110 5
23 001000000 1 match 5
34 000010101 3
45 010000000 1
56 100010000 2
67 000101000 2
70 100000000 1

02 000101111 5
13 001001010 3
24 001000000 1 match 5
35 000000000 a match 1 2
46 110000000 2
57 000011000 2
60 000000000 a match 1 2
71 000000001 1

03 001101010 4
14 001010110 4
25 000000000 a match 1 2
36 100010000 2
47 010001000 2
50 100010000 2
61 000100001 2
72 100000101 3

04 001100111 5
15 000000010 1
26 000000000 a match 1 2
37 000010000 1
40 110000000 2
51 000000001 1
62 000101101 4
73 001000000 1 match 5

05 000100010 2
16 100010010 3
27 000000000 a match 1 2
30 100010000 2
41 010000000 1
52 100011101 5
63 001101000 3
74 001000101 3

06 000000010 1
17 000011010 3
20 000000000 a match 1 2
31 000000001 1
42 110001000 3 match 7
53 001001000 2
64 001100101 4
75 000000000 a match 1 2

07 000101010 3
10 100010000 2
21 000000000 a match 1 2
32 100010101 4 match 6
43 010001000 2
54 001010101 4
65 000100000 1
76 100000000 1

Matching output with AND-NOT
0 absent
1 35 60 25 26 27 20 75 21
2 35 60 25 26 27 20 75 21
3 absent
4 absent
5 23 24 73
6 32
7 42

Left
none
Best: none

Right
42 31x
Best: AND-NOT42: 1

OR-NOT
01 011101111 7
12 111111111 a
23 011101010 5
34 101110111 7
45 110101010 5
56 111011111 8
67 011111111 8
70 111010101 6

02 111111111 a
13 111111110 8
24 001110111 6
35 110110111 7
46 110011010 5
57 111111111 a
60 111111101 8
71 111100101 6

03 011101111 7
14 101111111 8
25 011100010 4
36 110010111 6
47 110111010 6
50 111011101 7
61 011101101 6
72 111111111 a

04 001111111 7
15 111111110 8
26 111010010 5
37 110111111 8
40 110011000 4
51 111111101 8
62 111111111 a
73 111101111 8

05 011101111 7
16 111011110 7
27 011111010 6
30 110010101 5
41 110101001 5
52 111111111 a
63 011101111 7
74 101110111 7

06 111111111 a
17 111111110 8
20 111010000 4
31 110110101 6
42 110111111 8
53 111111111 a
64 001111111 7
75 111100111 7

07 011111111 8
10 111011110 7
21 011100001 4
32 110111111 8
43 111101010 6
54 101111111 8
65 011101111 7
76 111010111 7

Matching output with OR-NOT
0 absent
1 absent
2 absent
3 absent
4 absent
5 absent
6 absent
7 absent

Left
none
Best: none

Right
none
Best: none

XOR-NOT
01 011001110 5
12 011100001 4
23 010101010 4
34 101100010 4
45 100101010 4
56 011001111 6
67 011010111 6
70 011010101 5

02 111010000 4
13 110110100 5
24 000110111 5
35 110110111 7
46 000011010 3
57 111100111 7
60 111111101 8
71 111100100 5

03 010000101 3
14 100101001 4
25 011100010 4
36 010000111 4
47 100110010 4
50 011001101 5
61 011001100 4
72 011111010 6

04 000011000 2
15 111111100 7
26 111010010 5
37 110101111 7
40 000011000 2
51 111111100 7
62 111010010 5
73 110101111 7

05 011001101 5
16 011001100 4
27 011111010 6
30 010000101 3
41 100101001 4
52 011100010 4
63 010000111 4
74 100110010 4

06 111111101 8
17 111100100 5
20 111010000 4
31 110110100 5
42 000110111 5
53 110110111 7
64 000011010 3
75 111100111 7

07 011010101 5
10 011001110 5
21 011100001 4
32 010101010 4
43 101100010 4
54 100101010 4
65 011001111 6
76 011010111 6

Matching output with XOR-NOT
0 absent
1 absent
2 absent
3 absent
4 absent
5 absent
6 absent
7 absent

Left
none
Best: none

Right
none
Best: none

Selecting

Lefts
Identity I7: 1
NOT none
Constant none
AND AND57: 1
OR OR27: 1
XOR none
AND-NOT none
OR-NOT none
XOR-NOT none

Rights
Identity I4 I3 I2 I1 I0: 5
NOT none
Constant none
AND none
OR none
XOR none
AND-NOT AND-NOT42: 1
OR-NOT none
XOR-NOT none

Left longest: 1
Right longest: 5

Right winner: Identity yes, NOT no, Constant no, AND no, OR no, XOR no, AND-NOT no, OR-NOT no, XOR-NOT no
Left winner: Identity yes, NOT no, Constant no, AND no, OR no, XOR no, AND-NOT no, OR-NOT no, XOR-NOT no

Best right: I4 I3 I2 I1 I0: 5
Best left: I7: 1

Truncated right: I4 I3 I2 I1 I0: 5
Truncated left: I7: 1

Tentative from right
7 I4
6 I3
5 I2
4 I1
3 I0
2 pending
1 pending
0 pending

Tentative
0 I7
1 pending
2 pending
3 I0
4 I1
5 I2
6 I3
7 I4

Preferred from right
7 I4
6 I3
5 I2
4 I1
3 I0
2 ??7
1 ??6
0 I7

Preferred
0 I7
1 ?06
2 ?17
3 I0
4 I1
5 I2
6 I3
7 I4

Matching
0 I7
1 ?06 - Identity absent, NOT absent, Constant C0, AND absent, OR absent, XOR absent, AND-NOT60, OR-NOT absent, XOR-NOT absent
2 ?17 - Identity absent, NOT absent, Constant C0, AND absent, OR absent, XOR absent, AND-NOT absent, OR-NOT absent, XOR-NOT absent
3 I0
4 I1
5 I2
6 I3
7 I4

Perfect match
Identity no
NOT no
Constant yes
AND no
OR no
XOR no
AND-NOT no
OR-NOT no
XOR-NOT no

Matched
0 I7
1 C0
2 C0
3 I0
4 I1
5 I2
6 I3
7 I4

Selected
0 I7
1 C0
2 C0
3 I0
4 I1
5 I2
6 I3
7 I4

Applying to 11101001
Input
0 1
1 1
2 1
3 0
4 1
5 0
6 0
7 1
Output
0 I7 = 1
1 C0 = 0
2 C0 = 0
3 I0 = 1
4 I1 = 1
5 I2 = 1
6 I3 = 0
7 I4 = 1

I will now return the answer in \boxed{}
The answer in \boxed is
\boxed{10011101}
</think>
\boxed{10011101}