We need to deduce the transformation by matching the example outputs.

Output 1: 00000000
0 0
1 0
2 0
3 0
4 0
5 0
6 0
7 0

Output 2: 00000001
0 0
1 0
2 0
3 0
4 0
5 0
6 0
7 1

Output 3: 00101000
0 0
1 0
2 1
3 0
4 1
5 0
6 0
7 0

Output 4: 00001000
0 0
1 0
2 0
3 0
4 1
5 0
6 0
7 0

Output 5: 00010001
0 0
1 0
2 0
3 1
4 0
5 0
6 0
7 1

Output 6: 10101001
0 1
1 0
2 1
3 0
4 1
5 0
6 0
7 1

Output 7: 11010000
0 1
1 1
2 0
3 1
4 0
5 0
6 0
7 0

Output 8: 00000000
0 0
1 0
2 0
3 0
4 0
5 0
6 0
7 0

Output 9: 10000000
0 1
1 0
2 0
3 0
4 0
5 0
6 0
7 0

Output bit columns (with bitsum as hash)
0 000001101 3
1 000000100 1
2 001001000 2
3 000010100 2
4 001101000 3
5 000000000 a
6 000000000 a
7 010011000 3

Input 1: 00000110
0 0
1 0
2 0
3 0
4 0
5 1
6 1
7 0

Input 2: 11100010
0 1
1 1
2 1
3 0
4 0
5 0
6 1
7 0

Input 3: 00110101
0 0
1 0
2 1
3 1
4 0
5 1
6 0
7 1

Input 4: 01100101
0 0
1 1
2 1
3 0
4 0
5 1
6 0
7 1

Input 5: 11001011
0 1
1 1
2 0
3 0
4 1
5 0
6 1
7 1

Input 6: 11010111
0 1
1 1
2 0
3 1
4 0
5 1
6 1
7 1

Input 7: 01111010
0 0
1 1
2 1
3 1
4 1
5 0
6 1
7 0

Input 8: 01001001
0 0
1 1
2 0
3 0
4 1
5 0
6 0
7 1

Input 9: 01010001
0 0
1 1
2 0
3 1
4 0
5 0
6 0
7 1

Identity
0 010011000 3 match 7
1 010111111 7
2 011100100 4
3 001001101 4
4 000010110 3
5 101101000 4
6 110011100 5
7 001111011 6

Matching output with Identity
0 absent
1 absent
2 absent
3 absent
4 absent
5 absent
6 absent
7 0

Left
none
Best: none

Right
0 7x
Best: I0: 1

NOT
0 101100111 6
1 101000000 2
2 100011011 5
3 110110010 5
4 111101001 6
5 010010111 5
6 001100011 4
7 110000100 3

Matching output with NOT
0 absent
1 absent
2 absent
3 absent
4 absent
5 absent
6 absent
7 absent

Left
none
Best: none

Right
none
Best: none

Constant
0 000000000 a match 5 6
1 111111111 a

Matching output with Constant
0 absent
1 absent
2 absent
3 absent
4 absent
5 C0
6 C0
7 absent

Left
none
Best: none

Right
none
Best: none

AND
01 10 010011000 3 match 7
12 21 010100100 3
23 32 001000100 2
34 43 000000100 1 match 1
45 54 000000000 a match 5 6
56 65 100001000 2
67 76 000011000 2
70 07 000011000 2

02 20 010000000 1
13 31 000001101 3 match 0
24 42 000000100 1 match 1
35 53 001001000 2 match 2
46 64 000010100 2 match 3
57 75 001101000 3 match 4
60 06 010011000 3 match 7
71 17 000111011 5

03 30 000001000 1
14 41 000010110 3
25 52 001100000 2
36 63 000001100 2
47 74 000010010 2
50 05 000001000 1
61 16 010011100 4
72 27 001100000 2

04 40 000010000 1
15 51 000101000 2
26 62 010000100 2
37 73 001001001 3

Matching output with AND
0 13 31
1 34 43 24 42
2 35 53
3 46 64
4 57 75
5 45 54
6 45 54
7 01 10 06 60

Left
13 24 35 46 57 60x
31 42 53 64 75 06x
Best: AND13 AND24 AND35 AND46 AND57: 5

Right
01 70x
10 07x
06 75x
60 57x
Best: AND01: 1

OR
01 10 010111111 7
12 21 011111111 8
23 32 011101101 6
34 43 001011111 6
45 54 101111110 7
56 65 111111100 7
67 76 111111111 a
70 07 011111011 7

02 20 011111100 6
13 31 011111111 8
24 42 011110110 6
35 53 101101101 6
46 64 110011110 6
57 75 101111011 7
60 06 110011100 5
71 17 011111111 8

03 30 011011101 6
14 41 010111111 7
25 52 111101100 6
36 63 111011101 7
47 74 001111111 7
50 05 111111000 6
61 16 110111111 8
72 27 011111111 8

04 40 010011110 5
15 51 111111111 a
26 62 111111100 7
37 73 001111111 7

Matching output with OR
0 absent
1 absent
2 absent
3 absent
4 absent
5 absent
6 absent
7 absent

Left
none
Best: none

Right
none
Best: none

XOR
01 10 000100111 4
12 21 001011011 5
23 32 010101001 4
34 43 001011011 5
45 54 101111110 7
56 65 011110100 5
67 76 111100111 7
70 07 011100011 5

02 20 001111100 5
13 31 011110010 5
24 42 011110010 5
35 53 100100101 4
46 64 110001010 4
57 75 100010011 4
60 06 100000100 2
71 17 011000100 3

03 30 011010101 5
14 41 010101001 4
25 52 110001100 4
36 63 111010001 5
47 74 001101101 5
50 05 111110000 5
61 16 100100011 4
72 27 010011111 6

04 40 010001110 4
15 51 111010111 7
26 62 101111000 5
37 73 000110110 4

Matching output with XOR
0 absent
1 absent
2 absent
3 absent
4 absent
5 absent
6 absent
7 absent

Left
none
Best: none

Right
none
Best: none

AND-NOT
01 000000000 a match 5 6
12 000011011 4
23 010100000 2
34 001001001 3
45 000010110 3
56 001100000 2
67 110000100 3
70 001100011 4

02 000011000 2
13 010110010 4
24 011100000 3
35 000000101 2
46 000000010 1
57 100000000 1
60 100000100 2
71 001000000 1

03 010010000 2
14 010101001 4
25 010000100 2
36 001000001 2
47 000000100 1 match 1
50 101100000 3
61 100000000 1
72 000011011 4

04 010001000 2
15 010010111 5
26 001100000 2
37 000000100 1 match 1
40 000000110 2
51 101000000 2
62 100011000 3
73 000110010 3

05 010010000 2
16 000100011 3
27 010000100 2
30 001000101 3
41 000000000 a match 5 6
52 100001000 2
63 110010000 3
74 001101001 4

06 000000000 a match 5 6
17 010000100 2
20 001100100 3
31 001000000 1
42 000010010 2
53 100100000 2
64 110001000 3
75 000010011 3

07 010000000 1
10 000100111 4
21 001000000 1
32 000001001 2
43 000010010 2
54 101101000 4
65 010010100 3
76 001100011 4

Matching output with AND-NOT
0 absent
1 47 37
2 absent
3 absent
4 absent
5 01 41 06
6 01 41 06
7 absent

Left
none
Best: none

Right
none
Best: none

OR-NOT
01 111011000 5
12 110111111 8
23 111110110 7
34 111101101 7
45 010010111 5
56 101101011 6
67 110011100 5
70 101111111 8

02 110011011 6
13 110111111 8
24 111101101 7
35 011011111 7
46 001110111 6
57 111101100 6
60 111111111 a
71 101111011 7

03 110111010 6
14 111111111 a
25 011110111 7
36 001101111 6
47 110010110 5
50 101101111 7
61 111011100 6
72 101111011 7

04 111111001 7
15 010111111 7
26 011100111 6
37 111001101 6
40 101110111 7
51 101101000 4
62 110011111 7
73 111111011 8

05 010011111 6
16 011111111 8
27 111100100 5
30 101101111 7
41 101010110 5
52 101111011 7
63 110111110 7
74 111111011 8

06 011111011 7
17 110111111 8
20 111100111 7
31 101001101 5
42 100011111 6
53 111111010 7
64 111111101 8
75 011111111 8

07 110011100 5
10 111111111 a
21 111100100 5
32 101011111 7
43 110110110 6
54 111101001 6
65 110011111 7
76 001111011 6

Matching output with OR-NOT
0 absent
1 absent
2 absent
3 absent
4 absent
5 absent
6 absent
7 absent

Left
none
Best: none

Right
none
Best: none

XOR-NOT
01 111011000 5
12 110100100 4
23 101010110 5
34 110100100 4
45 010000001 2
56 100001011 4
67 000011000 2
70 100011100 4

02 110000011 4
13 100001101 4
24 100001101 4
35 011011010 5
46 001110101 5
57 011101100 5
60 011111011 7
71 100111011 6

03 100101010 4
14 101010110 5
25 001110011 5
36 000101110 4
47 110010010 4
50 000001111 4
61 011011100 5
72 101100000 3

04 101110001 5
15 000101000 2
26 010000111 4
37 111001001 5
40 101110001 5
51 000101000 2
62 010000111 4
73 111001001 5

05 000001111 4
16 011011100 5
27 101100000 3
30 100101010 4
41 101010110 5
52 001110011 5
63 000101110 4
74 110010010 4

06 011111011 7
17 100111011 6
20 110000011 4
31 100001101 4
42 100001101 4
53 011011010 5
64 001110101 5
75 011101100 5

07 100011100 4
10 111011000 5
21 110100100 4
32 101010110 5
43 110100100 4
54 010000001 2
65 100001011 4
76 000011000 2

Matching output with XOR-NOT
0 absent
1 absent
2 absent
3 absent
4 absent
5 absent
6 absent
7 absent

Left
none
Best: none

Right
none
Best: none

Selecting

Lefts
Identity none
NOT none
Constant none
AND AND13 AND24 AND35 AND46 AND57: 5
OR none
XOR none
AND-NOT none
OR-NOT none
XOR-NOT none

Rights
Identity I0: 1
NOT none
Constant none
AND AND01: 1
OR none
XOR none
AND-NOT none
OR-NOT none
XOR-NOT none

Left longest: 5
Right longest: 1

Left winner: Identity no, NOT no, Constant no, AND yes, OR no, XOR no, AND-NOT no, OR-NOT no, XOR-NOT no
Right winner: Identity yes, NOT no, Constant no, AND no, OR no, XOR no, AND-NOT no, OR-NOT no, XOR-NOT no

Best left: AND13 AND24 AND35 AND46 AND57: 5
Best right: I0: 1

Truncated left: AND13 AND24 AND35 AND46 AND57: 5
Truncated right: I0: 1

Tentative from right
7 I0
6 pending
5 pending
4 pending
3 pending
2 pending
1 pending
0 pending

Tentative
0 AND13
1 AND24
2 AND35
3 AND46
4 AND57
5 pending
6 pending
7 I0

Preferred from left
0 AND13
1 AND24
2 AND35
3 AND46
4 AND57
5 ?60
6 ?71
7 I0

Preferred
0 AND13
1 AND24
2 AND35
3 AND46
4 AND57
5 ?60
6 ?71
7 I0

Matching
0 AND13
1 AND24
2 AND35
3 AND46
4 AND57
5 ?60 - Identity absent, NOT absent, Constant C0, AND absent, OR absent, XOR absent, AND-NOT06, OR-NOT absent, XOR-NOT absent
6 ?71 - Identity absent, NOT absent, Constant C0, AND absent, OR absent, XOR absent, AND-NOT absent, OR-NOT absent, XOR-NOT absent
7 I0

Perfect match
Identity no
NOT no
Constant yes
AND no
OR no
XOR no
AND-NOT no
OR-NOT no
XOR-NOT no

Matched
0 AND13
1 AND24
2 AND35
3 AND46
4 AND57
5 C0
6 C0
7 I0

Selected
0 AND13
1 AND24
2 AND35
3 AND46
4 AND57
5 C0
6 C0
7 I0

Applying to 00100110
Input
0 0
1 0
2 1
3 0
4 0
5 1
6 1
7 0
Output
0 AND13 = AND(0,0) = 0
1 AND24 = AND(1,0) = 0
2 AND35 = AND(0,1) = 0
3 AND46 = AND(0,1) = 0
4 AND57 = AND(1,0) = 0
5 C0 = 0
6 C0 = 0
7 I0 = 0

I will now return the answer in \boxed{}
The answer in \boxed is
\boxed{00000000}
</think>
\boxed{00000000}