We need to deduce the transformation by matching the example outputs.

Output 1: 11010000
0 1
1 1
2 0
3 1
4 0
5 0
6 0
7 0

Output 2: 01001000
0 0
1 1
2 0
3 0
4 1
5 0
6 0
7 0

Output 3: 00111000
0 0
1 0
2 1
3 1
4 1
5 0
6 0
7 0

Output 4: 11011000
0 1
1 1
2 0
3 1
4 1
5 0
6 0
7 0

Output 5: 11001001
0 1
1 1
2 0
3 0
4 1
5 0
6 0
7 1

Output 6: 01000000
0 0
1 1
2 0
3 0
4 0
5 0
6 0
7 0

Output 7: 01001000
0 0
1 1
2 0
3 0
4 1
5 0
6 0
7 0

Output 8: 01110000
0 0
1 1
2 1
3 1
4 0
5 0
6 0
7 0

Output bit columns (with bitsum as hash)
0 10011000 3
1 11011111 7
2 00100001 2
3 10110001 4
4 01111010 5
5 00000000 a
6 00000000 a
7 00001000 1

Input 1: 10111010
0 1
1 0
2 1
3 1
4 1
5 0
6 1
7 0

Input 2: 00001001
0 0
1 0
2 0
3 0
4 1
5 0
6 0
7 1

Input 3: 00000111
0 0
1 0
2 0
3 0
4 0
5 1
6 1
7 1

Input 4: 00111011
0 0
1 0
2 1
3 1
4 1
5 0
6 1
7 1

Input 5: 01111001
0 0
1 1
2 1
3 1
4 1
5 0
6 0
7 1

Input 6: 10001000
0 1
1 0
2 0
3 0
4 1
5 0
6 0
7 0

Input 7: 10101001
0 1
1 0
2 1
3 0
4 1
5 0
6 0
7 1

Input 8: 10001110
0 1
1 0
2 0
3 0
4 1
5 1
6 1
7 0

Identity
0 10000111 4
1 00001000 1 match 7
2 10011010 4
3 10011000 3 match 0
4 11011111 7 match 1
5 00100001 2 match 2
6 10110001 4 match 3
7 01111010 5 match 4

Matching output with Identity
0 3
1 4
2 5
3 6
4 7
5 absent
6 absent
7 1

Left
3 4 5 6 7 0x
Best: I3 I4 I5 I6 I7: 5

Right
1 0x
Best: I1: 1

NOT
0 01111000 4
1 11110111 7
2 01100101 4
3 01100111 5
4 00100000 1
5 11011110 6
6 01001110 4
7 10000101 3

Matching output with NOT
0 absent
1 absent
2 absent
3 absent
4 absent
5 absent
6 absent
7 absent

Left
none
Best: none

Right
none
Best: none

Constant
0 00000000 a match 5 6
1 11111111 a

Matching output with Constant
0 absent
1 absent
2 absent
3 absent
4 absent
5 C0
6 C0
7 absent

Left
none
Best: none

Right
none
Best: none

AND
01 10 00000000 a match 5 6
12 21 00001000 1 match 7
23 32 10011000 3 match 0
34 43 10011000 3 match 0
45 54 00000001 1
56 65 00100001 2 match 2
67 76 00110000 2
70 07 00000010 1

02 20 10000010 2
13 31 00001000 1 match 7
24 42 10011010 4
35 53 00000000 a match 5 6
46 64 10010001 3
57 75 00100000 1
60 06 10000001 2
71 17 00001000 1 match 7

03 30 10000000 1
14 41 00001000 1 match 7
25 52 00000000 a match 5 6
36 63 10010000 2
47 74 01011010 4
50 05 00000001 1
61 16 00000000 a match 5 6
72 27 00011010 3

04 40 10000111 4
15 51 00000000 a match 5 6
26 62 10010000 2
37 73 00011000 2

Matching output with AND
0 23 32 34 43
1 absent
2 56 65
3 absent
4 absent
5 01 10 35 53 25 52 16 61 15 51
6 01 10 35 53 25 52 16 61 15 51
7 12 21 13 31 17 71 14 41

Left
23 34x
32 43x
34 45x
43 54x
Best: AND23: 1

Right
12 01 70x
21 10 07x
13 02x
31 20x
17 06x
71 60x
14 03x
41 30x
Best: AND12 AND01: 2

OR
01 10 10001111 5
12 21 10011010 4
23 32 10011010 4
34 43 11011111 7 match 1
45 54 11111111 a
56 65 10110001 4 match 3
67 76 11111011 7
70 07 11111111 a

02 20 10011111 6
13 31 10011000 3 match 0
24 42 11011111 7 match 1
35 53 10111001 5
46 64 11111111 a
57 75 01111011 6
60 06 10110111 6
71 17 01111010 5 match 4

03 30 10011111 6
14 41 11011111 7 match 1
25 52 10111011 6
36 63 10111001 5
47 74 11111111 a
50 05 10100111 5
61 16 10111001 5
72 27 11111010 6

04 40 11011111 7 match 1
15 51 00101001 3
26 62 10111011 6
37 73 11111010 6

Matching output with OR
0 13 31
1 34 43 24 42 14 41 04 40
2 absent
3 56 65
4 17 71
5 absent
6 absent
7 absent

Left
13 24 35x
31 42 53x
Best: OR13 OR24: 2

Right
none
Best: none

XOR
01 10 10001111 5
12 21 10010010 3
23 32 00000010 1
34 43 01000111 4
45 54 11111110 7
56 65 10010000 2
67 76 11001011 5
70 07 11111101 7

02 20 00011101 4
13 31 10010000 2
24 42 01000101 3
35 53 10111001 5
46 64 01101110 5
57 75 01011011 5
60 06 00110110 4
71 17 01110010 4

03 30 00011111 5
14 41 11010111 6
25 52 10111011 6
36 63 00101001 3
47 74 10100101 4
50 05 10100110 4
61 16 10111001 5
72 27 11100000 3

04 40 01011000 3
15 51 00101001 3
26 62 00101011 4
37 73 11100010 4

Matching output with XOR
0 absent
1 absent
2 absent
3 absent
4 absent
5 absent
6 absent
7 absent

Left
none
Best: none

Right
none
Best: none

AND-NOT
01 10000111 4
12 00000000 a match 5 6
23 00000010 1
34 00000000 a match 5 6
45 11011110 6
56 00000000 a match 5 6
67 10000001 2
70 01111000 4

02 00000101 2
13 00000000 a match 5 6
24 00000000 a match 5 6
35 10011000 3 match 0
46 01001110 4
57 00000001 1
60 00110000 2
71 01110010 4

03 00000111 3
14 00000000 a match 5 6
25 10011010 4
36 00001000 1 match 7
47 10000101 3
50 00100000 1
61 10110001 4 match 3
72 01100000 2

04 00000000 a match 5 6
15 00001000 1 match 7
26 00001010 2
37 10000000 1
40 01011000 3
51 00100001 2 match 2
62 00100001 2 match 2
73 01100010 3

05 10000110 3
16 00001000 1 match 7
27 10000000 1
30 00011000 2
41 11010111 6
52 00100001 2 match 2
63 00100001 2 match 2
74 00100000 1

06 00000110 2
17 00000000 a match 5 6
20 00011000 2
31 10010000 2
42 01000101 3
53 00100001 2 match 2
64 00100000 1
75 01011010 4

07 10000101 3
10 00001000 1 match 7
21 10010010 3
32 00000000 a match 5 6
43 01000111 4
54 00100000 1
65 10010000 2
76 01001010 3

Matching output with AND-NOT
0 35
1 absent
2 51 62 52 63 53
3 61
4 absent
5 12 34 56 13 24 14 04 17 32
6 12 34 56 13 24 14 04 17 32
7 36 15 16 10

Left
35 46x
Best: AND-NOT35: 1

Right
36 25x
15 04 73x
16 05x
10 07x
Best: AND-NOT15 AND-NOT04: 2

OR-NOT
01 11110111 7
12 01101101 5
23 11111111 a
34 10111000 4
45 11011111 7 match 1
56 01101111 6
67 10110101 5
70 01111010 5 match 4

02 11100111 6
13 01101111 6
24 10111010 5
35 11011110 6
46 11011111 7 match 1
57 10100101 4
60 11111001 6
71 11111111 a

03 11100111 6
14 00101000 2
25 11011110 6
36 11011110 6
47 11011111 7 match 1
50 01111001 5
61 11110111 7
72 01111111 7

04 10100111 5
15 11011110 6
26 11011110 6
37 10011101 5
40 11111111 a
51 11110111 7
62 11110101 6
73 01111111 7

05 11011111 7 match 1
16 01001110 4
27 10011111 6
30 11111000 5
41 11111111 a
52 01100101 4
63 11110111 7
74 01111010 5 match 4

06 11001111 6
17 10001101 4
20 11111010 6
31 11111111 a
42 11111111 a
53 01100111 5
64 10110001 4 match 3
75 11111110 7

07 10000111 4
10 01111000 4
21 11111111 a
32 11111101 7
43 11111111 a
54 00100001 2 match 2
65 11111111 a
76 01111110 6

Matching output with OR-NOT
0 absent
1 45 46 47 05
2 54
3 64
4 70 74
5 absent
6 absent
7 absent

Left
none
Best: none

Right
none
Best: none

XOR-NOT
01 01110000 3
12 01101101 5
23 11111101 7
34 10111000 4
45 00000001 1
56 01101111 6
67 00110100 3
70 00000010 1

02 11100010 4
13 01101111 6
24 10111010 5
35 01000110 3
46 10010001 3
57 10100100 3
60 11001001 4
71 10001101 4

03 11100000 3
14 00101000 2
25 01000100 2
36 11010110 5
47 01011010 4
50 01011001 4
61 01000110 3
72 00011111 5

04 10100111 5
15 11010110 5
26 11010100 4
37 00011101 4
40 10100111 5
51 11010110 5
62 11010100 4
73 00011101 4

05 01011001 4
16 01000110 3
27 00011111 5
30 11100000 3
41 00101000 2
52 01000100 2
63 11010110 5
74 01011010 4

06 11001001 4
17 10001101 4
20 11100010 4
31 01101111 6
42 10111010 5
53 01000110 3
64 10010001 3
75 10100100 3

07 00000010 1
10 01110000 3
21 01101101 5
32 11111101 7
43 10111000 4
54 00000001 1
65 01101111 6
76 00110100 3

Matching output with XOR-NOT
0 absent
1 absent
2 absent
3 absent
4 absent
5 absent
6 absent
7 absent

Left
none
Best: none

Right
none
Best: none

Selecting

Lefts
Identity I3 I4 I5 I6 I7: 5
NOT none
Constant none
AND AND23: 1
OR OR13 OR24: 2
XOR none
AND-NOT AND-NOT35: 1
OR-NOT none
XOR-NOT none

Rights
Identity I1: 1
NOT none
Constant none
AND AND12 AND01: 2
OR none
XOR none
AND-NOT AND-NOT15 AND-NOT04: 2
OR-NOT none
XOR-NOT none

Left longest: 5
Right longest: 2

Left winner: Identity yes, NOT no, Constant no, AND no, OR no, XOR no, AND-NOT no, OR-NOT no, XOR-NOT no
Right winner: Identity no, NOT no, Constant no, AND yes, OR no, XOR no, AND-NOT no, OR-NOT no, XOR-NOT no

Best left: I3 I4 I5 I6 I7: 5
Best right: AND12 AND01: 2

Truncated left: I3 I4 I5 I6 I7: 5
Truncated right: AND12 AND01: 2

Tentative from right
7 AND12
6 AND01
5 pending
4 pending
3 pending
2 pending
1 pending
0 pending

Tentative
0 I3
1 I4
2 I5
3 I6
4 I7
5 pending
6 AND01
7 AND12

Preferred from left
0 I3
1 I4
2 I5
3 I6
4 I7
5 ?0?
6 AND01
7 AND12

Preferred
0 I3
1 I4
2 I5
3 I6
4 I7
5 ?0?
6 AND01
7 AND12

Matching
0 I3
1 I4
2 I5
3 I6
4 I7
5 ?0? - Identity absent, NOT absent, Constant C0, AND01, OR absent, XOR absent, AND-NOT04, OR-NOT absent, XOR-NOT absent
6 AND01
7 AND12

Perfect match
Identity no
NOT no
Constant yes
AND no
OR no
XOR no
AND-NOT no
OR-NOT no
XOR-NOT no

Matched
0 I3
1 I4
2 I5
3 I6
4 I7
5 C0
6 AND01
7 AND12

Selected
0 I3
1 I4
2 I5
3 I6
4 I7
5 C0
6 AND01
7 AND12

Applying to 10010000
Input
0 1
1 0
2 0
3 1
4 0
5 0
6 0
7 0
Output
0 I3 = 1
1 I4 = 0
2 I5 = 0
3 I6 = 0
4 I7 = 0
5 C0 = 0
6 AND01 = AND(1,0) = 0
7 AND12 = AND(0,0) = 0

I will now return the answer in \boxed{}
The answer in \boxed is
\boxed{10000000}
</think>
\boxed{10000000}