We need to deduce the transformation by matching the example outputs.

Output 1: 01100101
0 0
1 1
2 1
3 0
4 0
5 1
6 0
7 1

Output 2: 01100110
0 0
1 1
2 1
3 0
4 0
5 1
6 1
7 0

Output 3: 00010110
0 0
1 0
2 0
3 1
4 0
5 1
6 1
7 0

Output 4: 10010101
0 1
1 0
2 0
3 1
4 0
5 1
6 0
7 1

Output 5: 10010110
0 1
1 0
2 0
3 1
4 0
5 1
6 1
7 0

Output 6: 00100001
0 0
1 0
2 1
3 0
4 0
5 0
6 0
7 1

Output 7: 00101111
0 0
1 0
2 1
3 0
4 1
5 1
6 1
7 1

Output 8: 10001100
0 1
1 0
2 0
3 0
4 1
5 1
6 0
7 0

Output 9: 00011001
0 0
1 0
2 0
3 1
4 1
5 0
6 0
7 1

Output 10: 10101010
0 1
1 0
2 1
3 0
4 1
5 0
6 1
7 0

Output bit columns (with bitsum as hash)
0 0001100101 4
1 1100000000 2
2 1100011001 5
3 0011100010 4
4 0000001111 4
5 1111101100 7
6 0110101001 5
7 1001011010 5

Input 1: 00110100
0 0
1 0
2 1
3 1
4 0
5 1
6 0
7 0

Input 2: 00010001
0 0
1 0
2 0
3 1
4 0
5 0
6 0
7 1

Input 3: 10011000
0 1
1 0
2 0
3 1
4 1
5 0
6 0
7 0

Input 4: 00101111
0 0
1 0
2 1
3 0
4 1
5 1
6 1
7 1

Input 5: 00001010
0 0
1 0
2 0
3 0
4 1
5 0
6 1
7 0

Input 6: 01111111
0 0
1 1
2 1
3 1
4 1
5 1
6 1
7 1

Input 7: 11001110
0 1
1 1
2 0
3 0
4 1
5 1
6 1
7 0

Input 8: 11111001
0 1
1 1
2 1
3 1
4 1
5 0
6 0
7 1

Input 9: 11010110
0 1
1 1
2 0
3 1
4 0
5 1
6 1
7 0

Input 10: 00110011
0 0
1 0
2 1
3 1
4 0
5 0
6 1
7 1

Identity
0 0010001110 4
1 0000011110 4
2 1001010101 5
3 1110010111 7
4 0011111100 6
5 1001011010 5 match 7
6 0001111011 6
7 0101010101 5

Matching output with Identity
0 absent
1 absent
2 absent
3 absent
4 absent
5 absent
6 absent
7 5

Left
none
Best: none

Right
5 4x
Best: I5: 1

NOT
0 1101110001 6
1 1111100001 6
2 0110101010 5
3 0001101000 3
4 1100000011 4
5 0110100101 5
6 1110000100 4
7 1010101010 5

Matching output with NOT
0 absent
1 absent
2 absent
3 absent
4 absent
5 absent
6 absent
7 absent

Left
none
Best: none

Right
none
Best: none

Constant
0 0000000000 a
1 1111111111 a

Matching output with Constant
0 absent
1 absent
2 absent
3 absent
4 absent
5 absent
6 absent
7 absent

Left
none
Best: none

Right
none
Best: none

AND
01 10 0000001110 3
12 21 0000010100 2
23 32 1000010101 4
34 43 0010010100 3
45 54 0001011000 3
56 65 0001011010 4
67 76 0001010001 3
70 07 0000000100 1

02 20 0000000100 1
13 31 0000010110 3
24 42 0001010100 3
35 53 1000010010 3
46 64 0001111000 4
57 75 0001010000 2
60 06 0000001010 2
71 17 0000010100 2

03 30 0010000110 3
14 41 0000011100 3
25 52 1001010000 3
36 63 0000010011 3
47 74 0001010100 3
50 05 0000001010 2
61 16 0000011010 3
72 27 0001010101 4

04 40 0010001100 3
15 51 0000011010 3
26 62 0001010001 3
37 73 0100010101 4

Matching output with AND
0 absent
1 absent
2 absent
3 absent
4 absent
5 absent
6 absent
7 absent

Left
none
Best: none

Right
none
Best: none

OR
01 10 0010011110 5
12 21 1001011111 7
23 32 1111010111 8
34 43 1111111111 a
45 54 1011111110 8
56 65 1001111011 7
67 76 0101111111 8
70 07 0111011111 8

02 20 1011011111 8
13 31 1110011111 8
24 42 1011111101 8
35 53 1111011111 9
46 64 0011111111 8
57 75 1101011111 8
60 06 0011111111 8
71 17 0101011111 7

03 30 1110011111 8
14 41 0011111110 7
25 52 1001011111 7
36 63 1111111111 a
47 74 0111111101 8
50 05 1011011110 7
61 16 0001111111 7
72 27 1101010101 6

04 40 0011111110 7
15 51 1001011110 6
26 62 1001111111 8
37 73 1111010111 8

Matching output with OR
0 absent
1 absent
2 absent
3 absent
4 absent
5 absent
6 absent
7 absent

Left
none
Best: none

Right
none
Best: none

XOR
01 10 0010010000 2
12 21 1001001011 5
23 32 0111000010 4
34 43 1101101011 7
45 54 1010100110 5
56 65 1000100001 3
67 76 0100101110 5
70 07 0111011011 7

02 20 1011011011 7
13 31 1110001001 5
24 42 1010101001 5
35 53 0111001101 6
46 64 0010000111 4
57 75 1100001111 6
60 06 0011110101 6
71 17 0101001011 5

03 30 1100011001 5 match 2
14 41 0011100010 4 match 3
25 52 0000001111 4 match 4
36 63 1111101100 7 match 5
47 74 0110101001 5 match 6
50 05 1011010100 5
61 16 0001100101 4 match 0
72 27 1100000000 2 match 1

04 40 0001110010 4
15 51 1001000100 3
26 62 1000101110 5
37 73 1011000010 4

Matching output with XOR
0 16 61
1 27 72
2 03 30
3 14 41
4 25 52
5 36 63
6 47 74
7 absent

Left
16 27 30 41 52 63 74 05x
61 72 03 14 25 36 47 50x
Best: XOR16 XOR27 XOR30 XOR41 XOR52 XOR63 XOR74: 7

Right
none
Best: none

AND-NOT
01 0010000000 1
12 0000001010 2
23 0001000000 1
34 1100000011 4
45 0010100100 3
56 1000000000 1
67 0000101010 3
70 0101010001 4

02 0010001010 3
13 0000001000 1
24 1000000001 2
35 0110000101 4
46 0010000100 2
57 1000001010 3
60 0001110001 4
71 0101000001 3

03 0000001000 1
14 0000000010 1
25 0000000101 2
36 1110000100 4
47 0010101000 3
50 1001010000 3
61 0001100001 3
72 0100000000 1

04 0000000010 1
15 0000000100 1
26 1000000100 2
37 1010000010 3
40 0001110000 3
51 1001000000 2
62 0000101010 3
73 0001000000 1

05 0010000100 2
16 0000000100 1
27 1000000000 1
30 1100010001 4
41 0011100000 3
52 0000001010 2
63 0001101000 3
74 0100000001 2

06 0010000100 2
17 0000001010 2
20 1001010001 4
31 1110000001 4
42 0010101000 3
53 0001001000 2
64 0000000011 2
75 0100000101 3

07 0010001010 3
10 0000010000 1
21 1001000001 3
32 0110000010 3
43 0001101000 3
54 1000000010 2
65 0000100001 2
76 0100000100 2

Matching output with AND-NOT
0 absent
1 absent
2 absent
3 absent
4 absent
5 absent
6 absent
7 absent

Left
none
Best: none

Right
none
Best: none

OR-NOT
01 1111101111 9
12 0110111110 7
23 1001111101 7
34 1110010111 7
45 0111111101 8
56 1111011110 8
67 1011111011 8
70 1101110101 7

02 0110101110 6
13 0001111110 6
24 1101010111 7
35 1110110111 8
46 1111111100 8
57 1011111010 7
60 1101111011 8
71 1111110101 8

03 0011101110 6
14 1100011111 7
25 1111110101 8
36 1110010111 7
47 1011111110 8
50 1101111011 8
61 1111111011 9
72 0111111111 9

04 1110001111 7
15 0110111111 8
26 1111010101 7
37 1110111111 9
40 1111111101 9
51 1111111011 9
62 0111111011 8
73 0101111101 7

05 0110101111 7
16 1110011110 7
27 1011111111 9
30 1111110111 9
41 1111111101 9
52 1111111010 8
63 0001111011 6
74 1101010111 7

06 1110001110 6
17 1010111110 7
20 1101110101 7
31 1111110111 9
42 0111111110 8
53 1001111010 6
64 1101111011 8
75 0111110101 7

07 1010101110 6
10 1101111111 9
21 1111110101 8
32 1110111111 9
43 0011111100 6
54 1101011011 7
65 0111111111 9
76 1111010101 7

Matching output with OR-NOT
0 absent
1 absent
2 absent
3 absent
4 absent
5 absent
6 absent
7 absent

Left
none
Best: none

Right
none
Best: none

XOR-NOT
01 1101101111 8
12 0110110100 5
23 1000111101 6
34 0010010100 3
45 0101011001 5
56 0111011110 7
67 1011010001 5
70 1000100100 3

02 0100100100 3
13 0001110110 5
24 0101010110 5
35 1000110010 4
46 1101111000 6
57 0011110000 4
60 1100001010 4
71 1010110100 5

03 0011100110 5
14 1100011101 6
25 1111110000 6
36 0000010011 3
47 1001010110 5
50 0100101011 5
61 1110011010 6
72 0011111111 8

04 1110001101 6
15 0110111011 7
26 0111010001 5
37 0100111101 6
40 1110001101 6
51 0110111011 7
62 0111010001 5
73 0100111101 6

05 0100101011 5
16 1110011010 6
27 0011111111 8
30 0011100110 5
41 1100011101 6
52 1111110000 6
63 0000010011 3
74 1001010110 5

06 1100001010 4
17 1010110100 5
20 0100100100 3
31 0001110110 5
42 0101010110 5
53 1000110010 4
64 1101111000 6
75 0011110000 4

07 1000100100 3
10 1101101111 8
21 0110110100 5
32 1000111101 6
43 0010010100 3
54 0101011001 5
65 0111011110 7
76 1011010001 5

Matching output with XOR-NOT
0 absent
1 absent
2 absent
3 absent
4 absent
5 absent
6 absent
7 absent

Left
none
Best: none

Right
none
Best: none

Selecting

Lefts
Identity none
NOT none
Constant none
AND none
OR none
XOR XOR16 XOR27 XOR30 XOR41 XOR52 XOR63 XOR74: 7
AND-NOT none
OR-NOT none
XOR-NOT none

Rights
Identity I5: 1
NOT none
Constant none
AND none
OR none
XOR none
AND-NOT none
OR-NOT none
XOR-NOT none

Left longest: 7
Right longest: 1

Left winner: Identity no, NOT no, Constant no, AND no, OR no, XOR yes, AND-NOT no, OR-NOT no, XOR-NOT no
Right winner: Identity yes, NOT no, Constant no, AND no, OR no, XOR no, AND-NOT no, OR-NOT no, XOR-NOT no

Best left: XOR16 XOR27 XOR30 XOR41 XOR52 XOR63 XOR74: 7
Best right: I5: 1

Truncated left: XOR16 XOR27 XOR30 XOR41 XOR52 XOR63 XOR74: 7
Truncated right: I5: 1

Tentative from right
7 I5
6 pending
5 pending
4 pending
3 pending
2 pending
1 pending
0 pending

Tentative
0 XOR16
1 XOR27
2 XOR30
3 XOR41
4 XOR52
5 XOR63
6 XOR74
7 I5

Preferred from left
0 XOR16
1 XOR27
2 XOR30
3 XOR41
4 XOR52
5 XOR63
6 XOR74
7 I5

Preferred
0 XOR16
1 XOR27
2 XOR30
3 XOR41
4 XOR52
5 XOR63
6 XOR74
7 I5

Matching
0 XOR16
1 XOR27
2 XOR30
3 XOR41
4 XOR52
5 XOR63
6 XOR74
7 I5

Perfect match
Identity no
NOT no
Constant no
AND no
OR no
XOR no
AND-NOT no
OR-NOT no
XOR-NOT no

Matched
0 XOR16
1 XOR27
2 XOR30
3 XOR41
4 XOR52
5 XOR63
6 XOR74
7 I5

Selected
0 XOR16
1 XOR27
2 XOR30
3 XOR41
4 XOR52
5 XOR63
6 XOR74
7 I5

Applying to 01101010
Input
0 0
1 1
2 1
3 0
4 1
5 0
6 1
7 0
Output
0 XOR16 = XOR(1,1) = 0
1 XOR27 = XOR(1,0) = 1
2 XOR30 = XOR(0,0) = 0
3 XOR41 = XOR(1,1) = 0
4 XOR52 = XOR(0,1) = 1
5 XOR63 = XOR(1,0) = 1
6 XOR74 = XOR(0,1) = 1
7 I5 = 0

I will now return the answer in \boxed{}
The answer in \boxed is
\boxed{01001110}
</think>
\boxed{01001110}