We need to deduce the transformation by matching the example outputs.

Output 1: 01110001
0 0
1 1
2 1
3 1
4 0
5 0
6 0
7 1

Output 2: 00110001
0 0
1 0
2 1
3 1
4 0
5 0
6 0
7 1

Output 3: 01001011
0 0
1 1
2 0
3 0
4 1
5 0
6 1
7 1

Output 4: 10111011
0 1
1 0
2 1
3 1
4 1
5 0
6 1
7 1

Output 5: 01011010
0 0
1 1
2 0
3 1
4 1
5 0
6 1
7 0

Output 6: 00010110
0 0
1 0
2 0
3 1
4 0
5 1
6 1
7 0

Output 7: 00100100
0 0
1 0
2 1
3 0
4 0
5 1
6 0
7 0

Output 8: 10111010
0 1
1 0
2 1
3 1
4 1
5 0
6 1
7 0

Output 9: 01010110
0 0
1 1
2 0
3 1
4 0
5 1
6 1
7 0

Output bit columns (with bitsum as hash)
0 000100010 2
1 101010001 4
2 110100110 5
3 110111011 7
4 001110010 4
5 000001101 3
6 001111011 6
7 111100000 4

Input 1: 00101110
0 0
1 0
2 1
3 0
4 1
5 1
6 1
7 0

Input 2: 00100110
0 0
1 0
2 1
3 0
4 0
5 1
6 1
7 0

Input 3: 01101001
0 0
1 1
2 1
3 0
4 1
5 0
6 0
7 1

Input 4: 01110111
0 0
1 1
2 1
3 1
4 0
5 1
6 1
7 1

Input 5: 01001011
0 0
1 1
2 0
3 0
4 1
5 0
6 1
7 1

Input 6: 11000010
0 1
1 1
2 0
3 0
4 0
5 0
6 1
7 0

Input 7: 10000100
0 1
1 0
2 0
3 0
4 0
5 1
6 0
7 0

Input 8: 01010111
0 0
1 1
2 0
3 1
4 0
5 1
6 1
7 1

Input 9: 11001010
0 1
1 1
2 0
3 0
4 1
5 0
6 1
7 0

Identity
0 000001101 3 match 5
1 001111011 6 match 6
2 111100000 4 match 7
3 000100010 2 match 0
4 101010001 4 match 1
5 110100110 5 match 2
6 110111011 7 match 3
7 001110010 4 match 4

Matching output with Identity
0 3
1 4
2 5
3 6
4 7
5 0
6 1
7 2

Left
3 4 5 6 7 0 1 2
Best: I3 I4 I5 I6 I7 I0 I1 I2: 8

Right
2 1 0 7 6 5 4 3
Best: I2 I1 I0 I7 I6 I5 I4 I3: 8

NOT
0 111110010 6
1 110000100 3
2 000011111 5
3 111011101 7
4 010101110 5
5 001011001 4
6 001000100 2
7 110001101 5

Matching output with NOT
0 absent
1 absent
2 absent
3 absent
4 absent
5 absent
6 absent
7 absent

Left
none
Best: none

Right
none
Best: none

Constant
0 000000000 a
1 111111111 a

Matching output with Constant
0 absent
1 absent
2 absent
3 absent
4 absent
5 absent
6 absent
7 absent

Left
none
Best: none

Right
none
Best: none

AND
01 10 000001001 2
12 21 001100000 2
23 32 000100000 1
34 43 000000000 a
45 54 100000000 1
56 65 110100010 4
67 76 000110010 3
70 07 000000000 a

02 20 000000000 a
13 31 000100010 2 match 0
24 42 101000000 2
35 53 000100010 2 match 0
46 64 100010001 3
57 75 000100010 2 match 0
60 06 000001001 2
71 17 001110010 4 match 4

03 30 000000000 a
14 41 001010001 3
25 52 110100000 3
36 63 000100010 2 match 0
47 74 001010000 2
50 05 000000100 1
61 16 000111011 5
72 27 001100000 2

04 40 000000001 1
15 51 000100010 2 match 0
26 62 110100000 3
37 73 000100010 2 match 0

Matching output with AND
0 13 31 35 53 57 75 36 63 15 51 37 73
1 absent
2 absent
3 absent
4 17 71
5 absent
6 absent
7 absent

Left
13 24x
31 42x
35 46x
53 64x
57 60x
75 06x
36 47x
63 74x
15 26x
51 62x
37 40x
73 04x
Best: AND13: 1

Right
none
Best: none

OR
01 10 001111111 7
12 21 111111011 8
23 32 111100010 5
34 43 101110011 6
45 54 111110111 8
56 65 110111111 8
67 76 111111011 8
70 07 001111111 7

02 20 111101101 7
13 31 001111011 6 match 6
24 42 111110001 6
35 53 110100110 5 match 2
46 64 111111011 8
57 75 111110110 7
60 06 110111111 8
71 17 001111011 6 match 6

03 30 000101111 5
14 41 101111011 7
25 52 111100110 6
36 63 110111011 7 match 3
47 74 101110011 6
50 05 110101111 7
61 16 111111011 8
72 27 111110010 6

04 40 101011101 6
15 51 111111111 a
26 62 111111011 8
37 73 001110010 4 match 4

Matching output with OR
0 absent
1 absent
2 35 53
3 36 63
4 37 73
5 absent
6 13 31 17 71
7 absent

Left
none
Best: none

Right
none
Best: none

XOR
01 10 001110110 5
12 21 110011011 6
23 32 111000010 4
34 43 101110011 6
45 54 011110111 7
56 65 000011101 4
67 76 111001001 5
70 07 001111111 7

02 20 111101101 7
13 31 001011001 4
24 42 010110001 4
35 53 110000100 3
46 64 011101010 5
57 75 111010100 5
60 06 110110110 6
71 17 000001001 2

03 30 000101111 5
14 41 100101010 4
25 52 001000110 3
36 63 110011001 5
47 74 100100011 4
50 05 110101011 6
61 16 111000000 3
72 27 110010010 4

04 40 101011100 5
15 51 111011101 7
26 62 001011011 5
37 73 001010000 2

Matching output with XOR
0 absent
1 absent
2 absent
3 absent
4 absent
5 absent
6 absent
7 absent

Left
none
Best: none

Right
none
Best: none

AND-NOT
01 000000100 1
12 000011011 4
23 111000000 3
34 000100010 2 match 0
45 001010001 3
56 000000100 1
67 110001001 4
70 001110010 4 match 4

02 000001101 3 match 5
13 001011001 4
24 010100000 2
35 000000000 a
46 001000000 1
57 110000100 3
60 110110010 5
71 000000000 a

03 000001101 3 match 5
14 000101010 3
25 001000000 1
36 000000000 a
47 100000001 2
50 110100010 4
61 110000000 2
72 000010010 2

04 000001100 2
15 001011001 4
26 001000000 1
37 000000000 a
40 101010000 3
51 110000100 3
62 000011011 4
73 001010000 2

05 000001001 2
16 001000000 1
27 110000000 2
30 000100010 2 match 0
41 100000000 1
52 000000110 2
63 110011001 5
74 000100010 2 match 0

06 000000100 1
17 000001001 2
20 111100000 4 match 7
31 000000000 a
42 000010001 2
53 110000100 3
64 010101010 4
75 001010000 2

07 000001101 3 match 5
10 001110010 4 match 4
21 110000000 2
32 000000010 1
43 101010001 4 match 1
54 010100110 4
65 000011001 3
76 001000000 1

Matching output with AND-NOT
0 34 30 74
1 43
2 absent
3 absent
4 70 10
5 02 03 07
6 absent
7 20

Left
34 45x
30 41x
74 05x
Best: AND-NOT34: 1

Right
20 17x
Best: AND-NOT20: 1

OR-NOT
01 110001101 5
12 001111111 7
23 111111101 8
34 010101110 5
45 101011001 5
56 111100110 6
67 110111111 8
70 111110010 6

02 000011111 5
13 111111111 a
24 111101110 7
35 001111011 6 match 6
46 101010101 5
57 110101111 7
60 111111011 8
71 111110110 7

03 111011101 7
14 011111111 8
25 111111001 7
36 001100110 4
47 111011101 7
50 111110110 7
61 110111111 8
72 001111111 7

04 010101111 6
15 001111011 6 match 6
26 111100100 5
37 110101111 7
40 111110011 7
51 110100110 5 match 2
62 110111111 8
73 111111111 a

05 001011101 5
16 001111111 7
27 111101101 7
30 111110010 6
41 111010101 6
52 110111111 8
63 111111111 a
74 011111110 7

06 001001101 4
17 111111111 a
20 111110010 6
31 110100110 5 match 2
42 101011111 7
53 111111111 a
64 110111111 8
75 001111011 6 match 6

07 110001101 5
10 111111011 8
21 111100100 5
32 000111111 6
43 111011101 7
54 110101110 6
65 111111011 8
76 001110110 5

Matching output with OR-NOT
0 absent
1 absent
2 51 31
3 absent
4 absent
5 absent
6 35 15 75
7 absent

Left
none
Best: none

Right
none
Best: none

XOR-NOT
01 110001001 4
12 001100100 3
23 000111101 5
34 010001100 3
45 100001000 2
56 111100010 5
67 000110110 4
70 110000000 2

02 000010010 2
13 110100110 5 match 2
24 101001110 5
35 001111011 6 match 6
46 100010101 4
57 000101011 4
60 001001001 3
71 111110110 7

03 111010000 4
14 011010101 5
25 110111001 6
36 001100110 4
47 011011100 5
50 001010100 3
61 000111111 6
72 001101101 5

04 010100011 4
15 000100010 2 match 0
26 110100100 4
37 110101111 7
40 010100011 4
51 000100010 2 match 0
62 110100100 4
73 110101111 7

05 001010100 3
16 000111111 6
27 001101101 5
30 111010000 4
41 011010101 5
52 110111001 6
63 001100110 4
74 011011100 5

06 001001001 3
17 111110110 7
20 000010010 2
31 110100110 5 match 2
42 101001110 5
53 001111011 6 match 6
64 100010101 4
75 000101011 4

07 110000000 2
10 110001001 4
21 001100100 3
32 000111101 5
43 010001100 3
54 100001000 2
65 111100010 5
76 000110110 4

Matching output with XOR-NOT
0 15 51
1 absent
2 13 31
3 absent
4 absent
5 absent
6 35 53
7 absent

Left
15 26x
51 62x
Best: XOR-NOT15: 1

Right
none
Best: none

Selecting

Lefts
Identity I3 I4 I5 I6 I7 I0 I1 I2: 8
NOT none
Constant none
AND AND13: 1
OR none
XOR none
AND-NOT AND-NOT34: 1
OR-NOT none
XOR-NOT XOR-NOT15: 1

Rights
Identity I2 I1 I0 I7 I6 I5 I4 I3: 8
NOT none
Constant none
AND none
OR none
XOR none
AND-NOT AND-NOT20: 1
OR-NOT none
XOR-NOT none

Left longest: 8
Right longest: 8

Left winner: Identity yes, NOT no, Constant no, AND no, OR no, XOR no, AND-NOT no, OR-NOT no, XOR-NOT no
Right winner: Identity yes, NOT no, Constant no, AND no, OR no, XOR no, AND-NOT no, OR-NOT no, XOR-NOT no

Best left: I3 I4 I5 I6 I7 I0 I1 I2: 8
Best right: I2 I1 I0 I7 I6 I5 I4 I3: 8

Truncated left: I3 I4 I5 I6 I7 I0 I1 I2: 8
Truncated right: none

Tentative from right
7 pending
6 pending
5 pending
4 pending
3 pending
2 pending
1 pending
0 pending

Tentative
0 I3
1 I4
2 I5
3 I6
4 I7
5 I0
6 I1
7 I2

Preferred from left
0 I3
1 I4
2 I5
3 I6
4 I7
5 I0
6 I1
7 I2

Preferred
0 I3
1 I4
2 I5
3 I6
4 I7
5 I0
6 I1
7 I2

Matching
0 I3
1 I4
2 I5
3 I6
4 I7
5 I0
6 I1
7 I2

Perfect match
Identity no
NOT no
Constant no
AND no
OR no
XOR no
AND-NOT no
OR-NOT no
XOR-NOT no

Matched
0 I3
1 I4
2 I5
3 I6
4 I7
5 I0
6 I1
7 I2

Selected
0 I3
1 I4
2 I5
3 I6
4 I7
5 I0
6 I1
7 I2

Applying to 11011111
Input
0 1
1 1
2 0
3 1
4 1
5 1
6 1
7 1
Output
0 I3 = 1
1 I4 = 1
2 I5 = 1
3 I6 = 1
4 I7 = 1
5 I0 = 1
6 I1 = 1
7 I2 = 0

I will now return the answer in \boxed{}
The answer in \boxed is
\boxed{11111110}
</think>
\boxed{11111110}