We need to deduce the transformation by matching the example outputs.

Output 1: 01001111
0 0
1 1
2 0
3 0
4 1
5 1
6 1
7 1

Output 2: 11010100
0 1
1 1
2 0
3 1
4 0
5 1
6 0
7 0

Output 3: 00011110
0 0
1 0
2 0
3 1
4 1
5 1
6 1
7 0

Output 4: 11001101
0 1
1 1
2 0
3 0
4 1
5 1
6 0
7 1

Output 5: 01001011
0 0
1 1
2 0
3 0
4 1
5 0
6 1
7 1

Output 6: 01111011
0 0
1 1
2 1
3 1
4 1
5 0
6 1
7 1

Output 7: 10010101
0 1
1 0
2 0
3 1
4 0
5 1
6 0
7 1

Output 8: 11100111
0 1
1 1
2 1
3 0
4 0
5 1
6 1
7 1

Output 9: 00111111
0 0
1 0
2 1
3 1
4 1
5 1
6 1
7 1

Output bit columns (with bitsum as hash)
0 010100110 4
1 110111010 6
2 000001011 3
3 011001101 5
4 101111001 6
5 111100111 7
6 101011011 6
7 100111111 7

Input 1: 10000010
0 1
1 0
2 0
3 0
4 0
5 0
6 1
7 0

Input 2: 00001101
0 0
1 0
2 0
3 0
4 1
5 1
6 0
7 1

Input 3: 01001110
0 0
1 1
2 0
3 0
4 1
5 1
6 1
7 0

Input 4: 10111011
0 1
1 0
2 1
3 1
4 1
5 0
6 1
7 1

Input 5: 01111101
0 0
1 1
2 1
3 1
4 1
5 1
6 0
7 1

Input 6: 00010000
0 0
1 0
2 0
3 1
4 0
5 0
6 0
7 0

Input 7: 10101000
0 1
1 0
2 1
3 0
4 1
5 0
6 0
7 0

Input 8: 01100000
0 0
1 1
2 1
3 0
4 0
5 0
6 0
7 0

Input 9: 10110101
0 1
1 0
2 1
3 1
4 0
5 1
6 0
7 1

Identity
0 100100101 4
1 001010010 3
2 000110111 5
3 000111001 4
4 011110100 5
5 011010001 4
6 101100000 3
7 010110001 4

Matching output with Identity
0 absent
1 absent
2 absent
3 absent
4 absent
5 absent
6 absent
7 absent

Left
none
Best: none

Right
none
Best: none

NOT
0 011011010 5
1 110101101 6
2 111001000 4
3 111000110 5
4 100001011 4
5 100101110 5
6 010011111 6
7 101001110 5

Matching output with NOT
0 absent
1 absent
2 absent
3 absent
4 absent
5 absent
6 absent
7 absent

Left
none
Best: none

Right
none
Best: none

Constant
0 000000000 a
1 111111111 a

Matching output with Constant
0 absent
1 absent
2 absent
3 absent
4 absent
5 absent
6 absent
7 absent

Left
none
Best: none

Right
none
Best: none

AND
01 10 000000000 a
12 21 000010010 2
23 32 000110001 3
34 43 000110000 2
45 54 011010000 3
56 65 001000000 1
67 76 000100000 1
70 07 000100001 2

02 20 000100101 3
13 31 000010000 1
24 42 000110100 3
35 53 000010001 2
46 64 001100000 2
57 75 010010001 3
60 06 100100000 2
71 17 000010000 1

03 30 000100001 2
14 41 001010000 2
25 52 000010001 2
36 63 000100000 1
47 74 010110000 3
50 05 000000001 1
61 16 001000000 1
72 27 000110001 3

04 40 000100100 2
15 51 001010000 2
26 62 000100000 1
37 73 000110001 3

Matching output with AND
0 absent
1 absent
2 absent
3 absent
4 absent
5 absent
6 absent
7 absent

Left
none
Best: none

Right
none
Best: none

OR
01 10 101110111 7
12 21 001110111 6
23 32 000111111 6
34 43 011111101 7
45 54 011110101 6
56 65 111110001 6
67 76 111110001 6
70 07 110110101 6

02 20 100110111 6
13 31 001111011 6
24 42 011110111 7
35 53 011111001 6
46 64 111110100 6
57 75 011110001 5
60 06 101100101 5
71 17 011110011 6

03 30 100111101 6
14 41 011110110 6
25 52 011110111 7
36 63 101111001 6 match 4
47 74 011110101 6
50 05 111110101 7
61 16 101110010 5
72 27 010110111 6

04 40 111110101 7
15 51 011010011 5
26 62 101110111 7
37 73 010111001 5

Matching output with OR
0 absent
1 absent
2 absent
3 absent
4 36 63
5 absent
6 absent
7 absent

Left
none
Best: none

Right
none
Best: none

XOR
01 10 101110111 7
12 21 001100101 4
23 32 000001110 3
34 43 011001101 5 match 3
45 54 000100101 3
56 65 110110001 5
67 76 111010001 5
70 07 110010100 4

02 20 100010010 3
13 31 001101011 5
24 42 011000011 4
35 53 011101000 4
46 64 110010100 4
57 75 001100000 2
60 06 001000101 3
71 17 011100011 5

03 30 100011100 4
14 41 010100110 4 match 0
25 52 011100110 5
36 63 101011001 5
47 74 001000101 3
50 05 111110100 6
61 16 100110010 4
72 27 010000110 3

04 40 111010001 5
15 51 010000011 3
26 62 101010111 6
37 73 010001000 2

Matching output with XOR
0 14 41
1 absent
2 absent
3 34 43
4 absent
5 absent
6 absent
7 absent

Left
14 25x
41 52x
Best: XOR14: 1

Right
none
Best: none

AND-NOT
01 100100101 4
12 001000000 1
23 000000110 2
34 000001001 2
45 000100100 2
56 010010001 3
67 101000000 2
70 010010000 2

02 100000000 1
13 001000010 2
24 000000011 2
35 000101000 2
46 010010100 3
57 001000000 1
60 001000000 1
71 010100001 3

03 100000100 2
14 000000010 1
25 000100110 3
36 000011001 3
47 001000100 2
50 011010000 3
61 100100000 2
72 010000000 1

04 100000001 2
15 000000010 1
26 000010111 4
37 000001000 1
40 011010000 3
51 010000001 2
62 101000000 2
73 010000000 1

05 100100100 3
16 000010010 2
27 000000110 2
30 000011000 2
41 010100100 3
52 011000000 2
63 101000000 2
74 000000001 1

06 000000101 2
17 001000010 2
20 000010010 2
31 000101001 3
42 011000000 2
53 011000000 2
64 100000000 1
75 000100000 1

07 100000100 2
10 001010010 3
21 000100101 3
32 000001000 1
43 011000100 3
54 000000001 1
65 100100000 2
76 010010001 3

Matching output with AND-NOT
0 absent
1 absent
2 absent
3 absent
4 absent
5 absent
6 absent
7 absent

Left
none
Best: none

Right
none
Best: none

OR-NOT
01 110101101 6
12 111011010 6
23 111110111 8
34 100111011 6
45 111111110 8
56 011011111 7
67 101101110 6
70 011111011 7

02 111101101 7
13 111010110 6
24 100111111 7 match 7
35 100111111 7 match 7
46 011111111 8
57 111011111 8
60 111111010 7
71 110111101 7

03 111100111 7 match 5
14 101011011 6 match 6
25 100111111 7 match 7
36 010111111 7
47 111111110 8
50 011011011 6
61 111101101 7
72 111111001 7

04 100101111 6
15 101111110 7
26 010111111 7
37 101111111 8
40 011111110 7
51 111111101 8
62 111101000 5
73 111110111 8

05 100101111 6
16 011011111 7
27 101111111 8
30 011111011 7
41 111111101 8
52 111011001 6
63 111100110 6
74 110111011 7

06 110111111 8
17 101011110 6
20 011111111 8
31 110111101 7
42 111111100 7
53 111010111 7
64 101101011 6
75 110111111 8

07 101101111 7
10 011011010 5
21 110111111 8
32 111111001 7
43 111110110 7
54 111011011 7
65 101101110 6
76 010111111 7

Matching output with OR-NOT
0 absent
1 absent
2 absent
3 absent
4 absent
5 03
6 14
7 24 35 25

Left
none
Best: none

Right
24 13x
35 24x
25 14 03 72x
Best: OR-NOT25 OR-NOT14 OR-NOT03: 3

XOR-NOT
01 010001000 2
12 110011010 5
23 111110001 6
34 100110010 4
45 111011010 6
56 001001110 4
67 000101110 4
70 001101011 5

02 011101101 6
13 110010100 4
24 100111100 5
35 100010111 5
46 001101011 5
57 110011111 7
60 110111010 6 match 1
71 100011100 4

03 011100011 5
14 101011001 5
25 100011001 4
36 010100110 4 match 0
47 110111010 6 match 1
50 000001011 3 match 2
61 011001101 5 match 3
72 101111001 6 match 4

04 000101110 4
15 101111100 6
26 010101000 3
37 101110111 7
40 000101110 4
51 101111100 6
62 010101000 3
73 101110111 7

05 000001011 3 match 2
16 011001101 5 match 3
27 101111001 6 match 4
30 011100011 5
41 101011001 5
52 100011001 4
63 010100110 4 match 0
74 110111010 6 match 1

06 110111010 6 match 1
17 100011100 4
20 011101101 6
31 110010100 4
42 100111100 5
53 100010111 5
64 001101011 5
75 110011111 7

07 001101011 5
10 010001000 2
21 110011010 5
32 111110001 6
43 100110010 4
54 111011010 6
65 001001110 4
76 000101110 4

Matching output with XOR-NOT
0 36 63
1 60 47 74 06
2 50 05
3 61 16
4 72 27
5 absent
6 absent
7 absent

Left
36 47 50 61 72 03x
63 74 05 16 27 30x
Best: XOR-NOT36 XOR-NOT47 XOR-NOT50 XOR-NOT61 XOR-NOT72: 5

Right
none
Best: none

Selecting

Lefts
Identity none
NOT none
Constant none
AND none
OR none
XOR XOR14: 1
AND-NOT none
OR-NOT none
XOR-NOT XOR-NOT36 XOR-NOT47 XOR-NOT50 XOR-NOT61 XOR-NOT72: 5

Rights
Identity none
NOT none
Constant none
AND none
OR none
XOR none
AND-NOT none
OR-NOT OR-NOT25 OR-NOT14 OR-NOT03: 3
XOR-NOT none

Left longest: 5
Right longest: 3

Left winner: Identity no, NOT no, Constant no, AND no, OR no, XOR no, AND-NOT no, OR-NOT no, XOR-NOT yes
Right winner: Identity no, NOT no, Constant no, AND no, OR no, XOR no, AND-NOT no, OR-NOT yes, XOR-NOT no

Best left: XOR-NOT36 XOR-NOT47 XOR-NOT50 XOR-NOT61 XOR-NOT72: 5
Best right: OR-NOT25 OR-NOT14 OR-NOT03: 3

Truncated left: XOR-NOT36 XOR-NOT47 XOR-NOT50 XOR-NOT61 XOR-NOT72: 5
Truncated right: OR-NOT25 OR-NOT14 OR-NOT03: 3

Tentative from right
7 OR-NOT25
6 OR-NOT14
5 OR-NOT03
4 pending
3 pending
2 pending
1 pending
0 pending

Tentative
0 XOR-NOT36
1 XOR-NOT47
2 XOR-NOT50
3 XOR-NOT61
4 XOR-NOT72
5 OR-NOT03
6 OR-NOT14
7 OR-NOT25

Preferred from left
0 XOR-NOT36
1 XOR-NOT47
2 XOR-NOT50
3 XOR-NOT61
4 XOR-NOT72
5 OR-NOT03
6 OR-NOT14
7 OR-NOT25

Preferred
0 XOR-NOT36
1 XOR-NOT47
2 XOR-NOT50
3 XOR-NOT61
4 XOR-NOT72
5 OR-NOT03
6 OR-NOT14
7 OR-NOT25

Matching
0 XOR-NOT36
1 XOR-NOT47
2 XOR-NOT50
3 XOR-NOT61
4 XOR-NOT72
5 OR-NOT03
6 OR-NOT14
7 OR-NOT25

Perfect match
Identity no
NOT no
Constant no
AND no
OR no
XOR no
AND-NOT no
OR-NOT no
XOR-NOT no

Matched
0 XOR-NOT36
1 XOR-NOT47
2 XOR-NOT50
3 XOR-NOT61
4 XOR-NOT72
5 OR-NOT03
6 OR-NOT14
7 OR-NOT25

Selected
0 XOR-NOT36
1 XOR-NOT47
2 XOR-NOT50
3 XOR-NOT61
4 XOR-NOT72
5 OR-NOT03
6 OR-NOT14
7 OR-NOT25

Applying to 00100011
Input
0 0
1 0
2 1
3 0
4 0
5 0
6 1
7 1
Output
0 XOR-NOT36 = XOR(0,NOT(1)) = 0
1 XOR-NOT47 = XOR(0,NOT(1)) = 0
2 XOR-NOT50 = XOR(0,NOT(0)) = 1
3 XOR-NOT61 = XOR(1,NOT(0)) = 0
4 XOR-NOT72 = XOR(1,NOT(1)) = 1
5 OR-NOT03 = OR(0,NOT(0)) = 1
6 OR-NOT14 = OR(0,NOT(0)) = 1
7 OR-NOT25 = OR(1,NOT(0)) = 1

I will now return the answer in \boxed{}
The answer in \boxed is
\boxed{00101111}
</think>
\boxed{00101111}