We need to deduce the transformation by matching the example outputs.

Output 1: 01100101
0 0
1 1
2 1
3 0
4 0
5 1
6 0
7 1

Output 2: 11110111
0 1
1 1
2 1
3 1
4 0
5 1
6 1
7 1

Output 3: 00101010
0 0
1 0
2 1
3 0
4 1
5 0
6 1
7 0

Output 4: 10111011
0 1
1 0
2 1
3 1
4 1
5 0
6 1
7 1

Output 5: 01100000
0 0
1 1
2 1
3 0
4 0
5 0
6 0
7 0

Output 6: 00000101
0 0
1 0
2 0
3 0
4 0
5 1
6 0
7 1

Output 7: 01100111
0 0
1 1
2 1
3 0
4 0
5 1
6 1
7 1

Output 8: 00110001
0 0
1 0
2 1
3 1
4 0
5 0
6 0
7 1

Output bit columns (with bitsum as hash)
0 01010000 2
1 11001010 4
2 11111011 7
3 01010001 3
4 00110000 2
5 11000110 4
6 01110010 4
7 11010111 6

Input 1: 01010110
0 0
1 1
2 0
3 1
4 0
5 1
6 1
7 0

Input 2: 01101111
0 0
1 1
2 1
3 0
4 1
5 1
6 1
7 1

Input 3: 10000010
0 1
1 0
2 0
3 0
4 0
5 0
6 1
7 0

Input 4: 10011011
0 1
1 0
2 0
3 1
4 1
5 0
6 1
7 1

Input 5: 00000110
0 0
1 0
2 0
3 0
4 0
5 1
6 1
7 0

Input 6: 01010000
0 0
1 1
2 0
3 1
4 0
5 0
6 0
7 0

Input 7: 01110110
0 0
1 1
2 1
3 1
4 0
5 1
6 1
7 0

Input 8: 00010011
0 0
1 0
2 0
3 1
4 0
5 0
6 1
7 1

Identity
0 00110000 2 match 4
1 11000110 4 match 5
2 01000010 2
3 10010111 5
4 01010000 2 match 0
5 11001010 4 match 1
6 11111011 7 match 2
7 01010001 3 match 3

Matching output with Identity
0 4
1 5
2 6
3 7
4 0
5 1
6 absent
7 absent

Left
4 5 6 7 0 1 2x
Best: I4 I5 I6 I7 I0 I1: 6

Right
none
Best: none

NOT
0 11001111 6
1 00111001 4
2 10111101 6
3 01101000 3
4 10101111 6
5 00110101 4
6 00000100 1
7 10101110 5

Matching output with NOT
0 absent
1 absent
2 absent
3 absent
4 absent
5 absent
6 absent
7 absent

Left
none
Best: none

Right
none
Best: none

Constant
0 00000000 a
1 11111111 a

Matching output with Constant
0 absent
1 absent
2 absent
3 absent
4 absent
5 absent
6 absent
7 absent

Left
none
Best: none

Right
none
Best: none

AND
01 10 00000000 a
12 21 01000010 2
23 32 00000010 1
34 43 00010000 1
45 54 01000000 1
56 65 11001010 4 match 1
67 76 01010001 3 match 3
70 07 00010000 1

02 20 00000000 a
13 31 10000110 3
24 42 01000000 1
35 53 10000010 2
46 64 01010000 2 match 0
57 75 01000000 1
60 06 00110000 2 match 4
71 17 01000000 1

03 30 00010000 1
14 41 01000000 1
25 52 01000010 2
36 63 10010011 4
47 74 01010000 2 match 0
50 05 00000000 a
61 16 11000010 3
72 27 01000000 1

04 40 00010000 1
15 51 11000010 3
26 62 01000010 2
37 73 00010001 2

Matching output with AND
0 46 64 47 74
1 56 65
2 absent
3 67 76
4 06 60
5 absent
6 absent
7 absent

Left
46 57x
64 75x
47 50x
74 05x
Best: AND46: 1

Right
none
Best: none

OR
01 10 11110110 6
12 21 11000110 4 match 5
23 32 11010111 6 match 7
34 43 11010111 6 match 7
45 54 11011010 5
56 65 11111011 7 match 2
67 76 11111011 7 match 2
70 07 01110001 4

02 20 01110010 4 match 6
13 31 11010111 6 match 7
24 42 01010010 3
35 53 11011111 7
46 64 11111011 7 match 2
57 75 11011011 6
60 06 11111011 7 match 2
71 17 11010111 6 match 7

03 30 10110111 6
14 41 11010110 5
25 52 11001010 4 match 1
36 63 11111111 a
47 74 01010001 3 match 3
50 05 11111010 6
61 16 11111111 a
72 27 01010011 4

04 40 01110000 3
15 51 11001110 5
26 62 11111011 7 match 2
37 73 11010111 6 match 7

Matching output with OR
0 absent
1 25 52
2 56 65 67 76 46 64 06 60 26 62
3 47 74
4 absent
5 12 21
6 02 20
7 23 32 34 43 13 31 17 71 37 73

Left
none
Best: none

Right
23 12x
32 21x
34 23x
43 32x
13 02 71x
31 20 17x
17 06x
71 60x
37 26x
73 62x
Best: OR13 OR02: 2

XOR
01 10 11110110 6
12 21 10000100 2
23 32 11010101 5
34 43 11000111 5
45 54 10011010 4
56 65 00110001 3
67 76 10101010 4
70 07 01100001 3

02 20 01110010 4 match 6
13 31 01010001 3 match 3
24 42 00010010 2
35 53 01011101 5
46 64 10101011 5
57 75 10011011 5
60 06 11001011 5
71 17 10010111 5

03 30 10100111 5
14 41 10010110 4
25 52 10001000 2
36 63 01101100 4
47 74 00000001 1
50 05 11111010 6
61 16 00111101 5
72 27 00010011 3

04 40 01100000 2
15 51 00001100 2
26 62 10111001 5
37 73 11000110 4 match 5

Matching output with XOR
0 absent
1 absent
2 absent
3 13 31
4 absent
5 37 73
6 02 20
7 absent

Left
none
Best: none

Right
none
Best: none

AND-NOT
01 00110000 2 match 4
12 10000100 2
23 01000000 1
34 10000111 4
45 00010000 1
56 00000000 a
67 10101010 4
70 01000001 2

02 00110000 2 match 4
13 01000000 1
24 00000010 1
35 00010101 3
46 00000000 a
57 10001010 3
60 11001011 5
71 00010001 2

03 00100000 1
14 10000110 3
25 00000000 a
36 00000100 1
47 00000000 a
50 11001010 4 match 1
61 00111001 4
72 00010001 2

04 00100000 1
15 00000100 1
26 00000000 a
37 10000110 3
40 01000000 1
51 00001000 1
62 10111001 5
73 01000000 1

05 00110000 2 match 4
16 00000100 1
27 00000010 1
30 10000111 4
41 00010000 1
52 10001000 2
63 01101000 3
74 00000001 1

06 00000000 a
17 10000110 3
20 01000010 2
31 00010001 2
42 00010000 1
53 01001000 2
64 10101011 5
75 00010001 2

07 00100000 1
10 11000110 4 match 5
21 00000000 a
32 10010101 4
43 01000000 1
54 10001010 3
65 00110001 3
76 00000000 a

Matching output with AND-NOT
0 absent
1 50
2 absent
3 absent
4 01 02 05
5 10
6 absent
7 absent

Left
none
Best: none

Right
none
Best: none

OR-NOT
01 00111001 4
12 11111111 a
23 01101010 4
34 10111111 7
45 01110101 5
56 11001110 5
67 11111111 a
70 11011111 7

02 10111101 6
13 11101110 6
24 11101111 7
35 10110111 6
46 01010100 3
57 11101110 6
60 11111111 a
71 01111001 5

03 01111000 4
14 11101111 7
25 01110111 6
36 10010111 5
47 11111110 7
50 11001111 6
61 11111011 7 match 2
72 11111101 7

04 10111111 7
15 11110111 7
26 01000110 3
37 10111111 7
40 11011111 7
51 11111011 7 match 2
62 11111111 a
73 01111001 5

05 00110101 4
16 11000110 4 match 5
27 11101110 6
30 11011111 7
41 01111001 5
52 11111111 a
63 11111011 7 match 2
74 11111111 a

06 00110100 3
17 11101110 6
20 11001111 6
31 10111111 7
42 11111101 7
53 11101010 5
64 11111111 a
75 01110101 5

07 10111110 6
10 11001111 6
21 01111011 6
32 10111111 7
43 01111000 4
54 11101111 7
65 11111111 a
76 01010101 4

Matching output with OR-NOT
0 absent
1 absent
2 61 51 63
3 absent
4 absent
5 16
6 absent
7 absent

Left
none
Best: none

Right
none
Best: none

XOR-NOT
01 00001001 2
12 01111011 6
23 00101010 3
34 00111000 3
45 01100101 4
56 11001110 5
67 01010101 4
70 10011110 5

02 10001101 4
13 10101110 5
24 11101101 6
35 10100010 3
46 01010100 3
57 01100100 3
60 00110100 3
71 01101000 3

03 01011000 3
14 01101001 4
25 01110111 6
36 10010011 4
47 11111110 7
50 00000101 2
61 11000010 3
72 11101100 5

04 10011111 6
15 11110011 6
26 01000110 3
37 00111001 4
40 10011111 6
51 11110011 6
62 01000110 3
73 00111001 4

05 00000101 2
16 11000010 3
27 11101100 5
30 01011000 3
41 01101001 4
52 01110111 6
63 10010011 4
74 11111110 7

06 00110100 3
17 01101000 3
20 10001101 4
31 10101110 5
42 11101101 6
53 10100010 3
64 01010100 3
75 01100100 3

07 10011110 5
10 00001001 2
21 01111011 6
32 00101010 3
43 00111000 3
54 01100101 4
65 11001110 5
76 01010101 4

Matching output with XOR-NOT
0 absent
1 absent
2 absent
3 absent
4 absent
5 absent
6 absent
7 absent

Left
none
Best: none

Right
none
Best: none

Selecting

Lefts
Identity I4 I5 I6 I7 I0 I1: 6
NOT none
Constant none
AND AND46: 1
OR none
XOR none
AND-NOT none
OR-NOT none
XOR-NOT none

Rights
Identity none
NOT none
Constant none
AND none
OR OR13 OR02: 2
XOR none
AND-NOT none
OR-NOT none
XOR-NOT none

Left longest: 6
Right longest: 2

Left winner: Identity yes, NOT no, Constant no, AND no, OR no, XOR no, AND-NOT no, OR-NOT no, XOR-NOT no
Right winner: Identity no, NOT no, Constant no, AND no, OR yes, XOR no, AND-NOT no, OR-NOT no, XOR-NOT no

Best left: I4 I5 I6 I7 I0 I1: 6
Best right: OR13 OR02: 2

Truncated left: I4 I5 I6 I7 I0 I1: 6
Truncated right: OR13 OR02: 2

Tentative from right
7 OR13
6 OR02
5 pending
4 pending
3 pending
2 pending
1 pending
0 pending

Tentative
0 I4
1 I5
2 I6
3 I7
4 I0
5 I1
6 OR02
7 OR13

Preferred from left
0 I4
1 I5
2 I6
3 I7
4 I0
5 I1
6 OR02
7 OR13

Preferred
0 I4
1 I5
2 I6
3 I7
4 I0
5 I1
6 OR02
7 OR13

Matching
0 I4
1 I5
2 I6
3 I7
4 I0
5 I1
6 OR02
7 OR13

Perfect match
Identity no
NOT no
Constant no
AND no
OR no
XOR no
AND-NOT no
OR-NOT no
XOR-NOT no

Matched
0 I4
1 I5
2 I6
3 I7
4 I0
5 I1
6 OR02
7 OR13

Selected
0 I4
1 I5
2 I6
3 I7
4 I0
5 I1
6 OR02
7 OR13

Applying to 00100101
Input
0 0
1 0
2 1
3 0
4 0
5 1
6 0
7 1
Output
0 I4 = 0
1 I5 = 1
2 I6 = 0
3 I7 = 1
4 I0 = 0
5 I1 = 0
6 OR02 = OR(0,1) = 1
7 OR13 = OR(0,0) = 0

I will now return the answer in \boxed{}
The answer in \boxed is
\boxed{01010010}
</think>
\boxed{01010010}