We need to deduce the transformation by matching the example outputs.

Output 1: 00001110
0 0
1 0
2 0
3 0
4 1
5 1
6 1
7 0

Output 2: 00101000
0 0
1 0
2 1
3 0
4 1
5 0
6 0
7 0

Output 3: 11111101
0 1
1 1
2 1
3 1
4 1
5 1
6 0
7 1

Output 4: 11101111
0 1
1 1
2 1
3 0
4 1
5 1
6 1
7 1

Output 5: 10110101
0 1
1 0
2 1
3 1
4 0
5 1
6 0
7 1

Output 6: 01010010
0 0
1 1
2 0
3 1
4 0
5 0
6 1
7 0

Output 7: 10011111
0 1
1 0
2 0
3 1
4 1
5 1
6 1
7 1

Output 8: 11100110
0 1
1 1
2 1
3 0
4 0
5 1
6 1
7 0

Output 9: 00010100
0 0
1 0
2 0
3 1
4 0
5 1
6 0
7 0

Output bit columns (with bitsum as hash)
0 001110110 5
1 001101010 4
2 011110010 5
3 001011101 5
4 111100100 5
5 101110111 7
6 100101110 5
7 001110100 4

Input 1: 01000001
0 0
1 1
2 0
3 0
4 0
5 0
6 0
7 1

Input 2: 00000110
0 0
1 0
2 0
3 0
4 0
5 1
6 1
7 0

Input 3: 10101010
0 1
1 0
2 1
3 0
4 1
5 0
6 1
7 0

Input 4: 01101001
0 0
1 1
2 1
3 0
4 1
5 0
6 0
7 1

Input 5: 10100100
0 1
1 0
2 1
3 0
4 0
5 1
6 0
7 0

Input 6: 01001100
0 0
1 1
2 0
3 0
4 1
5 1
6 0
7 0

Input 7: 11100010
0 1
1 1
2 1
3 0
4 0
5 0
6 1
7 0

Input 8: 01010111
0 0
1 1
2 0
3 1
4 0
5 1
6 1
7 1

Input 9: 00000011
0 0
1 0
2 0
3 0
4 0
5 0
6 1
7 1

Identity
0 001010100 3
1 100101110 5 match 6
2 001110100 4 match 7
3 000000010 1
4 001101000 3
5 010011010 4
6 011000111 5
7 100100011 4

Matching output with Identity
0 absent
1 absent
2 absent
3 absent
4 absent
5 absent
6 1
7 2

Left
none
Best: none

Right
2 1 0x
Best: I2 I1: 2

NOT
0 110101011 6
1 011010001 4
2 110001011 5
3 111111101 8
4 110010111 6
5 101100101 5
6 100111000 4
7 011011100 5

Matching output with NOT
0 absent
1 absent
2 absent
3 absent
4 absent
5 absent
6 absent
7 absent

Left
none
Best: none

Right
none
Best: none

Constant
0 000000000 a
1 111111111 a

Matching output with Constant
0 absent
1 absent
2 absent
3 absent
4 absent
5 absent
6 absent
7 absent

Left
none
Best: none

Right
none
Best: none

AND
01 10 000000100 1
12 21 000100100 2
23 32 000000000 a
34 43 000000000 a
45 54 000001000 1
56 65 010000010 2
67 76 000000011 2
70 07 000000000 a

02 20 001010100 3
13 31 000000010 1
24 42 001100000 2
35 53 000000010 1
46 64 001000000 1
57 75 000000010 1
60 06 001000100 2
71 17 100100010 3

03 30 000000000 a
14 41 000101000 2
25 52 000010000 1
36 63 000000010 1
47 74 000100000 1
50 05 000010000 1
61 16 000000110 2
72 27 000100000 1

04 40 001000000 1
15 51 000001010 2
26 62 001000100 2
37 73 000000010 1

Matching output with AND
0 absent
1 absent
2 absent
3 absent
4 absent
5 absent
6 absent
7 absent

Left
none
Best: none

Right
none
Best: none

OR
01 10 101111110 7
12 21 101111110 7
23 32 001110110 5 match 0
34 43 001101010 4 match 1
45 54 011111010 6
56 65 011011111 7
67 76 111100111 7
70 07 101110111 7 match 5

02 20 001110100 4 match 7
13 31 100101110 5 match 6
24 42 001111100 5
35 53 010011010 4
46 64 011101111 7
57 75 110111011 7
60 06 011010111 6
71 17 100101111 6

03 30 001010110 4
14 41 101101110 6
25 52 011111110 7
36 63 011000111 5
47 74 101101011 6
50 05 011011110 6
61 16 111101111 8
72 27 101110111 7 match 5

04 40 001111100 5
15 51 110111110 7
26 62 011110111 7
37 73 100100011 4

Matching output with OR
0 23 32
1 34 43
2 absent
3 absent
4 absent
5 07 70 27 72
6 13 31
7 02 20

Left
23 34 45x
32 43 54x
Best: OR23 OR34: 2

Right
02 71x
20 17x
Best: OR02: 1

XOR
01 10 101111010 6
12 21 101011010 5
23 32 001110110 5 match 0
34 43 001101010 4 match 1
45 54 011110010 5 match 2
56 65 001011101 5 match 3
67 76 111100100 5 match 4
70 07 101110111 7 match 5

02 20 000100000 1
13 31 100101100 4
24 42 000011100 3
35 53 010011000 3
46 64 010101111 6
57 75 110111001 6
60 06 010010011 4
71 17 000001101 3

03 30 001010110 4
14 41 101000110 4
25 52 011101110 6
36 63 011000101 4
47 74 101001011 5
50 05 011001110 5
61 16 111101001 6
72 27 101010111 6

04 40 000111100 4
15 51 110110100 5
26 62 010110011 5
37 73 100100001 3

Matching output with XOR
0 23 32
1 34 43
2 45 54
3 56 65
4 67 76
5 07 70
6 absent
7 absent

Left
23 34 45 56 67 70 01x
32 43 54 65 76 07 10x
Best: XOR23 XOR34 XOR45 XOR56 XOR67 XOR70: 6

Right
none
Best: none

AND-NOT
01 001010000 2
12 100001010 3
23 001110100 4 match 7
34 000000010 1
45 001100000 2
56 000011000 2
67 011000100 3
70 100100011 4

02 000000000 a
13 100101100 4
24 000010100 2
35 000000000 a
46 000101000 2
57 010011000 3
60 010000011 3
71 000000001 1

03 001010100 3
14 100000110 3
25 001100100 3
36 000000000 a
47 001001000 2
50 010001010 3
61 011000001 3
72 100000011 3

04 000010100 2
15 100100100 3
26 000110000 2
37 000000000 a
40 000101000 2
51 010010000 2
62 010000011 3
73 100100001 3

05 001000100 2
16 100101000 3
27 001010100 3
30 000000010 1
41 001000000 1
52 010001010 3
63 011000101 4
74 100000011 3

06 000010000 1
17 000001100 2
20 000100000 1
31 000000000 a
42 000001000 1
53 010011000 3
64 010000111 4
75 100100001 3

07 001010100 3
10 100101010 4
21 001010000 2
32 000000010 1
43 001101000 3
54 010010010 3
65 001000101 3
76 100100000 2

Matching output with AND-NOT
0 absent
1 absent
2 absent
3 absent
4 absent
5 absent
6 absent
7 23

Left
none
Best: none

Right
23 12x
Best: AND-NOT23: 1

OR-NOT
01 011010101 5
12 110101111 7
23 111111101 8
34 110010111 6
45 101101101 6
56 110111010 6
67 011011111 7
70 110101011 6

02 111011111 8
13 111111111 a
24 111110111 8
35 101100111 6
46 101111000 5
57 011011110 6
60 111101111 8
71 111110011 7

03 111111101 8
14 110111111 8
25 101110101 6
36 100111010 5
47 011111100 6
50 110111011 7
61 011010111 6
72 110101011 6

04 111010111 7
15 101101111 7
26 101111100 6
37 011011110 6
40 111101011 7
51 011011011 6
62 111001111 7
73 111111111 a

05 101110101 6
16 100111110 6
27 011111100 6
30 110101011 6
41 011111001 6
52 110011011 6
63 111111111 a
74 110110111 7

06 101111100 6
17 111111110 8
20 111111111 a
31 011010011 5
42 111101011 7
53 111111111 a
64 111010111 7
75 101100111 6

07 011011100 5
10 110101111 7
21 011110101 6
32 110001011 5
43 111111101 8
54 110011111 7
65 111100111 7
76 100111011 6

Matching output with OR-NOT
0 absent
1 absent
2 absent
3 absent
4 absent
5 absent
6 absent
7 absent

Left
none
Best: none

Right
none
Best: none

XOR-NOT
01 010000101 3
12 010100101 4
23 110001001 4
34 110010101 5
45 100001101 4
56 110100010 4
67 000011011 4
70 010001000 2

02 111011111 8
13 011010011 5
24 111100011 6
35 101100111 6
46 101010000 3
57 001000110 3
60 101101100 5
71 111110010 6

03 110101001 5
14 010111001 5
25 100010001 3
36 100111010 5
47 010110100 4
50 100110001 4
61 000010110 3
72 010101000 3

04 111000011 5
15 001001011 4
26 101001100 4
37 011011110 6
40 111000011 5
51 001001011 4
62 101001100 4
73 011011110 6

05 100110001 4
16 000010110 3
27 010101000 3
30 110101001 5
41 010111001 5
52 100010001 3
63 100111010 5
74 010110100 4

06 101101100 5
17 111110010 6
20 111011111 8
31 011010011 5
42 111100011 6
53 101100111 6
64 101010000 3
75 001000110 3

07 010001000 2
10 010000101 3
21 010100101 4
32 110001001 4
43 110010101 5
54 100001101 4
65 110100010 4
76 000011011 4

Matching output with XOR-NOT
0 absent
1 absent
2 absent
3 absent
4 absent
5 absent
6 absent
7 absent

Left
none
Best: none

Right
none
Best: none

Selecting

Lefts
Identity none
NOT none
Constant none
AND none
OR OR23 OR34: 2
XOR XOR23 XOR34 XOR45 XOR56 XOR67 XOR70: 6
AND-NOT none
OR-NOT none
XOR-NOT none

Rights
Identity I2 I1: 2
NOT none
Constant none
AND none
OR OR02: 1
XOR none
AND-NOT AND-NOT23: 1
OR-NOT none
XOR-NOT none

Left longest: 6
Right longest: 2

Left winner: Identity no, NOT no, Constant no, AND no, OR no, XOR yes, AND-NOT no, OR-NOT no, XOR-NOT no
Right winner: Identity yes, NOT no, Constant no, AND no, OR no, XOR no, AND-NOT no, OR-NOT no, XOR-NOT no

Best left: XOR23 XOR34 XOR45 XOR56 XOR67 XOR70: 6
Best right: I2 I1: 2

Truncated left: XOR23 XOR34 XOR45 XOR56 XOR67 XOR70: 6
Truncated right: I2 I1: 2

Tentative from right
7 I2
6 I1
5 pending
4 pending
3 pending
2 pending
1 pending
0 pending

Tentative
0 XOR23
1 XOR34
2 XOR45
3 XOR56
4 XOR67
5 XOR70
6 I1
7 I2

Preferred from left
0 XOR23
1 XOR34
2 XOR45
3 XOR56
4 XOR67
5 XOR70
6 I1
7 I2

Preferred
0 XOR23
1 XOR34
2 XOR45
3 XOR56
4 XOR67
5 XOR70
6 I1
7 I2

Matching
0 XOR23
1 XOR34
2 XOR45
3 XOR56
4 XOR67
5 XOR70
6 I1
7 I2

Perfect match
Identity no
NOT no
Constant no
AND no
OR no
XOR no
AND-NOT no
OR-NOT no
XOR-NOT no

Matched
0 XOR23
1 XOR34
2 XOR45
3 XOR56
4 XOR67
5 XOR70
6 I1
7 I2

Selected
0 XOR23
1 XOR34
2 XOR45
3 XOR56
4 XOR67
5 XOR70
6 I1
7 I2

Applying to 11111110
Input
0 1
1 1
2 1
3 1
4 1
5 1
6 1
7 0
Output
0 XOR23 = XOR(1,1) = 0
1 XOR34 = XOR(1,1) = 0
2 XOR45 = XOR(1,1) = 0
3 XOR56 = XOR(1,1) = 0
4 XOR67 = XOR(1,0) = 1
5 XOR70 = XOR(0,1) = 1
6 I1 = 1
7 I2 = 1

I will now return the answer in \boxed{}
The answer in \boxed is
\boxed{00001111}
</think>
\boxed{00001111}