We need to deduce the transformation by matching the example outputs.

Output 1: 01000001
0 0
1 1
2 0
3 0
4 0
5 0
6 0
7 1

Output 2: 01100110
0 0
1 1
2 1
3 0
4 0
5 1
6 1
7 0

Output 3: 11010101
0 1
1 1
2 0
3 1
4 0
5 1
6 0
7 1

Output 4: 01010001
0 0
1 1
2 0
3 1
4 0
5 0
6 0
7 1

Output 5: 11110100
0 1
1 1
2 1
3 1
4 0
5 1
6 0
7 0

Output 6: 11010001
0 1
1 1
2 0
3 1
4 0
5 0
6 0
7 1

Output 7: 00000001
0 0
1 0
2 0
3 0
4 0
5 0
6 0
7 1

Output 8: 00100001
0 0
1 0
2 1
3 0
4 0
5 0
6 0
7 1

Output bit columns (with bitsum as hash)
0 00101100 3
1 11111100 6
2 01001001 3
3 00111100 4
4 00000000 a
5 01101000 3
6 01000000 1
7 10110111 6

Input 1: 00100100
0 0
1 0
2 1
3 0
4 0
5 1
6 0
7 0

Input 2: 11010110
0 1
1 1
2 0
3 1
4 0
5 1
6 1
7 0

Input 3: 10101101
0 1
1 0
2 1
3 0
4 1
5 1
6 0
7 1

Input 4: 00100101
0 0
1 0
2 1
3 0
4 0
5 1
6 0
7 1

Input 5: 10011111
0 1
1 0
2 0
3 1
4 1
5 1
6 1
7 1

Input 6: 00111101
0 0
1 0
2 1
3 1
4 1
5 1
6 0
7 1

Input 7: 00100000
0 0
1 0
2 1
3 0
4 0
5 0
6 0
7 0

Input 8: 00110010
0 0
1 0
2 1
3 1
4 0
5 0
6 1
7 0

Identity
0 01101000 3 match 5
1 01000000 1 match 6
2 10110111 6 match 7
3 01001101 4
4 00101100 3 match 0
5 11111100 6 match 1
6 01001001 3 match 2
7 00111100 4 match 3

Matching output with Identity
0 4
1 5
2 6
3 7
4 absent
5 0
6 1
7 2

Left
4 5 6 7 0x
Best: I4 I5 I6 I7: 4

Right
2 1 0 7x
Best: I2 I1 I0: 3

NOT
0 10010111 5
1 10111111 7
2 01001000 2
3 10110010 4
4 11010011 5
5 00000011 2
6 10110110 5
7 11000011 4

Matching output with NOT
0 absent
1 absent
2 absent
3 absent
4 absent
5 absent
6 absent
7 absent

Left
none
Best: none

Right
none
Best: none

Constant
0 00000000 a match 4
1 11111111 a

Matching output with Constant
0 absent
1 absent
2 absent
3 absent
4 C0
5 absent
6 absent
7 absent

Left
none
Best: none

Right
none
Best: none

AND
01 10 01000000 1 match 6
12 21 00000000 a match 4
23 32 00000101 2
34 43 00001100 2
45 54 00101100 3 match 0
56 65 01001000 2
67 76 00001000 1
70 07 00101000 2

02 20 00100000 1
13 31 01000000 1 match 6
24 42 00100100 2
35 53 01001100 3
46 64 00001000 1
57 75 00111100 4 match 3
60 06 01001000 2
71 17 00000000 a match 4

03 30 01001000 2
14 41 00000000 a match 4
25 52 10110100 4
36 63 01001001 3 match 2
47 74 00101100 3 match 0
50 05 01101000 3 match 5
61 16 01000000 1 match 6
72 27 00110100 3

04 40 00101000 2
15 51 01000000 1 match 6
26 62 00000001 1
37 73 00001100 2

Matching output with AND
0 45 54 47 74
1 absent
2 36 63
3 57 75
4 12 21 17 71 14 41
5 05 50
6 01 10 13 31 16 61 15 51
7 absent

Left
45 56x
54 65x
47 50x
74 05x
Best: AND45: 1

Right
none
Best: none

OR
01 10 01101000 3 match 5
12 21 11110111 7
23 32 11111111 a
34 43 01101101 5
45 54 11111100 6 match 1
56 65 11111101 7
67 76 01111101 6
70 07 01111100 5

02 20 11111111 a
13 31 01001101 4
24 42 10111111 7
35 53 11111101 7
46 64 01101101 5
57 75 11111100 6 match 1
60 06 01101001 4
71 17 01111100 5

03 30 01101101 5
14 41 01101100 4
25 52 11111111 a
36 63 01001101 4
47 74 00111100 4 match 3
50 05 11111100 6 match 1
61 16 01001001 3 match 2
72 27 10111111 7

04 40 01101100 4
15 51 11111100 6 match 1
26 62 11111111 a
37 73 01111101 6

Matching output with OR
0 absent
1 45 54 57 75 05 50 15 51
2 16 61
3 47 74
4 absent
5 01 10
6 absent
7 absent

Left
none
Best: none

Right
none
Best: none

XOR
01 10 00101000 2
12 21 11110111 7
23 32 11111010 6
34 43 01100001 3
45 54 11010000 3
56 65 10110101 5
67 76 01110101 5
70 07 01010100 3

02 20 11011111 7
13 31 00001101 3
24 42 10011011 5
35 53 10110001 4
46 64 01100101 4
57 75 11000000 2
60 06 00100001 2
71 17 01111100 5

03 30 00100101 3
14 41 01101100 4
25 52 01001011 4
36 63 00000100 1
47 74 00010000 1
50 05 10010100 3
61 16 00001001 2
72 27 10001011 4

04 40 01000100 2
15 51 10111100 5
26 62 11111110 7
37 73 01110001 4

Matching output with XOR
0 absent
1 absent
2 absent
3 absent
4 absent
5 absent
6 absent
7 absent

Left
none
Best: none

Right
none
Best: none

AND-NOT
01 00101000 2
12 01000000 1 match 6
23 10110010 4
34 01000001 2
45 00000000 a match 4
56 10110100 4
67 01000001 2
70 00010100 2

02 01001000 2
13 00000000 a match 4
24 10010011 4
35 00000001 1
46 00100100 2
57 11000000 2
60 00000001 1
71 00111100 4 match 3

03 00100000 1
14 01000000 1 match 6
25 00000011 2
36 00000100 1
47 00000000 a match 4
50 10010100 3
61 00001001 2
72 00001000 1

04 01000000 1 match 6
15 00000000 a match 4
26 10110110 5
37 01000001 2
40 00000100 1
51 10111100 5
62 01001000 2
73 00110000 2

05 00000000 a match 4
16 00000000 a match 4
27 10000011 3
30 00000101 2
41 00101100 3 match 0
52 01001000 2
63 00000000 a match 4
74 00010000 1

06 00100000 1
17 01000000 1 match 6
20 10010111 5
31 00001101 3
42 00001000 1
53 10110000 3
64 01000001 2
75 00000000 a match 4

07 01000000 1 match 6
10 00000000 a match 4
21 10110111 6 match 7
32 01001000 2
43 00100000 1
54 11010000 3
65 00000001 1
76 00110100 3

Matching output with AND-NOT
0 41
1 absent
2 absent
3 71
4 45 13 47 15 05 16 63 75 10
5 absent
6 12 14 04 17 07
7 21

Left
41 52x
Best: AND-NOT41: 1

Right
21 10x
Best: AND-NOT21: 1

OR-NOT
01 11111111 a
12 01001000 2
23 10110111 6 match 7
34 11011111 7
45 00101111 5
56 11111110 7
67 11001011 5
70 10111111 7

02 01101000 3 match 5
13 11110010 5
24 11110111 7
35 01001111 5
46 10111110 6
57 11111111 a
60 11011111 7
71 10111111 7

03 11111010 6
14 11010011 5
25 10110111 6 match 7
36 11111111 a
47 11101111 7
50 11111111 a
61 11111111 a
72 01111100 5

04 11111011 7
15 01000011 3
26 10110111 6 match 7
37 11001111 6
40 10111111 7
51 11111111 a
62 01001001 3 match 2
73 10111110 6

05 01101011 5
16 11110110 6
27 11110111 7
30 11011111 7
41 10111111 7
52 11111100 6 match 1
63 11111011 7
74 11111111 a

06 11111110 7
17 11000011 4
20 10110111 6 match 7
31 11111111 a
42 01101100 4
53 11111110 7
64 11011011 6
75 00111111 6

07 11101011 6
10 11010111 6
21 10111111 7
32 01001101 4
43 10111110 6
54 11111111 a
65 01001011 4
76 10111110 6

Matching output with OR-NOT
0 absent
1 52
2 62
3 absent
4 absent
5 02
6 absent
7 23 25 26 20

Left
none
Best: none

Right
23 12x
25 14x
26 15x
20 17x
Best: OR-NOT23: 1

XOR-NOT
01 11010111 6
12 00001000 1
23 00000101 2
34 10011110 5
45 00101111 5
56 01001010 3
67 10001010 3
70 10101011 5

02 00100000 1
13 11110010 5
24 01100100 3
35 01001110 4
46 10011010 4
57 00111111 6
60 11011110 6
71 10000011 3

03 11011010 5
14 10010011 4
25 10110100 4
36 11111011 7
47 11101111 7
50 01101011 5
61 11110110 6
72 01110100 4

04 10111011 6
15 01000011 3
26 00000001 1
37 10001110 4
40 10111011 6
51 01000011 3
62 00000001 1
73 10001110 4

05 01101011 5
16 11110110 6
27 01110100 4
30 11011010 5
41 10010011 4
52 10110100 4
63 11111011 7
74 11101111 7

06 11011110 6
17 10000011 3
20 00100000 1
31 11110010 5
42 01100100 3
53 01001110 4
64 10011010 4
75 00111111 6

07 10101011 5
10 11010111 6
21 00001000 1
32 00000101 2
43 10011110 5
54 00101111 5
65 01001010 3
76 10001010 3

Matching output with XOR-NOT
0 absent
1 absent
2 absent
3 absent
4 absent
5 absent
6 absent
7 absent

Left
none
Best: none

Right
none
Best: none

Selecting

Lefts
Identity I4 I5 I6 I7: 4
NOT none
Constant none
AND AND45: 1
OR none
XOR none
AND-NOT AND-NOT41: 1
OR-NOT none
XOR-NOT none

Rights
Identity I2 I1 I0: 3
NOT none
Constant none
AND none
OR none
XOR none
AND-NOT AND-NOT21: 1
OR-NOT OR-NOT23: 1
XOR-NOT none

Left longest: 4
Right longest: 3

Left winner: Identity yes, NOT no, Constant no, AND no, OR no, XOR no, AND-NOT no, OR-NOT no, XOR-NOT no
Right winner: Identity yes, NOT no, Constant no, AND no, OR no, XOR no, AND-NOT no, OR-NOT no, XOR-NOT no

Best left: I4 I5 I6 I7: 4
Best right: I2 I1 I0: 3

Truncated left: I4 I5 I6 I7: 4
Truncated right: I2 I1 I0: 3

Tentative from right
7 I2
6 I1
5 I0
4 pending
3 pending
2 pending
1 pending
0 pending

Tentative
0 I4
1 I5
2 I6
3 I7
4 pending
5 I0
6 I1
7 I2

Preferred from left
0 I4
1 I5
2 I6
3 I7
4 ?0?
5 I0
6 I1
7 I2

Preferred
0 I4
1 I5
2 I6
3 I7
4 ?07
5 I0
6 I1
7 I2

Matching
0 I4
1 I5
2 I6
3 I7
4 ?07 - Identity absent, NOT absent, Constant C0, AND absent, OR absent, XOR absent, AND-NOT absent, OR-NOT absent, XOR-NOT absent
5 I0
6 I1
7 I2

Perfect match
Identity no
NOT no
Constant yes
AND no
OR no
XOR no
AND-NOT no
OR-NOT no
XOR-NOT no

Matched
0 I4
1 I5
2 I6
3 I7
4 C0
5 I0
6 I1
7 I2

Selected
0 I4
1 I5
2 I6
3 I7
4 C0
5 I0
6 I1
7 I2

Applying to 10010110
Input
0 1
1 0
2 0
3 1
4 0
5 1
6 1
7 0
Output
0 I4 = 0
1 I5 = 1
2 I6 = 1
3 I7 = 0
4 C0 = 0
5 I0 = 1
6 I1 = 0
7 I2 = 0

I will now return the answer in \boxed{}
The answer in \boxed is
\boxed{01100100}
</think>
\boxed{01100100}