We need to deduce the transformation by matching the example outputs.

Output 1: 01001101
0 0
1 1
2 0
3 0
4 1
5 1
6 0
7 1

Output 2: 01010011
0 0
1 1
2 0
3 1
4 0
5 0
6 1
7 1

Output 3: 00001110
0 0
1 0
2 0
3 0
4 1
5 1
6 1
7 0

Output 4: 00011110
0 0
1 0
2 0
3 1
4 1
5 1
6 1
7 0

Output 5: 00011101
0 0
1 0
2 0
3 1
4 1
5 1
6 0
7 1

Output 6: 01101101
0 0
1 1
2 1
3 0
4 1
5 1
6 0
7 1

Output 7: 00101110
0 0
1 0
2 1
3 0
4 1
5 1
6 1
7 0

Output 8: 00000111
0 0
1 0
2 0
3 0
4 0
5 1
6 1
7 1

Output bit columns (with bitsum as hash)
0 00000000 a
1 11000100 3
2 00000110 2
3 01011000 3
4 10111110 6
5 10111111 7
6 01110011 5
7 11001101 5

Input 1: 10011011
0 1
1 0
2 0
3 1
4 1
5 0
6 1
7 1

Input 2: 10100111
0 1
1 0
2 1
3 0
4 0
5 1
6 1
7 1

Input 3: 00011101
0 0
1 0
2 0
3 1
4 1
5 1
6 0
7 1

Input 4: 00111101
0 0
1 0
2 1
3 1
4 1
5 1
6 0
7 1

Input 5: 00111010
0 0
1 0
2 1
3 1
4 1
5 0
6 1
7 0

Input 6: 11011011
0 1
1 1
2 0
3 1
4 1
5 0
6 1
7 1

Input 7: 01011100
0 0
1 1
2 0
3 1
4 1
5 1
6 0
7 0

Input 8: 00001110
0 0
1 0
2 0
3 0
4 1
5 1
6 1
7 0

Identity
0 11000100 3 match 1
1 00000110 2 match 2
2 01011000 3 match 3
3 10111110 6 match 4
4 10111111 7 match 5
5 01110011 5 match 6
6 11001101 5 match 7
7 11110100 5

Matching output with Identity
0 absent
1 0
2 1
3 2
4 3
5 4
6 5
7 6

Left
none
Best: none

Right
6 5 4 3 2 1 0 7x
Best: I6 I5 I4 I3 I2 I1 I0: 7

NOT
0 00111011 5
1 11111001 6
2 10100111 5
3 01000001 2
4 01000000 1
5 10001100 3
6 00110010 3
7 00001011 3

Matching output with NOT
0 absent
1 absent
2 absent
3 absent
4 absent
5 absent
6 absent
7 absent

Left
none
Best: none

Right
none
Best: none

Constant
0 00000000 a match 0
1 11111111 a

Matching output with Constant
0 C0
1 absent
2 absent
3 absent
4 absent
5 absent
6 absent
7 absent

Left
0
Best: C0: 1

Right
none
Best: none

AND
01 10 00000100 1
12 21 00000000 a match 0
23 32 00011000 2
34 43 10111110 6 match 4
45 54 00110011 4
56 65 01000001 2
67 76 11000100 3 match 1
70 07 11000100 3 match 1

02 20 01000000 1
13 31 00000110 2 match 2
24 42 00011000 2
35 53 00110010 3
46 64 10001101 4
57 75 01110000 3
60 06 11000100 3 match 1
71 17 00000100 1

03 30 10000100 2
14 41 00000110 2 match 2
25 52 01010000 2
36 63 10001100 3
47 74 10110100 4
50 05 01000000 1
61 16 00000100 1
72 27 01010000 2

04 40 10000100 2
15 51 00000010 1
26 62 01001000 2
37 73 10110100 4

Matching output with AND
0 12 21
1 67 76 07 70 06 60
2 13 31 14 41
3 absent
4 34 43
5 absent
6 absent
7 absent

Left
12 23x
21 32x
Best: AND12: 1

Right
none
Best: none

OR
01 10 11000110 4
12 21 01011110 5
23 32 11111110 7
34 43 10111111 7 match 5
45 54 11111111 a
56 65 11111111 a
67 76 11111101 7
70 07 11110100 5

02 20 11011100 5
13 31 10111110 6 match 4
24 42 11111111 a
35 53 11111111 a
46 64 11111111 a
57 75 11110111 7
60 06 11001101 5 match 7
71 17 11110110 6

03 30 11111110 7
14 41 10111111 7 match 5
25 52 01111011 6
36 63 11111111 a
47 74 11111111 a
50 05 11110111 7
61 16 11001111 6
72 27 11111100 6

04 40 11111111 a
15 51 01110111 6
26 62 11011101 6
37 73 11111110 7

Matching output with OR
0 absent
1 absent
2 absent
3 absent
4 13 31
5 34 43 14 41
6 absent
7 06 60

Left
none
Best: none

Right
06 75x
60 57x
Best: OR06: 1

XOR
01 10 11000010 3
12 21 01011110 5
23 32 11100110 5
34 43 00000001 1
45 54 11001100 4
56 65 10111110 6 match 4
67 76 00111001 4
70 07 00110000 2

02 20 10011100 4
13 31 10111000 4
24 42 11100111 6
35 53 11001101 5 match 7
46 64 01110010 4
57 75 10000111 4
60 06 00001001 2
71 17 11110010 5

03 30 01111010 5
14 41 10111001 5
25 52 00101011 4
36 63 01110011 5 match 6
47 74 01001011 4
50 05 10110111 6
61 16 11001011 5
72 27 10101100 4

04 40 01111011 6
15 51 01110101 5
26 62 10010101 4
37 73 01001010 3

Matching output with XOR
0 absent
1 absent
2 absent
3 absent
4 56 65
5 absent
6 36 63
7 35 53

Left
none
Best: none

Right
35 24x
53 42x
Best: XOR35: 1

AND-NOT
01 11000000 2
12 00000110 2 match 2
23 01000000 1
34 00000000 a match 0
45 10001100 3
56 00110010 3
67 00001001 2
70 00110000 2

02 10000100 2
13 00000000 a match 0
24 01000000 1
35 10001100 3
46 00110010 3
57 00000011 2
60 00001001 2
71 11110000 4

03 01000000 1
14 00000000 a match 0
25 00001000 1
36 00110010 3
47 00001011 3
50 00110011 4
61 11001001 4
72 10100100 3

04 01000000 1
15 00000100 1
26 00010000 1
37 00001010 2
40 00111011 5
51 01110001 4
62 10000101 3
73 01000000 1

05 10000100 2
16 00000010 1
27 00001000 1
30 00111010 4
41 10111001 5
52 00100011 3
63 01000001 2
74 01000000 1

06 00000000 a match 0
17 00000010 1
20 00011000 2
31 10111000 4
42 10100111 5
53 01000001 2
64 01000000 1
75 10000100 2

07 00000000 a match 0
10 00000010 1
21 01011000 3 match 3
32 10100110 4
43 00000001 1
54 01000000 1
65 10001100 3
76 00110000 2

Matching output with AND-NOT
0 34 13 14 06 07
1 absent
2 12
3 21
4 absent
5 absent
6 absent
7 absent

Left
34 45x
13 24x
14 25x
06 17x
07 10x
Best: AND-NOT34: 1

Right
none
Best: none

OR-NOT
01 11111101 7
12 10100111 5
23 01011001 4
34 11111110 7
45 10111111 7 match 5
56 01110011 5 match 6
67 11001111 6
70 11111111 a

02 11100111 6
13 01000111 4
24 01011000 3 match 3
35 10111110 6 match 4
46 10111111 7 match 5
57 01111011 6
60 11111111 a
71 11111101 7

03 11000101 4
14 01000110 3
25 11011100 5
36 10111110 6 match 4
47 10111111 7 match 5
50 01111011 6
61 11111101 7
72 11110111 7

04 11000100 3 match 1
15 10001110 4
26 01111010 5
37 10111111 7 match 5
40 10111111 7 match 5
51 11111011 7
62 11101111 7
73 11110101 6

05 11001100 4
16 00110110 4
27 01011011 5
30 10111111 7 match 5
41 11111111 a
52 11110111 7
63 11001101 5 match 7
74 11110100 5

06 11110110 6
17 00001111 4
20 01111011 6
31 11111111 a
42 10111111 7 match 5
53 01110011 5 match 6
64 11001101 5 match 7
75 11111100 6

07 11001111 6
10 00111111 6
21 11111001 6
32 10111111 7 match 5
43 11111111 a
54 01110011 5 match 6
65 11001101 5 match 7
76 11110110 6

Matching output with OR-NOT
0 absent
1 04
2 absent
3 24
4 35 36
5 45 46 47 37 40 30 42 32
6 56 53 54
7 63 64 65

Left
none
Best: none

Right
63 52x
64 53 42 31x
65 54 43x
Best: OR-NOT64 OR-NOT53 OR-NOT42: 3

XOR-NOT
01 00111101 5
12 10100001 3
23 00011001 3
34 11111110 7
45 00110011 4
56 01000001 2
67 11000110 4
70 11001111 6

02 01100011 4
13 01000111 4
24 00011000 2
35 00110010 3
46 10001101 4
57 01111000 4
60 11110110 6
71 00001101 3

03 10000101 3
14 01000110 3
25 11010100 4
36 10001100 3
47 10110100 4
50 01001000 2
61 00110100 3
72 01010011 4

04 10000100 2
15 10001010 3
26 01101010 4
37 10110101 5
40 10000100 2
51 10001010 3
62 01101010 4
73 10110101 5

05 01001000 2
16 00110100 3
27 01010011 4
30 10000101 3
41 01000110 3
52 11010100 4
63 10001100 3
74 10110100 4

06 11110110 6
17 00001101 3
20 01100011 4
31 01000111 4
42 00011000 2
53 00110010 3
64 10001101 4
75 01111000 4

07 11001111 6
10 00111101 5
21 10100001 3
32 00011001 3
43 11111110 7
54 00110011 4
65 01000001 2
76 11000110 4

Matching output with XOR-NOT
0 absent
1 absent
2 absent
3 absent
4 absent
5 absent
6 absent
7 absent

Left
none
Best: none

Right
none
Best: none

Selecting

Lefts
Identity none
NOT none
Constant C0: 1
AND AND12: 1
OR none
XOR none
AND-NOT AND-NOT34: 1
OR-NOT none
XOR-NOT none

Rights
Identity I6 I5 I4 I3 I2 I1 I0: 7
NOT none
Constant none
AND none
OR OR06: 1
XOR XOR35: 1
AND-NOT none
OR-NOT OR-NOT64 OR-NOT53 OR-NOT42: 3
XOR-NOT none

Left longest: 1
Right longest: 7

Right winner: Identity yes, NOT no, Constant no, AND no, OR no, XOR no, AND-NOT no, OR-NOT no, XOR-NOT no
Left winner: Identity no, NOT no, Constant yes, AND no, OR no, XOR no, AND-NOT no, OR-NOT no, XOR-NOT no

Best right: I6 I5 I4 I3 I2 I1 I0: 7
Best left: C0: 1

Truncated right: I6 I5 I4 I3 I2 I1 I0: 7
Truncated left: C0: 1

Tentative from right
7 I6
6 I5
5 I4
4 I3
3 I2
2 I1
1 I0
0 pending

Tentative
0 C0
1 I0
2 I1
3 I2
4 I3
5 I4
6 I5
7 I6

Preferred from right
7 I6
6 I5
5 I4
4 I3
3 I2
2 I1
1 I0
0 C0

Preferred
0 C0
1 I0
2 I1
3 I2
4 I3
5 I4
6 I5
7 I6

Matching
0 C0
1 I0
2 I1
3 I2
4 I3
5 I4
6 I5
7 I6

Perfect match
Identity no
NOT no
Constant no
AND no
OR no
XOR no
AND-NOT no
OR-NOT no
XOR-NOT no

Matched
0 C0
1 I0
2 I1
3 I2
4 I3
5 I4
6 I5
7 I6

Selected
0 C0
1 I0
2 I1
3 I2
4 I3
5 I4
6 I5
7 I6

Applying to 10000001
Input
0 1
1 0
2 0
3 0
4 0
5 0
6 0
7 1
Output
0 C0 = 0
1 I0 = 1
2 I1 = 0
3 I2 = 0
4 I3 = 0
5 I4 = 0
6 I5 = 0
7 I6 = 0

I will now return the answer in \boxed{}
The answer in \boxed is
\boxed{01000000}
</think>
\boxed{01000000}