We need to deduce the transformation by matching the example outputs.

Output 1: 11111111
0 1
1 1
2 1
3 1
4 1
5 1
6 1
7 1

Output 2: 11110110
0 1
1 1
2 1
3 1
4 0
5 1
6 1
7 0

Output 3: 11111110
0 1
1 1
2 1
3 1
4 1
5 1
6 1
7 0

Output 4: 11011001
0 1
1 1
2 0
3 1
4 1
5 0
6 0
7 1

Output 5: 11011110
0 1
1 1
2 0
3 1
4 1
5 1
6 1
7 0

Output 6: 00111000
0 0
1 0
2 1
3 1
4 1
5 0
6 0
7 0

Output 7: 11111111
0 1
1 1
2 1
3 1
4 1
5 1
6 1
7 1

Output 8: 10111001
0 1
1 0
2 1
3 1
4 1
5 0
6 0
7 1

Output 9: 11111110
0 1
1 1
2 1
3 1
4 1
5 1
6 1
7 0

Output 10: 11101101
0 1
1 1
2 1
3 0
4 1
5 1
6 0
7 1

Output bit columns (with bitsum as hash)
0 1111101111 9
1 1111101011 8
2 1110011111 8
3 1111111110 9
4 1011111111 9
5 1110101011 7
6 1110101010 6
7 1001001101 5

Input 1: 01110101
0 0
1 1
2 1
3 1
4 0
5 1
6 0
7 1

Input 2: 10111001
0 1
1 0
2 1
3 1
4 1
5 0
6 0
7 1

Input 3: 10110110
0 1
1 0
2 1
3 1
4 0
5 1
6 1
7 0

Input 4: 01100100
0 0
1 1
2 1
3 0
4 0
5 1
6 0
7 0

Input 5: 00100111
0 0
1 0
2 1
3 0
4 0
5 1
6 1
7 1

Input 6: 00001100
0 0
1 0
2 0
3 0
4 1
5 1
6 0
7 0

Input 7: 11011111
0 1
1 1
2 0
3 1
4 1
5 1
6 1
7 1

Input 8: 01001100
0 0
1 1
2 0
3 0
4 1
5 1
6 0
7 0

Input 9: 00101011
0 0
1 0
2 1
3 0
4 1
5 0
6 1
7 1

Input 10: 01010010
0 0
1 1
2 0
3 1
4 0
5 0
6 1
7 0

Identity
0 0110001000 3
1 1001001101 5 match 7
2 1111100010 6
3 1110001001 5
4 0100011110 5
5 1011111100 7
6 0010101011 5
7 1100101010 5

Matching output with Identity
0 absent
1 absent
2 absent
3 absent
4 absent
5 absent
6 absent
7 1

Left
none
Best: none

Right
1 0x
Best: I1: 1

NOT
0 1001110111 7
1 0110110010 5
2 0000011101 4
3 0001110110 5
4 1011100001 5
5 0100000011 3
6 1101010100 5
7 0011010101 5

Matching output with NOT
0 absent
1 absent
2 absent
3 absent
4 absent
5 absent
6 absent
7 absent

Left
none
Best: none

Right
none
Best: none

Constant
0 0000000000 a
1 1111111111 a

Matching output with Constant
0 absent
1 absent
2 absent
3 absent
4 absent
5 absent
6 absent
7 absent

Left
none
Best: none

Right
none
Best: none

AND
01 10 0000001000 1
12 21 1001000000 2
23 32 1110000000 3
34 43 0100001000 2
45 54 0000011100 3
56 65 0010101000 3
67 76 0000101010 3
70 07 0100001000 2

02 20 0110000000 2
13 31 1000001001 3
24 42 0100000010 2
35 53 1010001000 3
46 64 0000001010 2
57 75 1000101000 3
60 06 0010001000 2
71 17 1000001000 2

03 30 0110001000 3
14 41 0000001100 2
25 52 1011100000 4
36 63 0010001001 3
47 74 0100001010 3
50 05 0010001000 2
61 16 0000001001 2
72 27 1100100010 4

04 40 0100001000 2
15 51 1001001100 4
26 62 0010100010 3
37 73 1100001000 3

Matching output with AND
0 absent
1 absent
2 absent
3 absent
4 absent
5 absent
6 absent
7 absent

Left
none
Best: none

Right
none
Best: none

OR
01 10 1111001101 7
12 21 1111101111 9 match 0
23 32 1111101011 8 match 1
34 43 1110011111 8 match 2
45 54 1111111110 9 match 3
56 65 1011111111 9 match 4
67 76 1110101011 7 match 5
70 07 1110101010 6 match 6

02 20 1111101010 7
13 31 1111001101 7
24 42 1111111110 9 match 3
35 53 1111111101 9
46 64 0110111111 8
57 75 1111111110 9 match 3
60 06 0110101011 6
71 17 1101101111 8

03 30 1110001001 5
14 41 1101011111 8
25 52 1111111110 9 match 3
36 63 1110101011 7 match 5
47 74 1100111110 7
50 05 1111111100 8
61 16 1011101111 8
72 27 1111101010 7

04 40 0110011110 6
15 51 1011111101 8
26 62 1111101011 8 match 1
37 73 1110101011 7 match 5

Matching output with OR
0 12 21
1 23 32 26 62
2 34 43
3 45 54 24 42 57 75 25 52
4 56 65
5 67 76 36 63 37 73
6 07 70
7 absent

Left
12 23 34 45 56 67 70 01x
21 32 43 54 65 76 07 10x
Best: OR12 OR23 OR34 OR45 OR56 OR67 OR70: 7

Right
none
Best: none

XOR
01 10 1111000101 6
12 21 0110101111 7
23 32 0001101011 5
34 43 1010010111 6
45 54 1111100010 6
56 65 1001010111 6
67 76 1110000001 4
70 07 1010100010 4

02 20 1001101010 5
13 31 0111000100 4
24 42 1011111100 7
35 53 0101110101 6
46 64 0110110101 6
57 75 0111010110 6
60 06 0100100011 4
71 17 0101100111 6

03 30 1000000001 2
14 41 1101010011 6
25 52 0100011110 5
36 63 1100100010 4
47 74 1000110100 4
50 05 1101110100 6
61 16 1011100110 6
72 27 0011001000 3

04 40 0010010110 4
15 51 0010110001 4
26 62 1101001001 5
37 73 0010100011 4

Matching output with XOR
0 absent
1 absent
2 absent
3 absent
4 absent
5 absent
6 absent
7 absent

Left
none
Best: none

Right
none
Best: none

AND-NOT
01 0110000000 2
12 0000001101 3
23 0001100010 3
34 1010000001 3
45 0100000010 2
56 1001010100 4
67 0010000001 2
70 1000100010 3

02 0000001000 1
13 0001000100 2
24 1011100000 4
35 0100000001 2
46 0100010100 3
57 0011010100 4
60 0000100011 3
71 0100100010 3

03 0000000000 a
14 1001000001 3
25 0100000010 2
36 1100000000 2
47 0000010100 2
50 1001110100 5
61 0010100010 3
72 0000001000 1

04 0010000000 1
15 0000000001 1
26 1101000000 3
37 0010000001 2
40 0000010110 3
51 0010110000 3
62 0000001001 2
73 0000100010 2

05 0100000000 1
16 1001000100 3
27 0011000000 2
30 1000000001 2
41 0100010010 3
52 0000011100 3
63 0000100010 2
74 1000100000 2

06 0100000000 1
17 0001000101 3
20 1001100010 4
31 0110000000 2
42 0000011100 3
53 0001110100 4
64 0010100001 3
75 0100000010 2

07 0010000000 1
10 1001000101 4
21 0110100010 4
32 0000001001 2
43 0000010110 3
54 1011100000 4
65 0000000011 2
76 1100000000 2

Matching output with AND-NOT
0 absent
1 absent
2 absent
3 absent
4 absent
5 absent
6 absent
7 absent

Left
none
Best: none

Right
none
Best: none

OR-NOT
01 0110111010 6
12 1001011101 6
23 1111110110 8
34 1111101001 7
45 0100011111 6
56 1111111100 8
67 0011111111 8
70 1101111111 9

02 0110011101 6
13 1001111111 8
24 1111100011 7
35 1110001011 6
46 1101011110 7
57 1011111101 8
60 1011111111 9 match 4
71 1110111010 7

03 0111111110 8
14 1011101101 7
25 1111100011 7
36 1111011101 8
47 0111011111 8
50 1011111111 9 match 4
61 0110111011 7
72 1100111111 8

04 1111101001 7
15 1101001111 7
26 1111110110 8
37 1111011101 8
40 1101111111 9
51 1111111110 9 match 3
62 0010111111 7
73 1101111110 8

05 0110001011 5
16 1101011101 7
27 1111110111 9
30 1111111111 a
41 0110111110 7
52 1011111101 8
63 0011111111 8
74 1111101011 8 match 1

06 1111011100 7
17 1011011101 7
20 1111110111 9
31 1110111011 8
42 0100011111 6
53 1011111110 8
64 1011101011 7
75 1100101011 6

07 0111011101 7
10 1001111111 8
21 1111110010 7
32 1110011101 7
43 0101111110 7
54 1011111101 8
65 0110101011 6
76 1101111110 8

Matching output with OR-NOT
0 absent
1 74
2 absent
3 51
4 60 50
5 absent
6 absent
7 absent

Left
none
Best: none

Right
none
Best: none

XOR-NOT
01 0000111010 4
12 1001010000 3
23 1110010100 5
34 0101101000 4
45 0000011101 4
56 0110101000 4
67 0001111110 6
70 0101011101 6

02 0110010101 5
13 1000111011 6
24 0100000011 3
35 1010001010 4
46 1001001010 4
57 1000101001 4
60 1011011100 6
71 1010011000 4

03 0111111110 8
14 0010101100 4
25 1011100001 5
36 0011011101 6
47 0111001011 6
50 0010001011 4
61 0100011001 4
72 1100110111 7

04 1101101001 6
15 1101001110 6
26 0010110110 5
37 1101011100 6
40 1101101001 6
51 1101001110 6
62 0010110110 5
73 1101011100 6

05 0010001011 4
16 0100011001 4
27 1100110111 7
30 0111111110 8
41 0010101100 4
52 1011100001 5
63 0011011101 6
74 0111001011 6

06 1011011100 6
17 1010011000 4
20 0110010101 5
31 1000111011 6
42 0100000011 3
53 1010001010 4
64 1001001010 4
75 1000101001 4

07 0101011101 6
10 0000111010 4
21 1001010000 3
32 1110010100 5
43 0101101000 4
54 0000011101 4
65 0110101000 4
76 0001111110 6

Matching output with XOR-NOT
0 absent
1 absent
2 absent
3 absent
4 absent
5 absent
6 absent
7 absent

Left
none
Best: none

Right
none
Best: none

Selecting

Lefts
Identity none
NOT none
Constant none
AND none
OR OR12 OR23 OR34 OR45 OR56 OR67 OR70: 7
XOR none
AND-NOT none
OR-NOT none
XOR-NOT none

Rights
Identity I1: 1
NOT none
Constant none
AND none
OR none
XOR none
AND-NOT none
OR-NOT none
XOR-NOT none

Left longest: 7
Right longest: 1

Left winner: Identity no, NOT no, Constant no, AND no, OR yes, XOR no, AND-NOT no, OR-NOT no, XOR-NOT no
Right winner: Identity yes, NOT no, Constant no, AND no, OR no, XOR no, AND-NOT no, OR-NOT no, XOR-NOT no

Best left: OR12 OR23 OR34 OR45 OR56 OR67 OR70: 7
Best right: I1: 1

Truncated left: OR12 OR23 OR34 OR45 OR56 OR67 OR70: 7
Truncated right: I1: 1

Tentative from right
7 I1
6 pending
5 pending
4 pending
3 pending
2 pending
1 pending
0 pending

Tentative
0 OR12
1 OR23
2 OR34
3 OR45
4 OR56
5 OR67
6 OR70
7 I1

Preferred from left
0 OR12
1 OR23
2 OR34
3 OR45
4 OR56
5 OR67
6 OR70
7 I1

Preferred
0 OR12
1 OR23
2 OR34
3 OR45
4 OR56
5 OR67
6 OR70
7 I1

Matching
0 OR12
1 OR23
2 OR34
3 OR45
4 OR56
5 OR67
6 OR70
7 I1

Perfect match
Identity no
NOT no
Constant no
AND no
OR no
XOR no
AND-NOT no
OR-NOT no
XOR-NOT no

Matched
0 OR12
1 OR23
2 OR34
3 OR45
4 OR56
5 OR67
6 OR70
7 I1

Selected
0 OR12
1 OR23
2 OR34
3 OR45
4 OR56
5 OR67
6 OR70
7 I1

Applying to 00111001
Input
0 0
1 0
2 1
3 1
4 1
5 0
6 0
7 1
Output
0 OR12 = OR(0,1) = 1
1 OR23 = OR(1,1) = 1
2 OR34 = OR(1,1) = 1
3 OR45 = OR(1,0) = 1
4 OR56 = OR(0,0) = 0
5 OR67 = OR(0,1) = 1
6 OR70 = OR(1,0) = 1
7 I1 = 0

I will now return the answer in \boxed{}
The answer in \boxed is
\boxed{11110110}
</think>
\boxed{11110110}