We need to deduce the transformation by matching the example outputs.

Output 1: 00011000
0 0
1 0
2 0
3 1
4 1
5 0
6 0
7 0

Output 2: 10110101
0 1
1 0
2 1
3 1
4 0
5 1
6 0
7 1

Output 3: 01110011
0 0
1 1
2 1
3 1
4 0
5 0
6 1
7 1

Output 4: 11000010
0 1
1 1
2 0
3 0
4 0
5 0
6 1
7 0

Output 5: 10100101
0 1
1 0
2 1
3 0
4 0
5 1
6 0
7 1

Output 6: 00001100
0 0
1 0
2 0
3 0
4 1
5 1
6 0
7 0

Output 7: 11101111
0 1
1 1
2 1
3 0
4 1
5 1
6 1
7 1

Output 8: 00101001
0 0
1 0
2 1
3 0
4 1
5 0
6 0
7 1

Output 9: 11101011
0 1
1 1
2 1
3 0
4 1
5 0
6 1
7 1

Output 10: 00100101
0 0
1 0
2 1
3 0
4 0
5 1
6 0
7 1

Output bit columns (with bitsum as hash)
0 0101101010 5
1 0011001010 4
2 0110101111 7
3 1110000000 3
4 1000011110 5
5 0100111001 5
6 0011001010 4
7 0110101111 7

Input 1: 10000010
0 1
1 0
2 0
3 0
4 0
5 0
6 1
7 0

Input 2: 00101100
0 0
1 0
2 1
3 0
4 1
5 1
6 0
7 0

Input 3: 01011110
0 0
1 1
2 0
3 1
4 1
5 1
6 1
7 0

Input 4: 11110111
0 1
1 1
2 1
3 1
4 0
5 1
6 1
7 1

Input 5: 10101100
0 1
1 0
2 1
3 0
4 1
5 1
6 0
7 0

Input 6: 10000111
0 1
1 0
2 0
3 0
4 0
5 1
6 1
7 1

Input 7: 01111000
0 0
1 1
2 1
3 1
4 1
5 0
6 0
7 0

Input 8: 11001100
0 1
1 1
2 0
3 0
4 1
5 1
6 0
7 0

Input 9: 10111111
0 1
1 0
2 1
3 1
4 1
5 1
6 1
7 1

Input 10: 10001101
0 1
1 0
2 0
3 0
4 1
5 1
6 0
7 1

Identity
0 1001110111 7
1 0011001100 4
2 0101101010 5 match 0
3 0011001010 4 match 1 6
4 0110101111 7 match 2 7
5 0111110111 8
6 1011010010 5
7 0001010011 4

Matching output with Identity
0 2
1 3
2 4
3 absent
4 absent
5 absent
6 3
7 4

Left
2 3 4 5x
Best: I2 I3 I4: 3

Right
4 3 2x
Best: I4 I3: 2

NOT
0 0110001000 3
1 1100110011 6
2 1010010101 5
3 1100110101 6
4 1001010000 3
5 1000001000 2
6 0100101101 5
7 1110101100 6

Matching output with NOT
0 absent
1 absent
2 absent
3 absent
4 absent
5 absent
6 absent
7 absent

Left
none
Best: none

Right
none
Best: none

Constant
0 0000000000 a
1 1111111111 a

Matching output with Constant
0 absent
1 absent
2 absent
3 absent
4 absent
5 absent
6 absent
7 absent

Left
none
Best: none

Right
none
Best: none

AND
01 10 0001000100 2
12 21 0001001000 2
23 32 0001001010 3
34 43 0010001010 3
45 54 0110100111 6
56 65 0011010010 4
67 76 0001010010 3
70 07 0001010011 4

02 20 0001100010 3
13 31 0011001000 3
24 42 0100101010 4
35 53 0011000010 3
46 64 0010000010 2
57 75 0001010011 4
60 06 1001010010 4
71 17 0001000000 1

03 30 0001000010 2
14 41 0010001100 3
25 52 0101100010 4
36 63 0011000010 3
47 74 0000000011 2
50 05 0001110111 6
61 16 0011000000 2
72 27 0001000010 2

04 40 0000100111 4
15 51 0011000100 3
26 62 0001000010 2
37 73 0001000010 2

Matching output with AND
0 absent
1 absent
2 absent
3 absent
4 absent
5 absent
6 absent
7 absent

Left
none
Best: none

Right
none
Best: none

OR
01 10 1011111111 9
12 21 0111101110 7
23 32 0111101010 6
34 43 0111101111 8
45 54 0111111111 9
56 65 1111110111 9
67 76 1011010011 6
70 07 1001110111 7

02 20 1101111111 9
13 31 0011001110 5
24 42 0111101111 8
35 53 0111111111 9
46 64 1111111111 a
57 75 0111110111 8
60 06 1011110111 8
71 17 0011011111 7

03 30 1011111111 9
14 41 0111101111 8
25 52 0111111111 9
36 63 1011011010 6
47 74 0111111111 9
50 05 1111110111 9
61 16 1011011110 7
72 27 0101111011 7

04 40 1111111111 a
15 51 0111111111 9
26 62 1111111010 8
37 73 0011011011 6

Matching output with OR
0 absent
1 absent
2 absent
3 absent
4 absent
5 absent
6 absent
7 absent

Left
none
Best: none

Right
none
Best: none

XOR
01 10 1010111011 7
12 21 0110100110 5
23 32 0110100000 3
34 43 0101100101 5
45 54 0001011000 3
56 65 1100100101 5
67 76 1010000001 3
70 07 1000100100 3

02 20 1100011101 6
13 31 0000000110 2
24 42 0011000101 4
35 53 0100111101 6
46 64 1101111101 8
57 75 0110100100 4
60 06 0010100101 4
71 17 0010011111 6

03 30 1010111101 7
14 41 0101100011 5
25 52 0010011101 5
36 63 1000011000 3
47 74 0111111100 7
50 05 1110000000 3 match 3
61 16 1000011110 5 match 4
72 27 0100111001 5 match 5

04 40 1111011000 6
15 51 0100111011 6
26 62 1110111000 6
37 73 0010011001 4

Matching output with XOR
0 absent
1 absent
2 absent
3 05 50
4 16 61
5 27 72
6 absent
7 absent

Left
none
Best: none

Right
none
Best: none

AND-NOT
01 1000110011 5
12 0010000100 2
23 0100100000 2
34 0001000000 1
45 0000001000 1
56 0100100101 4
67 1010000000 2
70 0000000000 a

02 1000010101 4
13 0000000100 1
24 0001000000 1
35 0000001000 1
46 0100101101 5
57 0110100100 4
60 0010000000 1
71 0000010011 3

03 1000110101 5
14 0001000000 1
25 0000001000 1
36 0000001000 1
47 0110101100 5
50 0110000000 2
61 1000010010 3
72 0000010001 2

04 1001010000 3
15 0000001000 1
26 0100101000 3
37 0010001000 2
40 0110001000 3
51 0100110011 5
62 1010010000 3
73 0000010001 2

05 1000000000 1
16 0000001100 2
27 0100101000 3
30 0010001000 2
41 0100100011 4
52 0010010101 4
63 1000010000 2
74 0001010000 2

06 0000100101 3
17 0010001100 3
20 0100001000 2
31 0000000010 1
42 0010000101 3
53 0100110101 5
64 1001010000 3
75 0000000000 a

07 1000100100 3
10 0010001000 2
21 0100100010 3
32 0010000000 1
43 0100100101 4
54 0001010000 2
65 1000000000 1
76 0000000001 1

Matching output with AND-NOT
0 absent
1 absent
2 absent
3 absent
4 absent
5 absent
6 absent
7 absent

Left
none
Best: none

Right
none
Best: none

OR-NOT
01 1101110111 8
12 1011011101 7
23 1101111111 9
34 1011011010 6
45 1110101111 8
56 0111111111 9
67 1111111110 9
70 0111011011 7

02 1011110111 8
13 1111111101 9
24 1101111010 7
35 1011001010 5
46 0110101111 7 match 2 7
57 1111111111 a
60 1111011010 7
71 1101110011 7

03 1101110111 8
14 1011011100 6
25 1101101010 6
36 0111101111 8
47 1110101111 8
50 0111111111 9
61 1111110011 8
72 1011010111 7

04 1001110111 7
15 1011001100 5
26 0101101111 7
37 1111101110 8
40 0110101111 7 match 2 7
51 1111110111 9
62 1011010111 7
73 1101110111 8

05 1001111111 8
16 0111101101 7
27 1111101110 8
30 0111001010 5
41 1110111111 9
52 1111110111 9
63 1111110111 9
74 1001010011 5

06 1101111111 9
17 1111101100 7
20 0111101010 6
31 1111111011 9
42 1110111111 9
53 1111110111 9
64 1011010010 5
75 1001011011 6

07 1111111111 a
10 0111001100 5
21 1101111011 8
32 1011011111 8
43 1110111111 9
54 1111110111 9
65 1011011010 6
76 0101111111 8

Matching output with OR-NOT
0 absent
1 absent
2 46 40
3 absent
4 absent
5 absent
6 absent
7 46 40

Left
none
Best: none

Right
46 35x
40 37x
Best: OR-NOT46: 1

XOR-NOT
01 0101000100 3
12 1001011001 5
23 1001011111 7
34 1010011010 5
45 1110100111 7
56 0011011010 5
67 0101111110 7
70 0111011011 7

02 0011100010 4
13 1111111001 8
24 1100111010 6
35 1011000010 4
46 0010000010 2
57 1001011011 6
60 1101011010 6
71 1101100000 4

03 0101000010 3
14 1010011100 5
25 1101100010 5
36 0111100111 7
47 1000000011 3
50 0001111111 7
61 0111100001 5
72 1011000110 5

04 0000100111 4
15 1011000100 4
26 0001000111 4
37 1101100110 6
40 0000100111 4
51 1011000100 4
62 0001000111 4
73 1101100110 6

05 0001111111 7
16 0111100001 5
27 1011000110 5
30 0101000010 3
41 1010011100 5
52 1101100010 5
63 0111100111 7
74 1000000011 3

06 1101011010 6
17 1101100000 4
20 0011100010 4
31 1111111001 8
42 1100111010 6
53 1011000010 4
64 0010000010 2
75 1001011011 6

07 0111011011 7
10 0101000100 3
21 1001011001 5
32 1001011111 7
43 1010011010 5
54 1110100111 7
65 0011011010 5
76 0101111110 7

Matching output with XOR-NOT
0 absent
1 absent
2 absent
3 absent
4 absent
5 absent
6 absent
7 absent

Left
none
Best: none

Right
none
Best: none

Selecting

Lefts
Identity I2 I3 I4: 3
NOT none
Constant none
AND none
OR none
XOR none
AND-NOT none
OR-NOT none
XOR-NOT none

Rights
Identity I4 I3: 2
NOT none
Constant none
AND none
OR none
XOR none
AND-NOT none
OR-NOT OR-NOT46: 1
XOR-NOT none

Left longest: 3
Right longest: 2

Left winner: Identity yes, NOT no, Constant no, AND no, OR no, XOR no, AND-NOT no, OR-NOT no, XOR-NOT no
Right winner: Identity yes, NOT no, Constant no, AND no, OR no, XOR no, AND-NOT no, OR-NOT no, XOR-NOT no

Best left: I2 I3 I4: 3
Best right: I4 I3: 2

Truncated left: I2 I3 I4: 3
Truncated right: I4 I3: 2

Tentative from right
7 I4
6 I3
5 pending
4 pending
3 pending
2 pending
1 pending
0 pending

Tentative
0 I2
1 I3
2 I4
3 pending
4 pending
5 pending
6 I3
7 I4

Preferred from left
0 I2
1 I3
2 I4
3 ?5?
4 ?6?
5 ?7?
6 I3
7 I4

Preferred
0 I2
1 I3
2 I4
3 ?50
4 ?61
5 ?72
6 I3
7 I4

Matching
0 I2
1 I3
2 I4
3 ?50 - Identity absent, NOT absent, Constant absent, AND absent, OR absent, XOR50, AND-NOT absent, OR-NOT absent, XOR-NOT absent
4 ?61 - Identity absent, NOT absent, Constant absent, AND absent, OR absent, XOR61, AND-NOT absent, OR-NOT absent, XOR-NOT absent
5 ?72 - Identity absent, NOT absent, Constant absent, AND absent, OR absent, XOR72, AND-NOT absent, OR-NOT absent, XOR-NOT absent
6 I3
7 I4

Perfect match
Identity no
NOT no
Constant no
AND no
OR no
XOR yes
AND-NOT no
OR-NOT no
XOR-NOT no

Matched
0 I2
1 I3
2 I4
3 XOR50
4 XOR61
5 XOR72
6 I3
7 I4

Selected
0 I2
1 I3
2 I4
3 XOR50
4 XOR61
5 XOR72
6 I3
7 I4

Applying to 01011010
Input
0 0
1 1
2 0
3 1
4 1
5 0
6 1
7 0
Output
0 I2 = 0
1 I3 = 1
2 I4 = 1
3 XOR50 = XOR(0,0) = 0
4 XOR61 = XOR(1,1) = 0
5 XOR72 = XOR(0,0) = 0
6 I3 = 1
7 I4 = 1

I will now return the answer in \boxed{}
The answer in \boxed is
\boxed{01100011}
</think>
\boxed{01100011}