We need to deduce the transformation by matching the example outputs.

Output 1: 01100000
0 0
1 1
2 1
3 0
4 0
5 0
6 0
7 0

Output 2: 11000000
0 1
1 1
2 0
3 0
4 0
5 0
6 0
7 0

Output 3: 11000000
0 1
1 1
2 0
3 0
4 0
5 0
6 0
7 0

Output 4: 00000000
0 0
1 0
2 0
3 0
4 0
5 0
6 0
7 0

Output 5: 01000001
0 0
1 1
2 0
3 0
4 0
5 0
6 0
7 1

Output 6: 01000001
0 0
1 1
2 0
3 0
4 0
5 0
6 0
7 1

Output 7: 00000001
0 0
1 0
2 0
3 0
4 0
5 0
6 0
7 1

Output 8: 11000000
0 1
1 1
2 0
3 0
4 0
5 0
6 0
7 0

Output 9: 11100001
0 1
1 1
2 1
3 0
4 0
5 0
6 0
7 1

Output bit columns (with bitsum as hash)
0 011000011 4
1 111011011 7
2 100000001 2
3 000000000 a
4 000000000 a
5 000000000 a
6 000000000 a
7 000011101 4

Input 1: 01111011
0 0
1 1
2 1
3 1
4 1
5 0
6 1
7 1

Input 2: 00000110
0 0
1 0
2 0
3 0
4 0
5 1
6 1
7 0

Input 3: 01101110
0 0
1 1
2 1
3 0
4 1
5 1
6 1
7 0

Input 4: 00110000
0 0
1 0
2 1
3 1
4 0
5 0
6 0
7 0

Input 5: 11000010
0 1
1 1
2 0
3 0
4 0
5 0
6 1
7 0

Input 6: 11001010
0 1
1 1
2 0
3 0
4 1
5 0
6 1
7 0

Input 7: 10101000
0 1
1 0
2 1
3 0
4 1
5 0
6 0
7 0

Input 8: 00010110
0 0
1 0
2 0
3 1
4 0
5 1
6 1
7 0

Input 9: 11000111
0 1
1 1
2 0
3 0
4 0
5 1
6 1
7 1

Identity
0 000011101 4 match 7
1 101011001 5
2 101100100 4
3 100100010 3
4 101001100 4
5 011000011 4 match 0
6 111011011 7 match 1
7 100000001 2 match 2

Matching output with Identity
0 5
1 6
2 7
3 absent
4 absent
5 absent
6 absent
7 0

Left
5 6 7 0x
Best: I5 I6 I7: 3

Right
0 7x
Best: I0: 1

NOT
0 111100010 5
1 010100110 4
2 010011011 5
3 011011101 6
4 010110011 5
5 100111100 5
6 000100100 2
7 011111110 7

Matching output with NOT
0 absent
1 absent
2 absent
3 absent
4 absent
5 absent
6 absent
7 absent

Left
none
Best: none

Right
none
Best: none

Constant
0 000000000 a match 3 4 5 6
1 111111111 a

Matching output with Constant
0 absent
1 absent
2 absent
3 C0
4 C0
5 C0
6 C0
7 absent

Left
none
Best: none

Right
none
Best: none

AND
01 10 000011001 3
12 21 101000000 2
23 32 100100000 2
34 43 100000000 1
45 54 001000000 1
56 65 011000011 4 match 0
67 76 100000001 2 match 2
70 07 000000001 1

02 20 000000100 1
13 31 100000000 1
24 42 101000100 3
35 53 000000010 1
46 64 101001000 3
57 75 000000001 1
60 06 000011001 3
71 17 100000001 2 match 2

03 30 000000000 a match 3 4 5 6
14 41 101001000 3
25 52 001000000 1
36 63 100000010 2
47 74 100000000 1
50 05 000000001 1
61 16 101011001 5
72 27 100000000 1

04 40 000001100 2
15 51 001000001 2
26 62 101000000 2
37 73 100000000 1

Matching output with AND
0 56 65
1 absent
2 67 76 17 71
3 03 30
4 03 30
5 03 30
6 03 30
7 absent

Left
56 67x
65 76x
Best: AND56: 1

Right
none
Best: none

OR
01 10 101011101 6
12 21 101111101 7
23 32 101100110 5
34 43 101101110 6
45 54 111001111 7
56 65 111011011 7 match 1
67 76 111011011 7 match 1
70 07 100011101 5

02 20 101111101 7
13 31 101111011 7
24 42 101101100 5
35 53 111100011 6
46 64 111011111 8
57 75 111000011 5
60 06 111011111 8
71 17 101011001 5

03 30 100111111 7
14 41 101011101 6
25 52 111100111 7
36 63 111111011 8
47 74 101001101 5
50 05 011011111 7
61 16 111011011 7 match 1
72 27 101100101 5

04 40 101011101 6
15 51 111011011 7 match 1
26 62 111111111 a
37 73 100100011 4

Matching output with OR
0 absent
1 56 65 67 76 16 61 15 51
2 absent
3 absent
4 absent
5 absent
6 absent
7 absent

Left
none
Best: none

Right
none
Best: none

XOR
01 10 101000100 3
12 21 000111101 5
23 32 001000110 3
34 43 001101110 5
45 54 110001111 6
56 65 100011000 3
67 76 011011010 5
70 07 100011100 4

02 20 101111001 6
13 31 001111011 6
24 42 000101000 2
35 53 111100001 5
46 64 010010111 5
57 75 111000010 4
60 06 111000110 5
71 17 001011000 3

03 30 100111111 7
14 41 000010101 3
25 52 110100111 6
36 63 011111001 6
47 74 001001101 4
50 05 011011110 6
61 16 010000010 2
72 27 001100101 4

04 40 101010001 4
15 51 110011010 5
26 62 010111111 7
37 73 000100011 3

Matching output with XOR
0 absent
1 absent
2 absent
3 absent
4 absent
5 absent
6 absent
7 absent

Left
none
Best: none

Right
none
Best: none

AND-NOT
01 000000100 1
12 000011001 3
23 001000100 2
34 000100010 2
45 100001100 3
56 000000000 a match 3 4 5 6
67 011011010 5
70 100000000 1

02 000011001 3
13 001011001 4
24 000100000 1
35 100100000 2
46 000000100 1
57 011000010 3
60 111000010 4
71 000000000 a match 3 4 5 6

03 000011101 4 match 7
14 000010001 2
25 100100100 3
36 000100000 1
47 001001100 3
50 011000010 3
61 010000010 2
72 000000001 1

04 000010001 2
15 100011000 3
26 000100100 2
37 000100010 2
40 101000000 2
51 010000010 2
62 010011011 5
73 000000001 1

05 000011100 3
16 000000000 a match 3 4 5 6
27 001100100 3
30 100100010 3
41 000000100 1
52 010000011 3
63 011011001 5
74 000000001 1

06 000000100 1
17 001011000 3
20 101100000 3
31 000100010 2
42 000001000 1
53 011000001 3
64 010010011 4
75 100000000 1

07 000011100 3
10 101000000 2
21 000100100 2
32 000000010 1
43 001001100 3
54 010000011 3
65 100011000 3
76 000000000 a match 3 4 5 6

Matching output with AND-NOT
0 absent
1 absent
2 absent
3 56 71 16 76
4 56 71 16 76
5 56 71 16 76
6 56 71 16 76
7 03

Left
none
Best: none

Right
03 72x
Best: AND-NOT03: 1

OR-NOT
01 010111111 7
12 111011011 7 match 1
23 111111101 8
34 110110011 6
45 101111100 6
56 011100111 6
67 111111111 a
70 111100011 6

02 010011111 6
13 111011101 7
24 111110111 8
35 100111110 6
46 101101100 5
57 011111111 8
60 111111011 8
71 110100111 6

03 011011101 6
14 111111011 8
25 101111100 6
36 100100110 4
47 111111110 8
50 111100011 6
61 111111111 a
72 110011011 6

04 010111111 7
15 101111101 7
26 101100100 4
37 111111110 8
40 111101110 7
51 011100111 6
62 111011011 7 match 1
73 111011101 7

05 100111101 6
16 101111101 7
27 111111110 8
30 111100010 5
41 111101110 7
52 011011011 6
63 111011111 8
74 110110011 6

06 000111101 5
17 111111111 a
20 111100110 6
31 110100110 5
42 111011111 8
53 011011111 7
64 111111011 8
75 100111101 6

07 011111111 8
10 111111011 8
21 111100110 6
32 110111011 7
43 111011101 7
54 011110011 6
65 111111111 a
76 100100101 4

Matching output with OR-NOT
0 absent
1 12 62
2 absent
3 absent
4 absent
5 absent
6 absent
7 absent

Left
none
Best: none

Right
none
Best: none

XOR-NOT
01 010111011 6
12 111000010 4
23 110111001 6
34 110010001 4
45 001110000 3
56 011100111 6
67 100100101 4
70 011100011 5

02 010000110 3
13 110000100 3
24 111010111 7
35 000011110 4
46 101101000 4
57 000111101 5
60 000111001 4
71 110100111 6

03 011000000 2
14 111101010 6
25 001011000 3
36 100000110 3
47 110110010 5
50 100100001 3
61 101111101 7
72 110011010 5

04 010101110 5
15 001100101 4
26 101000000 2
37 111011100 6
40 010101110 5
51 001100101 4
62 101000000 2
73 111011100 6

05 100100001 3
16 101111101 7
27 110011010 5
30 011000000 2
41 111101010 6
52 001011000 3
63 100000110 3
74 110110010 5

06 000111001 4
17 110100111 6
20 010000110 3
31 110000100 3
42 111010111 7
53 000011110 4
64 101101000 4
75 000111101 5

07 011100011 5
10 010111011 6
21 111000010 4
32 110111001 6
43 110010001 4
54 001110000 3
65 011100111 6
76 100100101 4

Matching output with XOR-NOT
0 absent
1 absent
2 absent
3 absent
4 absent
5 absent
6 absent
7 absent

Left
none
Best: none

Right
none
Best: none

Selecting

Lefts
Identity I5 I6 I7: 3
NOT none
Constant none
AND AND56: 1
OR none
XOR none
AND-NOT none
OR-NOT none
XOR-NOT none

Rights
Identity I0: 1
NOT none
Constant none
AND none
OR none
XOR none
AND-NOT AND-NOT03: 1
OR-NOT none
XOR-NOT none

Left longest: 3
Right longest: 1

Left winner: Identity yes, NOT no, Constant no, AND no, OR no, XOR no, AND-NOT no, OR-NOT no, XOR-NOT no
Right winner: Identity yes, NOT no, Constant no, AND no, OR no, XOR no, AND-NOT no, OR-NOT no, XOR-NOT no

Best left: I5 I6 I7: 3
Best right: I0: 1

Truncated left: I5 I6 I7: 3
Truncated right: I0: 1

Tentative from right
7 I0
6 pending
5 pending
4 pending
3 pending
2 pending
1 pending
0 pending

Tentative
0 I5
1 I6
2 I7
3 pending
4 pending
5 pending
6 pending
7 I0

Preferred from left
0 I5
1 I6
2 I7
3 ?0?
4 ?1?
5 ?2?
6 ?3?
7 I0

Preferred
0 I5
1 I6
2 I7
3 ?04
4 ?15
5 ?26
6 ?37
7 I0

Matching
0 I5
1 I6
2 I7
3 ?04 - Identity absent, NOT absent, Constant C0, AND absent, OR absent, XOR absent, AND-NOT absent, OR-NOT absent, XOR-NOT absent
4 ?15 - Identity absent, NOT absent, Constant C0, AND absent, OR absent, XOR absent, AND-NOT absent, OR-NOT absent, XOR-NOT absent
5 ?26 - Identity absent, NOT absent, Constant C0, AND absent, OR absent, XOR absent, AND-NOT absent, OR-NOT absent, XOR-NOT absent
6 ?37 - Identity absent, NOT absent, Constant C0, AND absent, OR absent, XOR absent, AND-NOT absent, OR-NOT absent, XOR-NOT absent
7 I0

Perfect match
Identity no
NOT no
Constant yes
AND no
OR no
XOR no
AND-NOT no
OR-NOT no
XOR-NOT no

Matched
0 I5
1 I6
2 I7
3 C0
4 C0
5 C0
6 C0
7 I0

Selected
0 I5
1 I6
2 I7
3 C0
4 C0
5 C0
6 C0
7 I0

Applying to 10100100
Input
0 1
1 0
2 1
3 0
4 0
5 1
6 0
7 0
Output
0 I5 = 1
1 I6 = 0
2 I7 = 0
3 C0 = 0
4 C0 = 0
5 C0 = 0
6 C0 = 0
7 I0 = 1

I will now return the answer in \boxed{}
The answer in \boxed is
\boxed{10000001}
</think>
\boxed{10000001}