We need to deduce the transformation by matching the example outputs.

Output 1: 00000000
0 0
1 0
2 0
3 0
4 0
5 0
6 0
7 0

Output 2: 00001000
0 0
1 0
2 0
3 0
4 1
5 0
6 0
7 0

Output 3: 00010001
0 0
1 0
2 0
3 1
4 0
5 0
6 0
7 1

Output 4: 01011101
0 0
1 1
2 0
3 1
4 1
5 1
6 0
7 1

Output 5: 10010001
0 1
1 0
2 0
3 1
4 0
5 0
6 0
7 1

Output 6: 00100000
0 0
1 0
2 1
3 0
4 0
5 0
6 0
7 0

Output 7: 10000100
0 1
1 0
2 0
3 0
4 0
5 1
6 0
7 0

Output bit columns (with bitsum as hash)
0 0000101 2
1 0001000 1
2 0000010 1
3 0011100 3
4 0101000 2
5 0001001 2
6 0000000 a
7 0011100 3

Input 1: 00000011
0 0
1 0
2 0
3 0
4 0
5 0
6 1
7 1

Input 2: 00001101
0 0
1 0
2 0
3 0
4 1
5 1
6 0
7 1

Input 3: 10001011
0 1
1 0
2 0
3 0
4 1
5 0
6 1
7 1

Input 4: 11101111
0 1
1 1
2 1
3 0
4 1
5 1
6 1
7 1

Input 5: 11011010
0 1
1 1
2 0
3 1
4 1
5 0
6 1
7 0

Input 6: 10010100
0 1
1 0
2 0
3 1
4 0
5 1
6 0
7 0

Input 7: 01110010
0 0
1 1
2 1
3 1
4 0
5 0
6 1
7 0

Identity
0 0011110 4
1 0001101 3
2 0001001 2 match 5
3 0000111 3
4 0111100 4
5 0101010 3
6 1011101 5
7 1111000 4

Matching output with Identity
0 absent
1 absent
2 absent
3 absent
4 absent
5 2
6 absent
7 absent

Left
none
Best: none

Right
none
Best: none

NOT
0 1100001 3
1 1110010 4
2 1110110 5
3 1111000 4
4 1000011 3
5 1010101 4
6 0100010 2
7 0000111 3

Matching output with NOT
0 absent
1 absent
2 absent
3 absent
4 absent
5 absent
6 absent
7 absent

Left
none
Best: none

Right
none
Best: none

Constant
0 0000000 a match 6
1 1111111 a

Matching output with Constant
0 absent
1 absent
2 absent
3 absent
4 absent
5 absent
6 C0
7 absent

Left
none
Best: none

Right
none
Best: none

AND
01 10 0001100 2
12 21 0001001 2 match 5
23 32 0000001 1
34 43 0000100 1
45 54 0101000 2 match 4
56 65 0001000 1 match 1
67 76 1011000 3
70 07 0011000 2

02 20 0001000 1 match 1
13 31 0000101 2 match 0
24 42 0001000 1 match 1
35 53 0000010 1 match 2
46 64 0011100 3 match 3 7
57 75 0101000 2 match 4
60 06 0011100 3 match 3 7
71 17 0001000 1 match 1

03 30 0000110 2
14 41 0001100 2
25 52 0001000 1 match 1
36 63 0000101 2 match 0
47 74 0111000 3
50 05 0001010 2
61 16 0001101 3
72 27 0001000 1 match 1

04 40 0011100 3 match 3 7
15 51 0001000 1 match 1
26 62 0001001 2 match 5
37 73 0000000 a match 6

Matching output with AND
0 13 31 36 63
1 56 65 02 20 24 42 17 71 25 52 27 72 15 51
2 35 53
3 46 64 06 60 04 40
4 45 54 57 75
5 12 21 26 62
6 37 73
7 46 64 06 60 04 40

Left
13 24 35 46 57 60x
31 42 53 64 75 06x
36 47x
63 74x
Best: AND13 AND24 AND35 AND46 AND57: 5

Right
46 35x
64 53x
06 75x
60 57x
04 73 62 51x
40 37 26 15x
Best: AND04 AND73 AND62: 3

OR
01 10 0011111 5
12 21 0001101 3
23 32 0001111 4
34 43 0111111 6
45 54 0111110 5
56 65 1111111 a
67 76 1111101 6
70 07 1111110 6

02 20 0011111 5
13 31 0001111 4
24 42 0111101 5
35 53 0101111 5
46 64 1111101 6
57 75 1111010 5
60 06 1011111 6
71 17 1111101 6

03 30 0011111 5
14 41 0111101 5
25 52 0101011 4
36 63 1011111 6
47 74 1111100 5
50 05 0111110 5
61 16 1011101 5
72 27 1111001 5

04 40 0111110 5
15 51 0101111 5
26 62 1011101 5
37 73 1111111 a

Matching output with OR
0 absent
1 absent
2 absent
3 absent
4 absent
5 absent
6 absent
7 absent

Left
none
Best: none

Right
none
Best: none

XOR
01 10 0010011 3
12 21 0000100 1
23 32 0001110 3
34 43 0111011 5
45 54 0010110 3
56 65 1110111 6
67 76 0100101 3
70 07 1100110 4

02 20 0010111 4
13 31 0001010 2
24 42 0110101 4
35 53 0101101 4
46 64 1100001 3
57 75 1010010 3
60 06 1000011 3
71 17 1110101 5

03 30 0011001 3
14 41 0110001 3
25 52 0100011 3
36 63 1011010 4
47 74 1000100 2
50 05 0110100 3
61 16 1010000 2
72 27 1110001 4

04 40 0100010 2
15 51 0100111 4
26 62 1010100 3
37 73 1111111 a

Matching output with XOR
0 absent
1 absent
2 absent
3 absent
4 absent
5 absent
6 absent
7 absent

Left
none
Best: none

Right
none
Best: none

AND-NOT
01 0010010 2
12 0000100 1
23 0001000 1 match 1
34 0000011 2
45 0010100 2
56 0100010 2
67 0000101 2 match 0
70 1100000 2

02 0010110 3
13 0001000 1 match 1
24 0000001 1
35 0000101 2 match 0
46 0100000 1
57 0000010 1 match 2
60 1000001 2
71 1110000 3

03 0011000 2
14 0000001 1
25 0000001 1
36 0000010 1 match 2
47 0000100 1
50 0100000 1
61 1010000 2
72 1110000 3

04 0000010 1 match 2
15 0000101 2 match 0
26 0000000 a match 6
37 0000111 3
40 0100000 1
51 0100010 2
62 1010100 3
73 1111000 4

05 0010100 2
16 0000000 a match 6
27 0000001 1
30 0000001 1
41 0110000 2
52 0100010 2
63 1011000 3
74 1000000 1

06 0000010 1 match 2
17 0000101 2 match 0
20 0000001 1
31 0000010 1 match 2
42 0110100 3
53 0101000 2 match 4
64 1000001 2
75 1010000 2

07 0000110 2
10 0000001 1
21 0000000 a match 6
32 0000110 2
43 0111000 3
54 0000010 1 match 2
65 1010101 4
76 0100000 1

Matching output with AND-NOT
0 67 35 15 17
1 23 13
2 57 36 04 06 31 54
3 absent
4 53
5 absent
6 26 16 21
7 absent

Left
67 70x
35 46x
15 26x
17 20x
Best: AND-NOT67: 1

Right
none
Best: none

OR-NOT
01 1111110 6
12 1111111 a
23 1111001 5
34 1000111 4
45 1111101 6
56 0101010 3
67 1011111 6
70 1111001 5

02 1111110 6
13 1111101 6
24 1001011 4
35 1010111 5
46 0111110 5
57 0101111 5
60 1111101 6
71 1111010 5

03 1111110 6
14 1001111 5
25 1011101 5
36 0100111 4
47 0111111 6
50 1101011 5
61 1111111 a
72 1111110 6

04 1011111 6
15 1011101 5
26 0101011 4
37 0000111 3
40 1111101 6
51 1111010 5
62 1111111 a
73 1111000 4

05 1011111 6
16 0101111 5
27 0001111 4
30 1100111 5
41 1111110 6
52 1111110 6
63 1111101 6
74 1111011 6

06 0111110 5
17 0001111 4
20 1101001 4
31 1110111 6
42 1111110 6
53 1111010 5
64 1011111 6
75 1111101 6

07 0011111 5
10 1101101 5
21 1111011 6
32 1110111 6
43 1111100 5
54 1101011 5
65 1011101 5
76 1111010 5

Matching output with OR-NOT
0 absent
1 absent
2 absent
3 absent
4 absent
5 absent
6 absent
7 absent

Left
none
Best: none

Right
none
Best: none

XOR-NOT
01 1101100 4
12 1111011 6
23 1110001 4
34 1000100 2
45 1101001 4
56 0001000 1 match 1
67 1011010 4
70 0011001 3

02 1101000 3
13 1110101 5
24 1001010 3
35 1010010 3
46 0011110 4
57 0101101 4
60 0111100 4
71 0001010 2

03 1100110 4
14 1001110 4
25 1011100 4
36 0100101 3
47 0111011 5
50 1001011 4
61 0101111 5
72 0001110 3

04 1011101 5
15 1011000 3
26 0101011 4
37 0000000 a match 6
40 1011101 5
51 1011000 3
62 0101011 4
73 0000000 a match 6

05 1001011 4
16 0101111 5
27 0001110 3
30 1100110 4
41 1001110 4
52 1011100 4
63 0100101 3
74 0111011 5

06 0111100 4
17 0001010 2
20 1101000 3
31 1110101 5
42 1001010 3
53 1010010 3
64 0011110 4
75 0101101 4

07 0011001 3
10 1101100 4
21 1111011 6
32 1110001 4
43 1000100 2
54 1101001 4
65 0001000 1 match 1
76 1011010 4

Matching output with XOR-NOT
0 absent
1 56 65
2 absent
3 absent
4 absent
5 absent
6 37 73
7 absent

Left
none
Best: none

Right
none
Best: none

Selecting

Lefts
Identity none
NOT none
Constant none
AND AND13 AND24 AND35 AND46 AND57: 5
OR none
XOR none
AND-NOT AND-NOT67: 1
OR-NOT none
XOR-NOT none

Rights
Identity none
NOT none
Constant none
AND AND04 AND73 AND62: 3
OR none
XOR none
AND-NOT none
OR-NOT none
XOR-NOT none

Left longest: 5
Right longest: 3

Left winner: Identity no, NOT no, Constant no, AND yes, OR no, XOR no, AND-NOT no, OR-NOT no, XOR-NOT no
Right winner: Identity no, NOT no, Constant no, AND yes, OR no, XOR no, AND-NOT no, OR-NOT no, XOR-NOT no

Best left: AND13 AND24 AND35 AND46 AND57: 5
Best right: AND04 AND73 AND62: 3

Truncated left: AND13 AND24 AND35 AND46 AND57: 5
Truncated right: AND04 AND73 AND62: 3

Tentative from right
7 AND04
6 AND73
5 AND62
4 pending
3 pending
2 pending
1 pending
0 pending

Tentative
0 AND13
1 AND24
2 AND35
3 AND46
4 AND57
5 AND62
6 AND73
7 AND04

Preferred from left
0 AND13
1 AND24
2 AND35
3 AND46
4 AND57
5 AND62
6 AND73
7 AND04

Preferred
0 AND13
1 AND24
2 AND35
3 AND46
4 AND57
5 AND62
6 AND73
7 AND04

Matching
0 AND13
1 AND24
2 AND35
3 AND46
4 AND57
5 AND62
6 AND73
7 AND04

Perfect match
Identity no
NOT no
Constant no
AND no
OR no
XOR no
AND-NOT no
OR-NOT no
XOR-NOT no

Matched
0 AND13
1 AND24
2 AND35
3 AND46
4 AND57
5 AND62
6 AND73
7 AND04

Selected
0 AND13
1 AND24
2 AND35
3 AND46
4 AND57
5 AND62
6 AND73
7 AND04

Applying to 01011000
Input
0 0
1 1
2 0
3 1
4 1
5 0
6 0
7 0
Output
0 AND13 = AND(1,1) = 1
1 AND24 = AND(0,1) = 0
2 AND35 = AND(1,0) = 0
3 AND46 = AND(1,0) = 0
4 AND57 = AND(0,0) = 0
5 AND62 = AND(0,0) = 0
6 AND73 = AND(0,1) = 0
7 AND04 = AND(0,1) = 0

I will now return the answer in \boxed{}
The answer in \boxed is
\boxed{10000000}
</think>
\boxed{10000000}