We need to deduce the transformation by matching the example outputs.

Output 1: 00100000
0 0
1 0
2 1
3 0
4 0
5 0
6 0
7 0

Output 2: 00000000
0 0
1 0
2 0
3 0
4 0
5 0
6 0
7 0

Output 3: 01010000
0 0
1 1
2 0
3 1
4 0
5 0
6 0
7 0

Output 4: 00000000
0 0
1 0
2 0
3 0
4 0
5 0
6 0
7 0

Output 5: 10100000
0 1
1 0
2 1
3 0
4 0
5 0
6 0
7 0

Output 6: 00000000
0 0
1 0
2 0
3 0
4 0
5 0
6 0
7 0

Output 7: 10100000
0 1
1 0
2 1
3 0
4 0
5 0
6 0
7 0

Output 8: 00000000
0 0
1 0
2 0
3 0
4 0
5 0
6 0
7 0

Output 9: 00000000
0 0
1 0
2 0
3 0
4 0
5 0
6 0
7 0

Output 10: 01100000
0 0
1 1
2 1
3 0
4 0
5 0
6 0
7 0

Output bit columns (with bitsum as hash)
0 0000101000 2
1 0010000001 2
2 1000101001 4
3 0010000000 1
4 0000000000 a
5 0000000000 a
6 0000000000 a
7 0000000000 a

Input 1: 00001110
0 0
1 0
2 0
3 0
4 1
5 1
6 1
7 0

Input 2: 01110011
0 0
1 1
2 1
3 1
4 0
5 0
6 1
7 1

Input 3: 11010101
0 1
1 1
2 0
3 1
4 0
5 1
6 0
7 1

Input 4: 01001100
0 0
1 1
2 0
3 0
4 1
5 1
6 0
7 0

Input 5: 00101110
0 0
1 0
2 1
3 0
4 1
5 1
6 1
7 0

Input 6: 11100100
0 1
1 1
2 1
3 0
4 0
5 1
6 0
7 0

Input 7: 01111011
0 0
1 1
2 1
3 1
4 1
5 0
6 1
7 1

Input 8: 00110000
0 0
1 0
2 1
3 1
4 0
5 0
6 0
7 0

Input 9: 01000100
0 0
1 1
2 0
3 0
4 0
5 1
6 0
7 0

Input 10: 01011110
0 0
1 1
2 0
3 1
4 1
5 1
6 1
7 0

Identity
0 0010010000 2
1 0111011011 7
2 0100111100 5
3 0110001101 5
4 1001101001 5
5 1011110011 7
6 1100101001 5
7 0110001000 3

Matching output with Identity
0 absent
1 absent
2 absent
3 absent
4 absent
5 absent
6 absent
7 absent

Left
none
Best: none

Right
none
Best: none

NOT
0 1101101111 8
1 1000100100 3
2 1011000011 5
3 1001110010 5
4 0110010110 5
5 0100001100 3
6 0011010110 5
7 1001110111 7

Matching output with NOT
0 absent
1 absent
2 absent
3 absent
4 absent
5 absent
6 absent
7 absent

Left
none
Best: none

Right
none
Best: none

Constant
0 0000000000 a match 4 5 6 7
1 1111111111 a

Matching output with Constant
0 absent
1 absent
2 absent
3 absent
4 C0
5 C0
6 C0
7 C0

Left
none
Best: none

Right
0 0 0 0
Best: C0 C0 C0 C0: 4

AND
01 10 0010010000 2
12 21 0100011000 3
23 32 0100001100 3
34 43 0000001001 2
45 54 1001100001 4
56 65 1000100001 3
67 76 0100001000 2
70 07 0010000000 1 match 3

02 20 0000010000 1
13 31 0110001001 4
24 42 0000101000 2 match 0
35 53 0010000001 2 match 1
46 64 1000101001 4 match 2
57 75 0010000000 1 match 3
60 06 0000000000 a match 4 5 6 7
71 17 0110001000 3

03 30 0010000000 1 match 3
14 41 0001001001 3
25 52 0000110000 2
36 63 0100001001 3
47 74 0000001000 1
50 05 0010010000 2
61 16 0100001001 3
72 27 0100001000 2

04 40 0000000000 a match 4 5 6 7
15 51 0011010011 5
26 62 0100101000 3
37 73 0110001000 3

Matching output with AND
0 24 42
1 35 53
2 46 64
3 07 70 57 75 03 30
4 06 60 04 40
5 06 60 04 40
6 06 60 04 40
7 06 60 04 40

Left
24 35 46 57 60 71x
42 53 64 75 06 17x
Best: AND24 AND35 AND46 AND57 AND60: 5

Right
06 75x
60 57x
04 73x
40 37x
Best: AND06: 1

OR
01 10 0111011011 7
12 21 0111111111 9
23 32 0110111101 7
34 43 1111101101 8
45 54 1011111011 8
56 65 1111111011 9
67 76 1110101001 6
70 07 0110011000 4

02 20 0110111100 6
13 31 0111011111 8
24 42 1101111101 8
35 53 1111111111 a
46 64 1101101001 6
57 75 1111111011 9
60 06 1110111001 7
71 17 0111011011 7

03 30 0110011101 6
14 41 1111111011 9
25 52 1111111111 a
36 63 1110101101 7
47 74 1111101001 7
50 05 1011110011 7
61 16 1111111011 9
72 27 0110111100 6

04 40 1011111001 7
15 51 1111111011 9
26 62 1100111101 7
37 73 0110001101 5

Matching output with OR
0 absent
1 absent
2 absent
3 absent
4 absent
5 absent
6 absent
7 absent

Left
none
Best: none

Right
none
Best: none

XOR
01 10 0101001011 5
12 21 0011100111 6
23 32 0010110001 4
34 43 1111100100 6
45 54 0010011010 4
56 65 0111011010 6
67 76 1010100001 4
70 07 0100011000 3

02 20 0110101100 5
13 31 0001010110 4
24 42 1101010101 6
35 53 1101111110 8
46 64 0101000000 2
57 75 1101111011 8
60 06 1110111001 7
71 17 0001010011 4

03 30 0100011101 5
14 41 1110110010 6
25 52 1111001111 8
36 63 1010100100 4
47 74 1111100001 6
50 05 1001100011 5
61 16 1011110010 6
72 27 0010110100 4

04 40 1011111001 7
15 51 1100101000 4
26 62 1000010101 4
37 73 0000000101 2

Matching output with XOR
0 absent
1 absent
2 absent
3 absent
4 absent
5 absent
6 absent
7 absent

Left
none
Best: none

Right
none
Best: none

AND-NOT
01 0000000000 a match 4 5 6 7
12 0011000011 4
23 0000110000 2
34 0110000100 3
45 0000001000 1
56 0011010010 4
67 1000100001 3
70 0100001000 2

02 0010000000 1 match 3
13 0001010010 3
24 0100010100 3
35 0100001100 3
46 0001000000 1
57 1001110011 6
60 1100101001 5
71 0000000000 a match 4 5 6 7

03 0000010000 1
14 0110010010 4
25 0100001100 3
36 0010000100 2
47 1001100001 4
50 1001100011 5
61 1000100000 2
72 0010000000 1 match 3

04 0010010000 2
15 0100001000 2
26 0000010100 2
37 0000000101 2
40 1001101001 5
51 1000100000 2
62 1000000001 2
73 0000000000 a match 4 5 6 7

05 0000000000 a match 4 5 6 7
16 0011010010 4
27 0000110100 3
30 0100001101 4
41 1000100000 2
52 1011000011 5
63 1000100000 2
74 0110000000 2

06 0010010000 2
17 0001010011 4
20 0100101100 4
31 0000000100 1
42 1001000001 3
53 1001110010 5
64 0100000000 1
75 0100001000 2

07 0000010000 1
10 0101001011 5
21 0000100100 2
32 0010000001 2 match 1
43 1001100000 3
54 0010010010 3
65 0100001000 2
76 0010000000 1 match 3

Matching output with AND-NOT
0 absent
1 32
2 absent
3 02 72 76
4 01 71 73 05
5 01 71 73 05
6 01 71 73 05
7 01 71 73 05

Left
none
Best: none

Right
01 70x
71 60x
73 62x
05 74x
Best: AND-NOT01: 1

OR-NOT
01 1010110100 5
12 1111011011 8
23 1101111110 8
34 0110011111 7
45 1101101101 7
56 1011110111 8
67 1101111111 9
70 1111101111 9

02 1011010011 6
13 1111111011 9
24 0110111110 7
35 0110001101 5
46 1011111111 9
57 1011110111 8
60 1101101111 8
71 1110101100 6

03 1011110010 6
14 0111011111 8
25 0100111100 5
36 0111011111 8
47 1001111111 8
50 1111111111 a
61 1100101101 6
72 1111001011 7

04 0110010110 5
15 0111011111 8
26 0111111110 8
37 1111111111 a
40 1101101111 8
51 1011110111 8
62 1111101011 8
73 1111111010 8

05 0110011100 5
16 0111011111 8
27 1101111111 9
30 1111101111 9
41 1001101101 6
52 1011110011 7
63 1101111011 8
74 0110011110 6

06 0011010110 5
17 1111111111 a
20 1101111111 9
31 1110101101 7
42 1011101011 7
53 1011110011 7
64 1110111111 9
75 0110001100 4

07 1011110111 8
10 1111111111 a
21 1100111100 6
32 1111001111 8
43 1001111011 7
54 1111110111 9
65 1100101101 6
76 0111011110 7

Matching output with OR-NOT
0 absent
1 absent
2 absent
3 absent
4 absent
5 absent
6 absent
7 absent

Left
none
Best: none

Right
none
Best: none

XOR-NOT
01 1010110100 5
12 1100011000 4
23 1101001110 6
34 0000011011 4
45 1101100101 6
56 1000100101 4
67 0101011110 6
70 1011100111 7

02 1001010011 5
13 1110101001 6
24 0010101010 4
35 0010000001 2 match 1
46 1010111111 8
57 0010000100 2
60 0001000110 3
71 1110101100 6

03 1011100010 5
14 0001001101 4
25 0000110000 2
36 0101011011 6
47 0000011110 4
50 0110011100 5
61 0100001101 4
72 1101001011 6

04 0100000110 3
15 0011010111 6
26 0111101010 6
37 1111111010 8
40 0100000110 3
51 0011010111 6
62 0111101010 6
73 1111111010 8

05 0110011100 5
16 0100001101 4
27 1101001011 6
30 1011100010 5
41 0001001101 4
52 0000110000 2
63 0101011011 6
74 0000011110 4

06 0001000110 3
17 1110101100 6
20 1001010011 5
31 1110101001 6
42 0010101010 4
53 0010000001 2 match 1
64 1010111111 8
75 0010000100 2

07 1011100111 7
10 1010110100 5
21 1100011000 4
32 1101001110 6
43 0000011011 4
54 1101100101 6
65 1000100101 4
76 0101011110 6

Matching output with XOR-NOT
0 absent
1 35 53
2 absent
3 absent
4 absent
5 absent
6 absent
7 absent

Left
none
Best: none

Right
none
Best: none

Selecting

Lefts
Identity none
NOT none
Constant none
AND AND24 AND35 AND46 AND57 AND60: 5
OR none
XOR none
AND-NOT none
OR-NOT none
XOR-NOT none

Rights
Identity none
NOT none
Constant C0 C0 C0 C0: 4
AND AND06: 1
OR none
XOR none
AND-NOT AND-NOT01: 1
OR-NOT none
XOR-NOT none

Left longest: 5
Right longest: 4

Left winner: Identity no, NOT no, Constant no, AND yes, OR no, XOR no, AND-NOT no, OR-NOT no, XOR-NOT no
Right winner: Identity no, NOT no, Constant yes, AND no, OR no, XOR no, AND-NOT no, OR-NOT no, XOR-NOT no

Best left: AND24 AND35 AND46 AND57 AND60: 5
Best right: C0 C0 C0 C0: 4

Truncated left: AND24 AND35 AND46 AND57 AND60: 5
Truncated right: C0 C0 C0: 3

Tentative from right
7 C0
6 C0
5 C0
4 pending
3 pending
2 pending
1 pending
0 pending

Tentative
0 AND24
1 AND35
2 AND46
3 AND57
4 AND60
5 C0
6 C0
7 C0

Preferred from left
0 AND24
1 AND35
2 AND46
3 AND57
4 AND60
5 C0
6 C0
7 C0

Preferred
0 AND24
1 AND35
2 AND46
3 AND57
4 AND60
5 C0
6 C0
7 C0

Matching
0 AND24
1 AND35
2 AND46
3 AND57
4 AND60
5 C0
6 C0
7 C0

Perfect match
Identity no
NOT no
Constant no
AND no
OR no
XOR no
AND-NOT no
OR-NOT no
XOR-NOT no

Matched
0 AND24
1 AND35
2 AND46
3 AND57
4 AND60
5 C0
6 C0
7 C0

Selected
0 AND24
1 AND35
2 AND46
3 AND57
4 AND60
5 C0
6 C0
7 C0

Applying to 00101011
Input
0 0
1 0
2 1
3 0
4 1
5 0
6 1
7 1
Output
0 AND24 = AND(1,1) = 1
1 AND35 = AND(0,0) = 0
2 AND46 = AND(1,1) = 1
3 AND57 = AND(0,1) = 0
4 AND60 = AND(1,0) = 0
5 C0 = 0
6 C0 = 0
7 C0 = 0

I will now return the answer in \boxed{}
The answer in \boxed is
\boxed{10100000}
</think>
\boxed{10100000}