We need to deduce the transformation by matching the example outputs.

Output 1: 01100101
0 0
1 1
2 1
3 0
4 0
5 1
6 0
7 1

Output 2: 00011001
0 0
1 0
2 0
3 1
4 1
5 0
6 0
7 1

Output 3: 10001101
0 1
1 0
2 0
3 0
4 1
5 1
6 0
7 1

Output 4: 10100011
0 1
1 0
2 1
3 0
4 0
5 0
6 1
7 1

Output 5: 00000110
0 0
1 0
2 0
3 0
4 0
5 1
6 1
7 0

Output 6: 01110000
0 0
1 1
2 1
3 1
4 0
5 0
6 0
7 0

Output 7: 10001100
0 1
1 0
2 0
3 0
4 1
5 1
6 0
7 0

Output bit columns (with bitsum as hash)
0 0011001 3
1 1000010 2
2 1001010 3
3 0100010 2
4 0110001 3
5 1010101 4
6 0001100 2
7 1111000 4

Input 1: 10101100
0 1
1 0
2 1
3 0
4 1
5 1
6 0
7 0

Input 2: 00100011
0 0
1 0
2 1
3 0
4 0
5 0
6 1
7 1

Input 3: 10111001
0 1
1 0
2 1
3 1
4 1
5 0
6 0
7 1

Input 4: 01110100
0 0
1 1
2 1
3 1
4 0
5 1
6 0
7 0

Input 5: 11000000
0 1
1 1
2 0
3 0
4 0
5 0
6 0
7 0

Input 6: 00001110
0 0
1 0
2 0
3 0
4 1
5 1
6 1
7 0

Input 7: 10011001
0 1
1 0
2 0
3 1
4 1
5 0
6 0
7 1

Identity
0 1010101 4 match 5
1 0001100 2 match 6
2 1111000 4 match 7
3 0011001 3 match 0
4 1010011 4
5 1001010 3 match 2
6 0100010 2 match 3
7 0110001 3 match 4

Matching output with Identity
0 3
1 absent
2 5
3 6
4 7
5 0
6 1
7 2

Left
3 4x
Best: I3: 1

Right
2 1 0 7 6 5 4x
Best: I2 I1 I0 I7 I6 I5: 6

NOT
0 0101010 3
1 1110011 5
2 0000111 3
3 1100110 4
4 0101100 3
5 0110101 4
6 1011101 5
7 1001110 4

Matching output with NOT
0 absent
1 absent
2 absent
3 absent
4 absent
5 absent
6 absent
7 absent

Left
none
Best: none

Right
none
Best: none

Constant
0 0000000 a
1 1111111 a

Matching output with Constant
0 absent
1 absent
2 absent
3 absent
4 absent
5 absent
6 absent
7 absent

Left
none
Best: none

Right
none
Best: none

AND
01 10 0000100 1
12 21 0001000 1
23 32 0011000 2
34 43 0010001 2
45 54 1000010 2 match 1
56 65 0000010 1
67 76 0100000 1
70 07 0010001 2

02 20 1010000 2
13 31 0001000 1
24 42 1010000 2
35 53 0001000 1
46 64 0000010 1
57 75 0000000 a
60 06 0000000 a
71 17 0000000 a

03 30 0010001 2
14 41 0000000 a
25 52 1001000 2
36 63 0000000 a
47 74 0010001 2
50 05 1000000 1
61 16 0000000 a
72 27 0110000 2

04 40 1010001 3
15 51 0001000 1
26 62 0100000 1
37 73 0010001 2

Matching output with AND
0 absent
1 45 54
2 absent
3 absent
4 absent
5 absent
6 absent
7 absent

Left
none
Best: none

Right
none
Best: none

OR
01 10 1011101 5
12 21 1111100 5
23 32 1111001 5
34 43 1011011 5
45 54 1011011 5
56 65 1101010 4
67 76 0110011 4
70 07 1110101 5

02 20 1111101 6
13 31 0011101 4
24 42 1111011 6
35 53 1011011 5
46 64 1110011 5
57 75 1111011 6
60 06 1110111 6
71 17 0111101 5

03 30 1011101 5
14 41 1011111 6
25 52 1111010 5
36 63 0111011 5
47 74 1110011 5
50 05 1011111 6
61 16 0101110 4
72 27 1111001 5

04 40 1010111 5
15 51 1001110 4
26 62 1111010 5
37 73 0111001 4

Matching output with OR
0 absent
1 absent
2 absent
3 absent
4 absent
5 absent
6 absent
7 absent

Left
none
Best: none

Right
none
Best: none

XOR
01 10 1011001 4
12 21 1110100 4
23 32 1100001 3
34 43 1001010 3 match 2
45 54 0011001 3 match 0
56 65 1101000 3
67 76 0010011 3
70 07 1100100 3

02 20 0101101 4
13 31 0010101 3
24 42 0101011 4
35 53 1010011 4
46 64 1110001 4
57 75 1111011 6
60 06 1110111 6
71 17 0111101 5

03 30 1001100 3
14 41 1011111 6
25 52 0110010 3
36 63 0111011 5
47 74 1100010 3
50 05 0011111 5
61 16 0101110 4
72 27 1001001 3

04 40 0000110 2
15 51 1000110 3
26 62 1011010 4
37 73 0101000 2

Matching output with XOR
0 45 54
1 absent
2 34 43
3 absent
4 absent
5 absent
6 absent
7 absent

Left
45 56x
54 65x
Best: XOR45: 1

Right
none
Best: none

AND-NOT
01 1010001 3
12 0000100 1
23 1100000 2
34 0001000 1
45 0010001 2
56 1001000 2
67 0000010 1
70 0100000 1

02 0000101 2
13 0000100 1
24 0101000 2
35 0010001 2
46 1010001 3
57 1001010 3 match 2
60 0100010 2 match 3
71 0110001 3 match 4

03 1000100 2
14 0001100 2 match 6
25 0110000 2
36 0011001 3 match 0
47 1000010 2 match 1
50 0001010 2
61 0100010 2 match 3
72 0000001 1

04 0000100 1
15 0000100 1
26 1011000 3
37 0001000 1
40 0000010 1
51 1000010 2 match 1
62 0000010 1
73 0100000 1

05 0010101 3
16 0001100 2 match 6
27 1001000 2
30 0001000 1
41 1010011 4
52 0000010 1
63 0100010 2 match 3
74 0100000 1

06 1010101 4 match 5
17 0001100 2 match 6
20 0101000 2
31 0010001 2
42 0000011 2
53 1000010 2 match 1
64 0100000 1
75 0110001 3 match 4

07 1000100 2
10 0001000 1
21 1110000 3
32 0000001 1
43 1000010 2 match 1
54 0001000 1
65 0100000 1
76 0010001 2

Matching output with AND-NOT
0 36
1 47 51 53 43
2 57
3 60 61 63
4 71 75
5 06
6 14 16 17
7 absent

Left
36 47 50x
Best: AND-NOT36 AND-NOT47: 2

Right
none
Best: none

OR-NOT
01 1110111 6
12 0001111 4
23 1111110 6
34 0111101 5
45 1110111 6
56 1011111 6
67 1101110 5
70 0111011 5

02 1010111 5
13 1101110 5
24 1111100 5
35 0111101 5
46 1011111 6
57 1001110 4
60 0101010 3
71 1110011 5

03 1110111 6
14 0101100 3
25 1111101 6
36 1011101 5
47 1011111 6
50 1101010 4
61 1110011 5
72 0110111 5

04 1111101 6
15 0111101 5
26 1111101 6
37 1011111 6
40 1111011 6
51 1111011 6
62 0100111 4
73 1110111 6

05 1110101 5
16 1011101 5
27 1111110 6
30 0111011 5
41 1110011 5
52 1001111 5
63 1100110 4
74 0111101 5

06 1011101 5
17 1001110 4
20 1111010 5
31 1111011 6
42 1010111 5
53 1101110 5
64 0101110 4
75 0110101 4

07 1011111 6
10 0101110 4
21 1111011 6
32 0011111 5
43 1110111 6
54 1101110 5
65 0110111 5
76 1111101 6

Matching output with OR-NOT
0 absent
1 absent
2 absent
3 absent
4 absent
5 absent
6 absent
7 absent

Left
none
Best: none

Right
none
Best: none

XOR-NOT
01 0100110 3
12 0001011 3
23 0011110 4
34 0110101 4
45 1100110 4
56 0010111 4
67 1101100 4
70 0011011 4

02 1010010 3
13 1101010 4
24 1010100 3
35 0101100 3
46 0001110 3
57 0000100 1
60 0001000 1
71 1000010 2 match 1

03 0110011 4
14 0100000 1
25 1001101 4
36 1000100 2
47 0011101 4
50 1100000 2
61 1010001 3
72 0110110 4

04 1111001 5
15 0111001 4
26 0100101 3
37 1010111 5
40 1111001 5
51 0111001 4
62 0100101 3
73 1010111 5

05 1100000 2
16 1010001 3
27 0110110 4
30 0110011 4
41 0100000 1
52 1001101 4
63 1000100 2
74 0011101 4

06 0001000 1
17 1000010 2 match 1
20 1010010 3
31 1101010 4
42 1010100 3
53 0101100 3
64 0001110 3
75 0000100 1

07 0011011 4
10 0100110 3
21 0001011 3
32 0011110 4
43 0110101 4
54 1100110 4
65 0010111 4
76 1101100 4

Matching output with XOR-NOT
0 absent
1 71 17
2 absent
3 absent
4 absent
5 absent
6 absent
7 absent

Left
none
Best: none

Right
none
Best: none

Selecting

Lefts
Identity I3: 1
NOT none
Constant none
AND none
OR none
XOR XOR45: 1
AND-NOT AND-NOT36 AND-NOT47: 2
OR-NOT none
XOR-NOT none

Rights
Identity I2 I1 I0 I7 I6 I5: 6
NOT none
Constant none
AND none
OR none
XOR none
AND-NOT none
OR-NOT none
XOR-NOT none

Left longest: 2
Right longest: 6

Right winner: Identity yes, NOT no, Constant no, AND no, OR no, XOR no, AND-NOT no, OR-NOT no, XOR-NOT no
Left winner: Identity no, NOT no, Constant no, AND no, OR no, XOR no, AND-NOT yes, OR-NOT no, XOR-NOT no

Best right: I2 I1 I0 I7 I6 I5: 6
Best left: AND-NOT36 AND-NOT47: 2

Truncated right: I2 I1 I0 I7 I6 I5: 6
Truncated left: AND-NOT36 AND-NOT47: 2

Tentative from right
7 I2
6 I1
5 I0
4 I7
3 I6
2 I5
1 pending
0 pending

Tentative
0 AND-NOT36
1 AND-NOT47
2 I5
3 I6
4 I7
5 I0
6 I1
7 I2

Preferred from right
7 I2
6 I1
5 I0
4 I7
3 I6
2 I5
1 AND-NOT47
0 AND-NOT36

Preferred
0 AND-NOT36
1 AND-NOT47
2 I5
3 I6
4 I7
5 I0
6 I1
7 I2

Matching
0 AND-NOT36
1 AND-NOT47
2 I5
3 I6
4 I7
5 I0
6 I1
7 I2

Perfect match
Identity no
NOT no
Constant no
AND no
OR no
XOR no
AND-NOT no
OR-NOT no
XOR-NOT no

Matched
0 AND-NOT36
1 AND-NOT47
2 I5
3 I6
4 I7
5 I0
6 I1
7 I2

Selected
0 AND-NOT36
1 AND-NOT47
2 I5
3 I6
4 I7
5 I0
6 I1
7 I2

Applying to 00111110
Input
0 0
1 0
2 1
3 1
4 1
5 1
6 1
7 0
Output
0 AND-NOT36 = AND(1,NOT(1)) = 0
1 AND-NOT47 = AND(1,NOT(0)) = 1
2 I5 = 1
3 I6 = 1
4 I7 = 0
5 I0 = 0
6 I1 = 0
7 I2 = 1

I will now return the answer in \boxed{}
The answer in \boxed is
\boxed{01110001}
</think>
\boxed{01110001}