We need to deduce the transformation by matching the example outputs.

Output 1: 00011000
0 0
1 0
2 0
3 1
4 1
5 0
6 0
7 0

Output 2: 01100000
0 0
1 1
2 1
3 0
4 0
5 0
6 0
7 0

Output 3: 11100001
0 1
1 1
2 1
3 0
4 0
5 0
6 0
7 1

Output 4: 00010000
0 0
1 0
2 0
3 1
4 0
5 0
6 0
7 0

Output 5: 00001100
0 0
1 0
2 0
3 0
4 1
5 1
6 0
7 0

Output 6: 00011010
0 0
1 0
2 0
3 1
4 1
5 0
6 1
7 0

Output 7: 11001111
0 1
1 1
2 0
3 0
4 1
5 1
6 1
7 1

Output 8: 11011111
0 1
1 1
2 0
3 1
4 1
5 1
6 1
7 1

Output 9: 11111011
0 1
1 1
2 1
3 1
4 1
5 0
6 1
7 1

Output bit columns (with bitsum as hash)
0 001000111 4
1 011000111 5
2 011000001 3
3 100101011 5
4 100011111 6
5 000010110 3
6 000001111 4
7 001000111 4

Input 1: 11100001
0 1
1 1
2 1
3 0
4 0
5 0
6 0
7 1

Input 2: 10000010
0 1
1 0
2 0
3 0
4 0
5 0
6 1
7 0

Input 3: 00000111
0 0
1 0
2 0
3 0
4 0
5 1
6 1
7 1

Input 4: 11000001
0 1
1 1
2 0
3 0
4 0
5 0
6 0
7 1

Input 5: 00110000
0 0
1 0
2 1
3 1
4 0
5 0
6 0
7 0

Input 6: 01101000
0 0
1 1
2 1
3 0
4 1
5 0
6 0
7 0

Input 7: 00111110
0 0
1 0
2 1
3 1
4 1
5 1
6 1
7 0

Input 8: 01111110
0 0
1 1
2 1
3 1
4 1
5 1
6 1
7 0

Input 9: 11101110
0 1
1 1
2 1
3 0
4 1
5 1
6 1
7 0

Identity
0 110100001 4
1 100101011 5 match 3
2 100011111 6 match 4
3 000010110 3 match 5
4 000001111 4 match 6
5 001000111 4 match 0 7
6 011000111 5 match 1
7 101100000 3

Matching output with Identity
0 5
1 6
2 absent
3 1
4 2
5 3
6 4
7 5

Left
5 6 7x
Best: I5 I6: 2

Right
5 4 3 2 1 0x
Best: I5 I4 I3 I2 I1: 5

NOT
0 001011110 5
1 011010100 4
2 011100000 3
3 111101001 6
4 111110000 5
5 110111000 5
6 100111000 4
7 010011111 6

Matching output with NOT
0 absent
1 absent
2 absent
3 absent
4 absent
5 absent
6 absent
7 absent

Left
none
Best: none

Right
none
Best: none

Constant
0 000000000 a
1 111111111 a

Matching output with Constant
0 absent
1 absent
2 absent
3 absent
4 absent
5 absent
6 absent
7 absent

Left
none
Best: none

Right
none
Best: none

AND
01 10 100100001 3
12 21 100001011 4
23 32 000010110 3 match 5
34 43 000000110 2
45 54 000000111 3
56 65 001000111 4 match 0 7
67 76 001000000 1
70 07 100100000 2

02 20 100000001 2
13 31 000000010 1
24 42 000001111 4 match 6
35 53 000000110 2
46 64 000000111 3
57 75 001000000 1
60 06 010000001 2
71 17 100100000 2

03 30 000000000 a
14 41 000001011 3
25 52 000000111 3
36 63 000000110 2
47 74 000000000 a
50 05 000000001 1
61 16 000000011 2
72 27 100000000 1

04 40 000000001 1
15 51 000000011 2
26 62 000000111 3
37 73 000000000 a

Matching output with AND
0 56 65
1 absent
2 absent
3 absent
4 absent
5 23 32
6 24 42
7 56 65

Left
56 67x
65 76x
Best: AND56: 1

Right
56 45x
65 54x
Best: AND56: 1

OR
01 10 110101011 6
12 21 100111111 7
23 32 100011111 6 match 4
34 43 000011111 5
45 54 001001111 5
56 65 011000111 5 match 1
67 76 111100111 7
70 07 111100001 5

02 20 110111111 8
13 31 100111111 7
24 42 100011111 6 match 4
35 53 001010111 5
46 64 011001111 6
57 75 101100111 6
60 06 111100111 7
71 17 101101011 6

03 30 110110111 7
14 41 100101111 6
25 52 101011111 7
36 63 011010111 6
47 74 101101111 7
50 05 111100111 7
61 16 111101111 8
72 27 101111111 8

04 40 110101111 7
15 51 101101111 7
26 62 111011111 8
37 73 101110110 6

Matching output with OR
0 absent
1 56 65
2 absent
3 absent
4 23 32 24 42
5 absent
6 absent
7 absent

Left
none
Best: none

Right
none
Best: none

XOR
01 10 010001010 3
12 21 000110100 3
23 32 100001001 3
34 43 000011001 3
45 54 001001000 2
56 65 010000000 1
67 76 110100111 6
70 07 011000001 3 match 2

02 20 010111110 6
13 31 100111101 6
24 42 100010000 2
35 53 001010001 3
46 64 011001000 3
57 75 100100111 5
60 06 101100110 5
71 17 001001011 4

03 30 110110111 7
14 41 100100100 3
25 52 101011000 4
36 63 011010001 4
47 74 101101111 7
50 05 111100110 6
61 16 111101100 6
72 27 001111111 7

04 40 110101110 6
15 51 101101100 5
26 62 111011000 5
37 73 101110110 6

Matching output with XOR
0 absent
1 absent
2 07 70
3 absent
4 absent
5 absent
6 absent
7 absent

Left
none
Best: none

Right
none
Best: none

AND-NOT
01 010000000 1
12 000100000 1
23 100001001 3
34 000010000 1
45 000001000 1
56 000000000 a
67 010000111 4
70 001000000 1

02 010100000 2
13 100101001 4
24 100010000 2
35 000010000 1
46 000001000 1
57 000000111 3
60 001000110 3
71 001000000 1

03 110100001 4
14 100100000 2
25 100011000 3
36 000010000 1
47 000001111 4 match 6
50 001000110 3
61 011000100 3
72 001100000 2

04 110100000 3
15 100101000 3
26 100011000 3
37 000010110 3 match 5
40 000001110 3
51 001000100 2
62 011000000 2
73 101100000 3

05 110100000 3
16 100101000 3
27 000011111 5
30 000010110 3 match 5
41 000000100 1
52 001000000 1
63 011000001 3 match 2
74 101100000 3

06 100100000 2
17 000001011 3
20 000011110 4
31 000010100 2
42 000000000 a
53 001000001 2
64 011000000 2
75 100100000 2

07 010000001 2
10 000001010 2
21 000010100 2
32 000000000 a
43 000001001 2
54 001000000 1
65 010000000 1
76 100100000 2

Matching output with AND-NOT
0 absent
1 absent
2 63
3 absent
4 absent
5 37 30
6 47
7 absent

Left
none
Best: none

Right
none
Best: none

OR-NOT
01 111110101 7
12 111101011 7
23 111111111 a
34 111110110 7
45 110111111 8
56 101111111 8
67 011011111 7
70 101111110 7

02 111100001 5
13 111101011 7
24 111111111 a
35 110111110 7
46 100111111 7
57 011011111 7
60 011011111 7
71 111110100 6

03 111101001 6
14 111111011 8
25 110111111 8
36 100111110 6
47 010011111 6
50 001011111 6
61 011010111 6
72 111100000 4

04 111110001 6
15 110111011 7
26 100111111 7
37 010011111 6
40 001011111 6
51 011010111 6
62 011100111 6
73 111101001 6

05 110111001 6
16 100111011 6
27 110011111 7
30 001011110 5
41 011011111 7
52 011100111 6
63 111101111 8
74 111110000 5

06 110111001 6
17 110111111 8
20 101011111 7
31 011010110 5
42 011101111 7
53 111101111 8
64 111110111 8
75 111111000 6

07 110111111 8
10 101111111 8
21 111011111 8
32 011110110 6
43 111101111 8
54 111110111 8
65 111111111 a
76 101111000 5

Matching output with OR-NOT
0 absent
1 absent
2 absent
3 absent
4 absent
5 absent
6 absent
7 absent

Left
none
Best: none

Right
none
Best: none

XOR-NOT
01 101110101 6
12 111001011 6
23 011110110 6
34 111100110 6
45 110110111 7
56 101111111 8
67 001011000 3
70 100111110 6

02 101000001 3
13 011000010 3
24 011101111 7
35 110101110 6
46 100110111 6
57 011011000 4
60 010011001 4
71 110110100 5

03 001001000 2
14 011011011 6
25 010100111 5
36 100101110 5
47 010010000 2
50 000011001 3
61 000010011 3
72 110000000 2

04 001010001 3
15 010010011 4
26 000100111 4
37 010001001 3
40 001010001 3
51 010010011 4
62 000100111 4
73 010001001 3

05 000011001 3
16 000010011 3
27 110000000 2
30 001001000 2
41 011011011 6
52 010100111 5
63 100101110 5
74 010010000 2

06 010011001 4
17 110110100 5
20 101000001 3
31 011000010 3
42 011101111 7
53 110101110 6
64 100110111 6
75 011011000 4

07 100111110 6
10 101110101 6
21 111001011 6
32 011110110 6
43 111100110 6
54 110110111 7
65 101111111 8
76 001011000 3

Matching output with XOR-NOT
0 absent
1 absent
2 absent
3 absent
4 absent
5 absent
6 absent
7 absent

Left
none
Best: none

Right
none
Best: none

Selecting

Lefts
Identity I5 I6: 2
NOT none
Constant none
AND AND56: 1
OR none
XOR none
AND-NOT none
OR-NOT none
XOR-NOT none

Rights
Identity I5 I4 I3 I2 I1: 5
NOT none
Constant none
AND AND56: 1
OR none
XOR none
AND-NOT none
OR-NOT none
XOR-NOT none

Left longest: 2
Right longest: 5

Right winner: Identity yes, NOT no, Constant no, AND no, OR no, XOR no, AND-NOT no, OR-NOT no, XOR-NOT no
Left winner: Identity yes, NOT no, Constant no, AND no, OR no, XOR no, AND-NOT no, OR-NOT no, XOR-NOT no

Best right: I5 I4 I3 I2 I1: 5
Best left: I5 I6: 2

Truncated right: I5 I4 I3 I2 I1: 5
Truncated left: I5 I6: 2

Tentative from right
7 I5
6 I4
5 I3
4 I2
3 I1
2 pending
1 pending
0 pending

Tentative
0 I5
1 I6
2 pending
3 I1
4 I2
5 I3
6 I4
7 I5

Preferred from right
7 I5
6 I4
5 I3
4 I2
3 I1
2 ??0
1 I6
0 I5

Preferred
0 I5
1 I6
2 ?70
3 I1
4 I2
5 I3
6 I4
7 I5

Matching
0 I5
1 I6
2 ?70 - Identity absent, NOT absent, Constant absent, AND absent, OR absent, XOR70, AND-NOT absent, OR-NOT absent, XOR-NOT absent
3 I1
4 I2
5 I3
6 I4
7 I5

Perfect match
Identity no
NOT no
Constant no
AND no
OR no
XOR yes
AND-NOT no
OR-NOT no
XOR-NOT no

Matched
0 I5
1 I6
2 XOR70
3 I1
4 I2
5 I3
6 I4
7 I5

Selected
0 I5
1 I6
2 XOR70
3 I1
4 I2
5 I3
6 I4
7 I5

Applying to 01100111
Input
0 0
1 1
2 1
3 0
4 0
5 1
6 1
7 1
Output
0 I5 = 1
1 I6 = 1
2 XOR70 = XOR(1,0) = 1
3 I1 = 1
4 I2 = 1
5 I3 = 0
6 I4 = 0
7 I5 = 1

I will now return the answer in \boxed{}
The answer in \boxed is
\boxed{11111001}
</think>
\boxed{11111001}