We need to deduce the transformation by matching the example outputs.

Output 1: 00000011
0 0
1 0
2 0
3 0
4 0
5 0
6 1
7 1

Output 2: 00100001
0 0
1 0
2 1
3 0
4 0
5 0
6 0
7 1

Output 3: 10100011
0 1
1 0
2 1
3 0
4 0
5 0
6 1
7 1

Output 4: 10000001
0 1
1 0
2 0
3 0
4 0
5 0
6 0
7 1

Output 5: 10000001
0 1
1 0
2 0
3 0
4 0
5 0
6 0
7 1

Output 6: 10000011
0 1
1 0
2 0
3 0
4 0
5 0
6 1
7 1

Output 7: 00100001
0 0
1 0
2 1
3 0
4 0
5 0
6 0
7 1

Output bit columns (with bitsum as hash)
0 0011110 4
1 0000000 a
2 0110001 3
3 0000000 a
4 0000000 a
5 0000000 a
6 1010010 3
7 1111111 a

Input 1: 11101000
0 1
1 1
2 1
3 0
4 1
5 0
6 0
7 0

Input 2: 01010001
0 0
1 1
2 0
3 1
4 0
5 0
6 0
7 1

Input 3: 11001101
0 1
1 1
2 0
3 0
4 1
5 1
6 0
7 1

Input 4: 01001100
0 0
1 1
2 0
3 0
4 1
5 1
6 0
7 0

Input 5: 01010100
0 0
1 1
2 0
3 1
4 0
5 1
6 0
7 0

Input 6: 11010100
0 1
1 1
2 0
3 1
4 0
5 1
6 0
7 0

Input 7: 01011001
0 0
1 1
2 0
3 1
4 1
5 0
6 0
7 1

Identity
0 1010010 3 match 6
1 1111111 a match 7
2 1000000 1
3 0100111 4
4 1011001 4
5 0011110 4 match 0
6 0000000 a match 1 3 4 5
7 0110001 3 match 2

Matching output with Identity
0 5
1 6
2 7
3 6
4 6
5 6
6 0
7 1

Left
5 6 7 0x
Best: I5 I6 I7: 3

Right
1 0 7x
Best: I1 I0: 2

NOT
0 0101101 4
1 0000000 a match 1 3 4 5
2 0111111 6
3 1011000 3
4 0100110 3
5 1100001 3
6 1111111 a match 7
7 1001110 4

Matching output with NOT
0 absent
1 1
2 absent
3 1
4 1
5 1
6 absent
7 6

Left
none
Best: none

Right
6 5x
Best: NOT6: 1

Constant
0 0000000 a match 1 3 4 5
1 1111111 a match 7

Matching output with Constant
0 absent
1 C0
2 absent
3 C0
4 C0
5 C0
6 absent
7 C1

Left
none
Best: none

Right
1
Best: C1: 1

AND
01 10 1010010 3 match 6
12 21 1000000 1
23 32 0000000 a match 1 3 4 5
34 43 0000001 1
45 54 0011000 2
56 65 0000000 a match 1 3 4 5
67 76 0000000 a match 1 3 4 5
70 07 0010000 1

02 20 1000000 1
13 31 0100111 4
24 42 1000000 1
35 53 0000110 2
46 64 0000000 a match 1 3 4 5
57 75 0010000 1
60 06 0000000 a match 1 3 4 5
71 17 0110001 3 match 2

03 30 0000010 1
14 41 1011001 4
25 52 0000000 a match 1 3 4 5
36 63 0000000 a match 1 3 4 5
47 74 0010001 2
50 05 0010010 2
61 16 0000000 a match 1 3 4 5
72 27 0000000 a match 1 3 4 5

04 40 1010000 2
15 51 0011110 4 match 0
26 62 0000000 a match 1 3 4 5
37 73 0100001 2

Matching output with AND
0 15 51
1 23 32 56 65 67 76 46 64 06 60 25 52 36 63 16 61 27 72 26 62
2 17 71
3 23 32 56 65 67 76 46 64 06 60 25 52 36 63 16 61 27 72 26 62
4 23 32 56 65 67 76 46 64 06 60 25 52 36 63 16 61 27 72 26 62
5 23 32 56 65 67 76 46 64 06 60 25 52 36 63 16 61 27 72 26 62
6 01 10
7 absent

Left
15 26 37x
51 62 73x
Best: AND15 AND26: 2

Right
none
Best: none

OR
01 10 1111111 a match 7
12 21 1111111 a match 7
23 32 1100111 5
34 43 1111111 a match 7
45 54 1011111 6
56 65 0011110 4 match 0
67 76 0110001 3 match 2
70 07 1110011 5

02 20 1010010 3 match 6
13 31 1111111 a match 7
24 42 1011001 4
35 53 0111111 6
46 64 1011001 4
57 75 0111111 6
60 06 1010010 3 match 6
71 17 1111111 a match 7

03 30 1110111 6
14 41 1111111 a match 7
25 52 1011110 5
36 63 0100111 4
47 74 1111001 5
50 05 1011110 5
61 16 1111111 a match 7
72 27 1110001 4

04 40 1011011 5
15 51 1111111 a match 7
26 62 1000000 1
37 73 0110111 5

Matching output with OR
0 56 65
1 absent
2 67 76
3 absent
4 absent
5 absent
6 02 20 06 60
7 01 10 12 21 34 43 13 31 17 71 14 41 16 61 15 51

Left
56 67x
65 76x
Best: OR56: 1

Right
01 70x
10 07x
12 01x
21 10x
34 23x
43 32x
13 02 71x
31 20 17x
17 06 75x
71 60 57x
14 03x
41 30x
16 05x
61 50x
15 04x
51 40x
Best: OR13 OR02: 2

XOR
01 10 0101101 4
12 21 0111111 6
23 32 1100111 5
34 43 1111110 6
45 54 1000111 4
56 65 0011110 4 match 0
67 76 0110001 3 match 2
70 07 1100011 4

02 20 0010010 2
13 31 1011000 3
24 42 0011001 3
35 53 0111001 4
46 64 1011001 4
57 75 0101111 5
60 06 1010010 3 match 6
71 17 1001110 4

03 30 1110101 5
14 41 0100110 3
25 52 1011110 5
36 63 0100111 4
47 74 1101000 3
50 05 1001100 3
61 16 1111111 a match 7
72 27 1110001 4

04 40 0001011 3
15 51 1100001 3
26 62 1000000 1
37 73 0010110 3

Matching output with XOR
0 56 65
1 absent
2 67 76
3 absent
4 absent
5 absent
6 06 60
7 16 61

Left
56 67x
65 76x
Best: XOR56: 1

Right
16 05x
61 50x
Best: XOR16: 1

AND-NOT
01 0000000 a match 1 3 4 5
12 0111111 6
23 1000000 1
34 0100110 3
45 1000001 2
56 0011110 4 match 0
67 0000000 a match 1 3 4 5
70 0100001 2

02 0010010 2
13 1011000 3
24 0000000 a match 1 3 4 5
35 0100001 2
46 1011001 4
57 0001110 3
60 0000000 a match 1 3 4 5
71 0000000 a match 1 3 4 5

03 1010000 2
14 0100110 3
25 1000000 1
36 0100111 4
47 1001000 2
50 0001100 2
61 0000000 a match 1 3 4 5
72 0110001 3 match 2

04 0000010 1
15 1100001 3
26 1000000 1
37 0000110 2
40 0001001 2
51 0000000 a match 1 3 4 5
62 0000000 a match 1 3 4 5
73 0010000 1

05 1000000 1
16 1111111 a match 7
27 1000000 1
30 0100101 3
41 0000000 a match 1 3 4 5
52 0011110 4 match 0
63 0000000 a match 1 3 4 5
74 0100000 1

06 1010010 3 match 6
17 1001110 4
20 0000000 a match 1 3 4 5
31 0000000 a match 1 3 4 5
42 0011001 3
53 0011000 2
64 0000000 a match 1 3 4 5
75 0100001 2

07 1000010 2
10 0101101 4
21 0000000 a match 1 3 4 5
32 0100111 4
43 1011000 3
54 0000110 2
65 0000000 a match 1 3 4 5
76 0110001 3 match 2

Matching output with AND-NOT
0 56 52
1 01 67 24 60 71 61 51 62 41 63 20 31 64 21 65
2 72 76
3 01 67 24 60 71 61 51 62 41 63 20 31 64 21 65
4 01 67 24 60 71 61 51 62 41 63 20 31 64 21 65
5 01 67 24 60 71 61 51 62 41 63 20 31 64 21 65
6 06
7 16

Left
56 67 70x
52 63 74x
Best: AND-NOT56 AND-NOT67: 2

Right
16 05x
Best: AND-NOT16: 1

OR-NOT
01 1010010 3 match 6
12 1111111 a match 7
23 1011000 3
34 0100111 4
45 1111001 5
56 1111111 a match 7
67 1001110 4
70 0111101 5

02 1111111 a match 7
13 1111111 a match 7
24 1100110 4
35 1100111 5
46 1111111 a match 7
57 1011110 5
60 0101101 4
71 0110001 3 match 2

03 1011010 4
14 1111111 a match 7
25 1100001 3
36 1111111 a match 7
47 1011111 6
50 0111111 6
61 0000000 a match 1 3 4 5
72 0111111 6

04 1110110 5
15 1111111 a match 7
26 1111111 a match 7
37 1101111 6
40 1111101 6
51 0011110 4 match 0
62 0111111 6
73 1111001 5

05 1110011 5
16 1111111 a match 7
27 1001110 4
30 0101111 5
41 1011001 4
52 0111111 6
63 1011000 3
74 0110111 5

06 1111111 a match 7
17 1111111 a match 7
20 1101101 5
31 0100111 4
42 1111111 a match 7
53 1011110 5
64 0100110 3
75 1110001 4

07 1011110 5
10 1111111 a match 7
21 1000000 1
32 0111111 6
43 1011001 4
54 0111110 5
65 1100001 3
76 1111111 a match 7

Matching output with OR-NOT
0 51
1 61
2 71
3 61
4 61
5 61
6 01
7 12 56 02 13 46 14 36 15 26 16 06 17 42 10 76

Left
51 62x
Best: OR-NOT51: 1

Right
12 01 70x
56 45x
02 71x
13 02x
46 35x
14 03x
36 25x
15 04x
26 15x
16 05x
06 75x
17 06x
42 31x
10 07x
76 65x
Best: OR-NOT12 OR-NOT01: 2

XOR-NOT
01 1010010 3 match 6
12 1000000 1
23 0011000 2
34 0000001 1
45 0111000 3
56 1100001 3
67 1001110 4
70 0011100 3

02 1101101 5
13 0100111 4
24 1100110 4
35 1000110 3
46 0100110 3
57 1010000 2
60 0101101 4
71 0110001 3 match 2

03 0001010 2
14 1011001 4
25 0100001 2
36 1011000 3
47 0010111 4
50 0110011 4
61 0000000 a match 1 3 4 5
72 0001110 3

04 1110100 4
15 0011110 4 match 0
26 0111111 6
37 1101001 4
40 1110100 4
51 0011110 4 match 0
62 0111111 6
73 1101001 4

05 0110011 4
16 0000000 a match 1 3 4 5
27 0001110 3
30 0001010 2
41 1011001 4
52 0100001 2
63 1011000 3
74 0010111 4

06 0101101 4
17 0110001 3 match 2
20 1101101 5
31 0100111 4
42 1100110 4
53 1000110 3
64 0100110 3
75 1010000 2

07 0011100 3
10 1010010 3 match 6
21 1000000 1
32 0011000 2
43 0000001 1
54 0111000 3
65 1100001 3
76 1001110 4

Matching output with XOR-NOT
0 15 51
1 61 16
2 71 17
3 61 16
4 61 16
5 61 16
6 01 10
7 absent

Left
15 26x
51 62x
Best: XOR-NOT15: 1

Right
none
Best: none

Selecting

Lefts
Identity I5 I6 I7: 3
NOT none
Constant none
AND AND15 AND26: 2
OR OR56: 1
XOR XOR56: 1
AND-NOT AND-NOT56 AND-NOT67: 2
OR-NOT OR-NOT51: 1
XOR-NOT XOR-NOT15: 1

Rights
Identity I1 I0: 2
NOT NOT6: 1
Constant C1: 1
AND none
OR OR13 OR02: 2
XOR XOR16: 1
AND-NOT AND-NOT16: 1
OR-NOT OR-NOT12 OR-NOT01: 2
XOR-NOT none

Left longest: 3
Right longest: 2

Left winner: Identity yes, NOT no, Constant no, AND no, OR no, XOR no, AND-NOT no, OR-NOT no, XOR-NOT no
Right winner: Identity yes, NOT no, Constant no, AND no, OR no, XOR no, AND-NOT no, OR-NOT no, XOR-NOT no

Best left: I5 I6 I7: 3
Best right: I1 I0: 2

Truncated left: I5 I6 I7: 3
Truncated right: I1 I0: 2

Tentative from right
7 I1
6 I0
5 pending
4 pending
3 pending
2 pending
1 pending
0 pending

Tentative
0 I5
1 I6
2 I7
3 pending
4 pending
5 pending
6 I0
7 I1

Preferred from left
0 I5
1 I6
2 I7
3 ?0?
4 ?1?
5 ?2?
6 I0
7 I1

Preferred
0 I5
1 I6
2 I7
3 ?05
4 ?16
5 ?27
6 I0
7 I1

Matching
0 I5
1 I6
2 I7
3 ?05 - Identity absent, NOT absent, Constant C0, AND absent, OR absent, XOR absent, AND-NOT absent, OR-NOT absent, XOR-NOT absent
4 ?16 - I6, NOT1, Constant C0, AND16, OR absent, XOR absent, AND-NOT61, OR-NOT61, XOR-NOT16
5 ?27 - Identity absent, NOT absent, Constant C0, AND27, OR absent, XOR absent, AND-NOT absent, OR-NOT absent, XOR-NOT absent
6 I0
7 I1

Perfect match
Identity no
NOT no
Constant yes
AND no
OR no
XOR no
AND-NOT no
OR-NOT no
XOR-NOT no

Matched
0 I5
1 I6
2 I7
3 C0
4 C0
5 C0
6 I0
7 I1

Selected
0 I5
1 I6
2 I7
3 C0
4 C0
5 C0
6 I0
7 I1

Applying to 10010111
Input
0 1
1 0
2 0
3 1
4 0
5 1
6 1
7 1
Output
0 I5 = 1
1 I6 = 1
2 I7 = 1
3 C0 = 0
4 C0 = 0
5 C0 = 0
6 I0 = 1
7 I1 = 0

I will now return the answer in \boxed{}
The answer in \boxed is
\boxed{11100010}
</think>
\boxed{11100010}