We need to deduce the transformation by matching the example outputs.

Output 1: 01011010
0 0
1 1
2 0
3 1
4 1
5 0
6 1
7 0

Output 2: 00110110
0 0
1 0
2 1
3 1
4 0
5 1
6 1
7 0

Output 3: 00011011
0 0
1 0
2 0
3 1
4 1
5 0
6 1
7 1

Output 4: 01000011
0 0
1 1
2 0
3 0
4 0
5 0
6 1
7 1

Output 5: 01110010
0 0
1 1
2 1
3 1
4 0
5 0
6 1
7 0

Output 6: 01110011
0 0
1 1
2 1
3 1
4 0
5 0
6 1
7 1

Output 7: 10010110
0 1
1 0
2 0
3 1
4 0
5 1
6 1
7 0

Output bit columns (with bitsum as hash)
0 0000001 1
1 1001110 4
2 0100110 3
3 1110111 6
4 1010000 2
5 0100001 2
6 1111111 a
7 0011010 3

Input 1: 11010010
0 1
1 1
2 0
3 1
4 0
5 0
6 1
7 0

Input 2: 10110101
0 1
1 0
2 1
3 1
4 0
5 1
6 0
7 1

Input 3: 11011000
0 1
1 1
2 0
3 1
4 1
5 0
6 0
7 0

Input 4: 00011010
0 0
1 0
2 0
3 1
4 1
5 0
6 1
7 0

Input 5: 10010011
0 1
1 0
2 0
3 1
4 0
5 0
6 1
7 1

Input 6: 10011111
0 1
1 0
2 0
3 1
4 1
5 1
6 1
7 1

Input 7: 10110100
0 1
1 0
2 1
3 1
4 0
5 1
6 0
7 0

Identity
0 1110111 6 match 3
1 1010000 2 match 4
2 0100001 2 match 5
3 1111111 a match 6
4 0011010 3 match 7
5 0100011 3
6 1001110 4 match 1
7 0100110 3 match 2

Matching output with Identity
0 absent
1 6
2 7
3 0
4 1
5 2
6 3
7 4

Left
none
Best: none

Right
4 3 2 1 0 7 6 5x
Best: I4 I3 I2 I1 I0 I7 I6: 7

NOT
0 0001000 1
1 0101111 5
2 1011110 5
3 0000000 a
4 1100101 4
5 1011100 4
6 0110001 3
7 1011001 4

Matching output with NOT
0 absent
1 absent
2 absent
3 absent
4 absent
5 absent
6 absent
7 absent

Left
none
Best: none

Right
none
Best: none

Constant
0 0000000 a
1 1111111 a match 6

Matching output with Constant
0 absent
1 absent
2 absent
3 absent
4 absent
5 absent
6 C1
7 absent

Left
none
Best: none

Right
none
Best: none

AND
01 10 1010000 2 match 4
12 21 0000000 a
23 32 0100001 2 match 5
34 43 0011010 3 match 7
45 54 0000010 1
56 65 0000010 1
67 76 0000110 2
70 07 0100110 3 match 2

02 20 0100001 2 match 5
13 31 1010000 2 match 4
24 42 0000000 a
35 53 0100011 3
46 64 0001010 2
57 75 0100010 2
60 06 1000110 3
71 17 0000000 a

03 30 1110111 6 match 3
14 41 0010000 1
25 52 0100001 2 match 5
36 63 1001110 4 match 1
47 74 0000010 1
50 05 0100011 3
61 16 1000000 1
72 27 0100000 1

04 40 0010010 2
15 51 0000000 a
26 62 0000000 a
37 73 0100110 3 match 2

Matching output with AND
0 absent
1 36 63
2 07 70 37 73
3 03 30
4 01 10 13 31
5 23 32 02 20 25 52
6 absent
7 34 43

Left
none
Best: none

Right
34 23x
43 32x
Best: AND34: 1

OR
01 10 1110111 6 match 3
12 21 1110001 4
23 32 1111111 a match 6
34 43 1111111 a match 6
45 54 0111011 5
56 65 1101111 6
67 76 1101110 5
70 07 1110111 6 match 3

02 20 1110111 6 match 3
13 31 1111111 a match 6
24 42 0111011 5
35 53 1111111 a match 6
46 64 1011110 5
57 75 0100111 4
60 06 1111111 a match 6
71 17 1110110 5

03 30 1111111 a match 6
14 41 1011010 4
25 52 0100011 3
36 63 1111111 a match 6
47 74 0111110 5
50 05 1110111 6 match 3
61 16 1011110 5
72 27 0100111 4

04 40 1111111 a match 6
15 51 1110011 5
26 62 1101111 6
37 73 1111111 a match 6

Matching output with OR
0 absent
1 absent
2 absent
3 01 10 07 70 02 20 05 50
4 absent
5 absent
6 23 32 34 43 13 31 35 53 06 60 03 30 36 63 04 40 37 73
7 absent

Left
none
Best: none

Right
none
Best: none

XOR
01 10 0100111 4
12 21 1110001 4
23 32 1011110 5
34 43 1100101 4
45 54 0111001 4
56 65 1101101 5
67 76 1101000 3
70 07 1010001 3

02 20 1010110 4
13 31 0101111 5
24 42 0111011 5
35 53 1011100 4
46 64 1010100 3
57 75 0000101 2
60 06 0111001 4
71 17 1110110 5

03 30 0001000 1
14 41 1001010 3
25 52 0000010 1
36 63 0110001 3
47 74 0111100 4
50 05 1010100 3
61 16 0011110 4
72 27 0000111 3

04 40 1101101 5
15 51 1110011 5
26 62 1101111 6
37 73 1011001 4

Matching output with XOR
0 absent
1 absent
2 absent
3 absent
4 absent
5 absent
6 absent
7 absent

Left
none
Best: none

Right
none
Best: none

AND-NOT
01 0100111 4
12 1010000 2 match 4
23 0000000 a
34 1100101 4
45 0011000 2
56 0100001 2 match 5
67 1001000 2
70 0000000 a

02 1010110 4
13 0000000 a
24 0100001 2 match 5
35 1011100 4
46 0010000 1
57 0000001 1 match 0
60 0001000 1
71 0100110 3 match 2

03 0000000 a
14 1000000 1
25 0000000 a
36 0110001 3
47 0011000 2
50 0000000 a
61 0001110 3
72 0000110 2

04 1100101 4
15 1010000 2 match 4
26 0100001 2 match 5
37 1011001 4
40 0001000 1
51 0100011 3
62 1001110 4 match 1
73 0000000 a

05 1010100 3
16 0010000 1
27 0000001 1 match 0
30 0001000 1
41 0001010 2
52 0000010 1
63 0000000 a
74 0100100 2

06 0110001 3
17 1010000 2 match 4
20 0000000 a
31 0101111 5
42 0011010 3 match 7
53 0000000 a
64 1000100 2
75 0000100 1

07 1010001 3
10 0000000 a
21 0100001 2 match 5
32 1011110 5
43 0000000 a
54 0100001 2 match 5
65 1001100 3
76 0100000 1

Matching output with AND-NOT
0 57 27
1 62
2 71
3 absent
4 12 15 17
5 56 24 26 21 54
6 absent
7 42

Left
57 60x
27 30x
Best: AND-NOT57: 1

Right
42 31x
Best: AND-NOT42: 1

OR-NOT
01 1111111 a match 6
12 1011110 5
23 0100001 2 match 5
34 1111111 a match 6
45 1011110 5
56 0110011 4
67 1011111 6
70 0101110 4

02 1111111 a match 6
13 1010000 2 match 4
24 1100101 4
35 1111111 a match 6
46 0111011 5
57 1111011 6
60 1001110 4 match 1
71 0101111 5

03 1110111 6 match 3
14 1110101 5
25 1111101 6
36 1111111 a match 6
47 1011011 5
50 0101011 4
61 1101111 6
72 1111110 6

04 1110111 6 match 3
15 1011100 4
26 0110001 3
37 1111111 a match 6
40 0011010 3 match 7
51 0101111 5
62 1011110 5
73 0100110 3 match 2

05 1111111 a match 6
16 1110001 4
27 1111001 5
30 1111111 a match 6
41 0111111 6
52 1111111 a match 6
63 1001110 4 match 1
74 1100111 5

06 1110111 6 match 3
17 1011001 4
20 0101001 3
31 1111111 a match 6
42 1011110 5
53 0100011 3
64 1101111 6
75 1111110 6

07 1111111 a match 6
10 1011000 3
21 0101111 5
32 1111111 a match 6
43 0011010 3 match 7
54 1100111 5
65 1011110 5
76 0110111 5

Matching output with OR-NOT
0 absent
1 60 63
2 73
3 03 04 06
4 13
5 23
6 01 34 02 35 36 37 05 30 52 31 07 32
7 40 43

Left
none
Best: none

Right
40 37 26x
43 32 21x
Best: OR-NOT40 OR-NOT37: 2

XOR-NOT
01 1011000 3
12 0001110 3
23 0100001 2 match 5
34 0011010 3 match 7
45 1000110 3
56 0010010 2
67 0010111 4
70 0101110 4

02 0101001 3
13 1010000 2 match 4
24 1000100 2
35 0100011 3
46 0101011 4
57 1111010 5
60 1000110 3
71 0001001 2

03 1110111 6 match 3
14 0110101 4
25 1111101 6
36 1001110 4 match 1
47 1000011 3
50 0101011 4
61 1100001 3
72 1111000 4

04 0010010 2
15 0001100 2
26 0010000 1
37 0100110 3 match 2
40 0010010 2
51 0001100 2
62 0010000 1
73 0100110 3 match 2

05 0101011 4
16 1100001 3
27 1111000 4
30 1110111 6 match 3
41 0110101 4
52 1111101 6
63 1001110 4 match 1
74 1000011 3

06 1000110 3
17 0001001 2
20 0101001 3
31 1010000 2 match 4
42 1000100 2
53 0100011 3
64 0101011 4
75 1111010 5

07 0101110 4
10 1011000 3
21 0001110 3
32 0100001 2 match 5
43 0011010 3 match 7
54 1000110 3
65 0010010 2
76 0010111 4

Matching output with XOR-NOT
0 absent
1 36 63
2 37 73
3 03 30
4 13 31
5 23 32
6 absent
7 34 43

Left
none
Best: none

Right
34 23x
43 32x
Best: XOR-NOT34: 1

Selecting

Lefts
Identity none
NOT none
Constant none
AND none
OR none
XOR none
AND-NOT AND-NOT57: 1
OR-NOT none
XOR-NOT none

Rights
Identity I4 I3 I2 I1 I0 I7 I6: 7
NOT none
Constant none
AND AND34: 1
OR none
XOR none
AND-NOT AND-NOT42: 1
OR-NOT OR-NOT40 OR-NOT37: 2
XOR-NOT XOR-NOT34: 1

Left longest: 1
Right longest: 7

Right winner: Identity yes, NOT no, Constant no, AND no, OR no, XOR no, AND-NOT no, OR-NOT no, XOR-NOT no
Left winner: Identity no, NOT no, Constant no, AND no, OR no, XOR no, AND-NOT yes, OR-NOT no, XOR-NOT no

Best right: I4 I3 I2 I1 I0 I7 I6: 7
Best left: AND-NOT57: 1

Truncated right: I4 I3 I2 I1 I0 I7 I6: 7
Truncated left: AND-NOT57: 1

Tentative from right
7 I4
6 I3
5 I2
4 I1
3 I0
2 I7
1 I6
0 pending

Tentative
0 AND-NOT57
1 I6
2 I7
3 I0
4 I1
5 I2
6 I3
7 I4

Preferred from right
7 I4
6 I3
5 I2
4 I1
3 I0
2 I7
1 I6
0 AND-NOT57

Preferred
0 AND-NOT57
1 I6
2 I7
3 I0
4 I1
5 I2
6 I3
7 I4

Matching
0 AND-NOT57
1 I6
2 I7
3 I0
4 I1
5 I2
6 I3
7 I4

Perfect match
Identity no
NOT no
Constant no
AND no
OR no
XOR no
AND-NOT no
OR-NOT no
XOR-NOT no

Matched
0 AND-NOT57
1 I6
2 I7
3 I0
4 I1
5 I2
6 I3
7 I4

Selected
0 AND-NOT57
1 I6
2 I7
3 I0
4 I1
5 I2
6 I3
7 I4

Applying to 00110101
Input
0 0
1 0
2 1
3 1
4 0
5 1
6 0
7 1
Output
0 AND-NOT57 = AND(1,NOT(1)) = 0
1 I6 = 0
2 I7 = 1
3 I0 = 0
4 I1 = 0
5 I2 = 1
6 I3 = 1
7 I4 = 0

I will now return the answer in \boxed{}
The answer in \boxed is
\boxed{00100110}
</think>
\boxed{00100110}