We need to deduce the transformation by matching the example outputs.

Output 1: 00001110
0 0
1 0
2 0
3 0
4 1
5 1
6 1
7 0

Output 2: 00011011
0 0
1 0
2 0
3 1
4 1
5 0
6 1
7 1

Output 3: 00010000
0 0
1 0
2 0
3 1
4 0
5 0
6 0
7 0

Output 4: 11110001
0 1
1 1
2 1
3 1
4 0
5 0
6 0
7 1

Output 5: 00110010
0 0
1 0
2 1
3 1
4 0
5 0
6 1
7 0

Output 6: 10000011
0 1
1 0
2 0
3 0
4 0
5 0
6 1
7 1

Output 7: 00000010
0 0
1 0
2 0
3 0
4 0
5 0
6 1
7 0

Output 8: 00000011
0 0
1 0
2 0
3 0
4 0
5 0
6 1
7 1

Output bit columns (with bitsum as hash)
0 00010100 2
1 00010000 1
2 00011000 2
3 01111000 4
4 11000000 2
5 10000000 1
6 11001111 6
7 01010101 4

Input 1: 11101000
0 1
1 1
2 1
3 0
4 1
5 0
6 0
7 0

Input 2: 10110011
0 1
1 0
2 1
3 1
4 0
5 0
6 1
7 1

Input 3: 00000011
0 0
1 0
2 0
3 0
4 0
5 0
6 1
7 1

Input 4: 00011111
0 0
1 0
2 0
3 1
4 1
5 1
6 1
7 1

Input 5: 00100111
0 0
1 0
2 1
3 0
4 0
5 1
6 1
7 1

Input 6: 00111010
0 0
1 0
2 1
3 1
4 1
5 0
6 1
7 0

Input 7: 00100101
0 0
1 0
2 1
3 0
4 0
5 1
6 0
7 1

Input 8: 00110100
0 0
1 0
2 1
3 1
4 0
5 1
6 0
7 0

Identity
0 11000000 2 match 4
1 10000000 1 match 5
2 11001111 6 match 6
3 01010101 4 match 7
4 10010100 3
5 00011011 4
6 01111100 5
7 01111010 5

Matching output with Identity
0 absent
1 absent
2 absent
3 absent
4 0
5 1
6 2
7 3

Left
none
Best: none

Right
3 2 1 0 7x
Best: I3 I2 I1 I0: 4

NOT
0 00111111 6
1 01111111 7
2 00110000 2
3 10101010 4
4 01101011 5
5 11100100 4
6 10000011 3
7 10000101 3

Matching output with NOT
0 absent
1 absent
2 absent
3 absent
4 absent
5 absent
6 absent
7 absent

Left
none
Best: none

Right
none
Best: none

Constant
0 00000000 a
1 11111111 a

Matching output with Constant
0 absent
1 absent
2 absent
3 absent
4 absent
5 absent
6 absent
7 absent

Left
none
Best: none

Right
none
Best: none

AND
01 10 10000000 1 match 5
12 21 10000000 1 match 5
23 32 01000101 3
34 43 00010100 2 match 0
45 54 00010000 1 match 1
56 65 00011000 2 match 2
67 76 01111000 4 match 3
70 07 01000000 1

02 20 11000000 2 match 4
13 31 00000000 a
24 42 10000100 2
35 53 00010001 2
46 64 00010100 2 match 0
57 75 00011010 3
60 06 01000000 1
71 17 00000000 a

03 30 01000000 1
14 41 10000000 1 match 5
25 52 00001011 3
36 63 01010100 3
47 74 00010000 1 match 1
50 05 00000000 a
61 16 00000000 a
72 27 01001010 3

04 40 10000000 1 match 5
15 51 00000000 a
26 62 01001100 3
37 73 01010000 2

Matching output with AND
0 34 43 46 64
1 45 54 47 74
2 56 65
3 67 76
4 02 20
5 01 10 12 21 14 41 04 40
6 absent
7 absent

Left
34 45 56 67 70x
43 54 65 76 07x
46 57x
64 75x
Best: AND34 AND45 AND56 AND67: 4

Right
none
Best: none

OR
01 10 11000000 2 match 4
12 21 11001111 6 match 6
23 32 11011111 7
34 43 11010101 5
45 54 10011111 6
56 65 01111111 7
67 76 01111110 6
70 07 11111010 6

02 20 11001111 6 match 6
13 31 11010101 5
24 42 11011111 7
35 53 01011111 6
46 64 11111100 6
57 75 01111011 6
60 06 11111100 6
71 17 11111010 6

03 30 11010101 5
14 41 10010100 3
25 52 11011111 7
36 63 01111101 6
47 74 11111110 7
50 05 11011011 6
61 16 11111100 6
72 27 11111111 a

04 40 11010100 4
15 51 10011011 5
26 62 11111111 a
37 73 01111111 7

Matching output with OR
0 absent
1 absent
2 absent
3 absent
4 01 10
5 absent
6 12 21 02 20
7 absent

Left
none
Best: none

Right
none
Best: none

XOR
01 10 01000000 1
12 21 01001111 5
23 32 10011010 4
34 43 11000001 3
45 54 10001111 5
56 65 01100111 5
67 76 00000110 2
70 07 10111010 5

02 20 00001111 4
13 31 11010101 5
24 42 01011011 5
35 53 01001110 4
46 64 11101000 4
57 75 01100001 3
60 06 10111100 5
71 17 11111010 6

03 30 10010101 4
14 41 00010100 2 match 0
25 52 11010100 4
36 63 00101001 3
47 74 11101110 6
50 05 11011011 6
61 16 11111100 6
72 27 10110101 5

04 40 01010100 3
15 51 10011011 5
26 62 10110011 5
37 73 00101111 5

Matching output with XOR
0 14 41
1 absent
2 absent
3 absent
4 absent
5 absent
6 absent
7 absent

Left
14 25x
41 52x
Best: XOR14: 1

Right
none
Best: none

AND-NOT
01 01000000 1
12 00000000 a
23 10001010 3
34 01000001 2
45 10000100 2
56 00000011 2
67 00000100 1
70 00111010 4

02 00000000 a
13 10000000 1 match 5
24 01001011 4
35 01000100 2
46 10000000 1 match 5
57 00000001 1
60 00111100 4
71 01111010 5

03 10000000 1 match 5
14 00000000 a
25 11000100 3
36 00000001 1
47 10000100 2
50 00011011 4
61 01111100 5
72 00110000 2

04 01000000 1
15 10000000 1 match 5
26 10000011 3
37 00000101 2
40 00010100 2 match 0
51 00011011 4
62 00110000 2
73 00101010 3

05 11000000 2 match 4
16 10000000 1 match 5
27 10000101 3
30 00010101 3
41 00010100 2 match 0
52 00010000 1 match 1
63 00101000 2
74 01101010 4

06 10000000 1 match 5
17 10000000 1 match 5
20 00001111 4
31 01010101 4 match 7
42 00010000 1 match 1
53 00001010 2
64 01101000 3
75 01100000 2

07 10000000 1 match 5
10 00000000 a
21 01001111 5
32 00010000 1 match 1
43 10000000 1 match 5
54 00001011 3
65 01100100 3
76 00000010 1

Matching output with AND-NOT
0 40 41
1 52 42 32
2 absent
3 absent
4 05
5 13 46 03 15 16 06 17 07 43
6 absent
7 31

Left
40 51x
41 52 63x
Best: AND-NOT41 AND-NOT52: 2

Right
31 20x
Best: AND-NOT31: 1

OR-NOT
01 11111111 a
12 10110000 3
23 11101111 7
34 01111111 7
45 11110100 5
56 10011011 5
67 11111101 7
70 01111111 7

02 11110000 4
13 10101010 4
24 11101111 7
35 11110101 6
46 10010111 5
57 10011111 6
60 01111111 7
71 01111111 7

03 11101010 5
14 11101011 6
25 11101111 7
36 11010111 6
47 10010101 4
50 00111111 6
61 01111111 7
72 01111010 5

04 11101011 6
15 11100100 4
26 11001111 6 match 6
37 11010101 5
40 10111111 7
51 01111111 7
62 01111100 5
73 11111010 6

05 11100100 4
16 10000011 3
27 11001111 6 match 6
30 01111111 7
41 11111111 a
52 00111011 5
63 11111110 7
74 01111011 6

06 11000011 4
17 10000101 3
20 11111111 a
31 01111111 7
42 10110100 4
53 10111011 6
64 01111111 7
75 11111110 7

07 11000101 4
10 10111111 7
21 11111111 a
32 01110101 5
43 10111110 6
54 01111011 6
65 11111100 6
76 11111011 7

Matching output with OR-NOT
0 absent
1 absent
2 absent
3 absent
4 absent
5 absent
6 26 27
7 absent

Left
none
Best: none

Right
none
Best: none

XOR-NOT
01 10111111 7
12 10110000 3
23 01100101 4
34 00111110 5
45 01110000 3
56 10011000 3
67 11111001 6
70 01000101 3

02 11110000 4
13 00101010 3
24 10100100 3
35 10110001 4
46 00010111 4
57 10011110 5
60 01000011 3
71 00000101 2

03 01101010 4
14 11101011 6
25 00101011 4
36 11010110 5
47 00010001 2
50 00100100 2
61 00000011 2
72 01001010 3

04 10101011 5
15 01100100 3
26 01001100 3
37 11010000 3
40 10101011 5
51 01100100 3
62 01001100 3
73 11010000 3

05 00100100 2
16 00000011 2
27 01001010 3
30 01101010 4
41 11101011 6
52 00101011 4
63 11010110 5
74 00010001 2

06 01000011 3
17 00000101 2
20 11110000 4
31 00101010 3
42 10100100 3
53 10110001 4
64 00010111 4
75 10011110 5

07 01000101 3
10 10111111 7
21 10110000 3
32 01100101 4
43 00111110 5
54 01110000 3
65 10011000 3
76 11111001 6

Matching output with XOR-NOT
0 absent
1 absent
2 absent
3 absent
4 absent
5 absent
6 absent
7 absent

Left
none
Best: none

Right
none
Best: none

Selecting

Lefts
Identity none
NOT none
Constant none
AND AND34 AND45 AND56 AND67: 4
OR none
XOR XOR14: 1
AND-NOT AND-NOT41 AND-NOT52: 2
OR-NOT none
XOR-NOT none

Rights
Identity I3 I2 I1 I0: 4
NOT none
Constant none
AND none
OR none
XOR none
AND-NOT AND-NOT31: 1
OR-NOT none
XOR-NOT none

Left longest: 4
Right longest: 4

Left winner: Identity no, NOT no, Constant no, AND yes, OR no, XOR no, AND-NOT no, OR-NOT no, XOR-NOT no
Right winner: Identity yes, NOT no, Constant no, AND no, OR no, XOR no, AND-NOT no, OR-NOT no, XOR-NOT no

Best left: AND34 AND45 AND56 AND67: 4
Best right: I3 I2 I1 I0: 4

Truncated left: AND34 AND45 AND56 AND67: 4
Truncated right: I3 I2 I1 I0: 4

Tentative from right
7 I3
6 I2
5 I1
4 I0
3 pending
2 pending
1 pending
0 pending

Tentative
0 AND34
1 AND45
2 AND56
3 AND67
4 I0
5 I1
6 I2
7 I3

Preferred from left
0 AND34
1 AND45
2 AND56
3 AND67
4 I0
5 I1
6 I2
7 I3

Preferred
0 AND34
1 AND45
2 AND56
3 AND67
4 I0
5 I1
6 I2
7 I3

Matching
0 AND34
1 AND45
2 AND56
3 AND67
4 I0
5 I1
6 I2
7 I3

Perfect match
Identity no
NOT no
Constant no
AND no
OR no
XOR no
AND-NOT no
OR-NOT no
XOR-NOT no

Matched
0 AND34
1 AND45
2 AND56
3 AND67
4 I0
5 I1
6 I2
7 I3

Selected
0 AND34
1 AND45
2 AND56
3 AND67
4 I0
5 I1
6 I2
7 I3

Applying to 10101011
Input
0 1
1 0
2 1
3 0
4 1
5 0
6 1
7 1
Output
0 AND34 = AND(0,1) = 0
1 AND45 = AND(1,0) = 0
2 AND56 = AND(0,1) = 0
3 AND67 = AND(1,1) = 1
4 I0 = 1
5 I1 = 0
6 I2 = 1
7 I3 = 0

I will now return the answer in \boxed{}
The answer in \boxed is
\boxed{00011010}
</think>
\boxed{00011010}