We need to deduce the transformation by matching the example outputs.

Output 1: 10111100
0 1
1 0
2 1
3 1
4 1
5 1
6 0
7 0

Output 2: 10000100
0 1
1 0
2 0
3 0
4 0
5 1
6 0
7 0

Output 3: 00101111
0 0
1 0
2 1
3 0
4 1
5 1
6 1
7 1

Output 4: 11110111
0 1
1 1
2 1
3 1
4 0
5 1
6 1
7 1

Output 5: 00000000
0 0
1 0
2 0
3 0
4 0
5 0
6 0
7 0

Output 6: 00011111
0 0
1 0
2 0
3 1
4 1
5 1
6 1
7 1

Output 7: 01110100
0 0
1 1
2 1
3 1
4 0
5 1
6 0
7 0

Output 8: 10001101
0 1
1 0
2 0
3 0
4 1
5 1
6 0
7 1

Output bit columns (with bitsum as hash)
0 11010001 4
1 00010010 2
2 10110010 4
3 10010110 4
4 10100101 4
5 11110111 7
6 00110100 3
7 00110101 4

Input 1: 00111110
0 0
1 0
2 1
3 1
4 1
5 1
6 1
7 0

Input 2: 01100010
0 0
1 1
2 1
3 0
4 0
5 0
6 1
7 0

Input 3: 11100111
0 1
1 1
2 1
3 0
4 0
5 1
6 1
7 1

Input 4: 11001011
0 1
1 1
2 0
3 0
4 1
5 0
6 1
7 1

Input 5: 00000000
0 0
1 0
2 0
3 0
4 0
5 0
6 0
7 0

Input 6: 11111111
0 1
1 1
2 1
3 1
4 1
5 1
6 1
7 1

Input 7: 00011010
0 0
1 0
2 0
3 1
4 1
5 0
6 1
7 0

Input 8: 10100110
0 1
1 0
2 1
3 0
4 0
5 1
6 1
7 0

Identity
0 00110101 4 match 7
1 01110100 4
2 11100101 5
3 10000110 3
4 10010110 4 match 3
5 10100101 4 match 4
6 11110111 7 match 5
7 00110100 3 match 6

Matching output with Identity
0 absent
1 absent
2 absent
3 4
4 5
5 6
6 7
7 0

Left
none
Best: none

Right
0 7 6 5 4 3x
Best: I0 I7 I6 I5 I4: 5

NOT
0 11001010 4
1 10001011 4
2 00011010 3
3 01111001 5
4 01101001 4
5 01011010 4
6 00001000 1
7 11001011 5

Matching output with NOT
0 absent
1 absent
2 absent
3 absent
4 absent
5 absent
6 absent
7 absent

Left
none
Best: none

Right
none
Best: none

Constant
0 00000000 a
1 11111111 a

Matching output with Constant
0 absent
1 absent
2 absent
3 absent
4 absent
5 absent
6 absent
7 absent

Left
none
Best: none

Right
none
Best: none

AND
01 10 00110100 3 match 6
12 21 01100100 3
23 32 10000100 2
34 43 10000110 3
45 54 10000100 2
56 65 10100101 4 match 4
67 76 00110100 3 match 6
70 07 00110100 3 match 6

02 20 00100101 3
13 31 00000100 1
24 42 10000100 2
35 53 10000100 2
46 64 10010110 4 match 3
57 75 00100100 2
60 06 00110101 4 match 7
71 17 00110100 3 match 6

03 30 00000100 1
14 41 00010100 2
25 52 10100101 4 match 4
36 63 10000110 3
47 74 00010100 2
50 05 00100101 3
61 16 01110100 4
72 27 00100100 2

04 40 00010100 2
15 51 00100100 2
26 62 11100101 5
37 73 00000100 1

Matching output with AND
0 absent
1 absent
2 absent
3 46 64
4 56 65 25 52
5 absent
6 01 10 67 76 07 70 17 71
7 06 60

Left
none
Best: none

Right
06 75x
60 57x
Best: AND06: 1

OR
01 10 01110101 5
12 21 11110101 6
23 32 11100111 6
34 43 10010110 4 match 3
45 54 10110111 6
56 65 11110111 7 match 5
67 76 11110111 7 match 5
70 07 00110101 4 match 7

02 20 11110101 6
13 31 11110110 6
24 42 11110111 7 match 5
35 53 10100111 5
46 64 11110111 7 match 5
57 75 10110101 5
60 06 11110111 7 match 5
71 17 01110100 4

03 30 10110111 6
14 41 11110110 6
25 52 11100101 5
36 63 11110111 7 match 5
47 74 10110110 5
50 05 10110101 5
61 16 11110111 7 match 5
72 27 11110101 6

04 40 10110111 6
15 51 11110101 6
26 62 11110111 7 match 5
37 73 10110110 5

Matching output with OR
0 absent
1 absent
2 absent
3 34 43
4 absent
5 56 65 67 76 24 42 46 64 06 60 36 63 16 61 26 62
6 absent
7 07 70

Left
none
Best: none

Right
07 76x
70 67x
Best: OR07: 1

XOR
01 10 01000001 2
12 21 10010001 3
23 32 01100011 4
34 43 00010000 1
45 54 00110011 4
56 65 01010010 3
67 76 11000011 4
70 07 00000001 1

02 20 11010000 3
13 31 11110010 5
24 42 01110011 5
35 53 00100011 3
46 64 01100001 3
57 75 10010001 3
60 06 11000010 3
71 17 01000000 1

03 30 10110011 5
14 41 11100010 4
25 52 01000000 1
36 63 01110001 4
47 74 10100010 3
50 05 10010000 2
61 16 10000011 3
72 27 11010001 4 match 0

04 40 10100011 4
15 51 11010001 4 match 0
26 62 00010010 2 match 1
37 73 10110010 4 match 2

Matching output with XOR
0 27 72 15 51
1 26 62
2 37 73
3 absent
4 absent
5 absent
6 absent
7 absent

Left
27 30x
72 03x
15 26 37 40x
51 62 73 04x
Best: XOR15 XOR26 XOR37: 3

Right
none
Best: none

AND-NOT
01 00000001 1
12 00010000 1
23 01100001 3
34 00000000 a
45 00010010 2 match 1
56 00000000 a
67 11000011 4
70 00000000 a

02 00010000 1
13 01110000 3
24 01100001 3
35 00000010 1
46 00000000 a
57 10000001 2
60 11000010 3
71 00000000 a

03 00110001 3
14 01100000 2
25 01000000 1
36 00000000 a
47 10000010 2
50 10000000 1
61 10000011 3
72 00010000 1

04 00100001 2
15 01010000 2
26 00000000 a
37 10000010 2
40 10000010 2
51 10000001 2
62 00010010 2 match 1
73 00110000 2

05 00010000 1
16 00000000 a
27 11000001 3
30 10000010 2
41 10000010 2
52 00000000 a
63 01110001 4
74 00100000 1

06 00000000 a
17 01000000 1
20 11000000 2
31 10000010 2
42 00010010 2 match 1
53 00100001 2
64 01100001 3
75 00010000 1

07 00000001 1
10 01000000 1
21 10000001 2
32 00000010 1
43 00010000 1
54 00100001 2
65 01010010 3
76 00000000 a

Matching output with AND-NOT
0 absent
1 45 62 42
2 absent
3 absent
4 absent
5 absent
6 absent
7 absent

Left
none
Best: none

Right
none
Best: none

OR-NOT
01 10111111 7
12 01111110 6
23 11111101 7
34 11101111 7
45 11011110 6
56 10101101 5
67 11111111 a
70 11111110 7

02 00111111 6
13 01111101 6
24 11101101 6
35 11011110 6
46 10011110 5
57 11101111 7
60 11111111 a
71 10111111 7

03 01111101 6
14 01111101 6
25 11111111 a
36 10001110 4
47 11011111 7
50 11101111 7
61 11111111 a
72 00111110 5

04 01111101 6
15 01111110 6
26 11101101 6
37 11001111 6
40 11011110 6
51 10101111 6
62 11111111 a
73 01111101 6

05 01111111 7
16 01111100 5
27 11101111 7
30 11001110 5
41 10011111 6
52 10111111 7
63 11111111 a
74 01111101 6

06 00111101 5
17 11111111 a
20 11101111 7
31 10001111 5
42 10011110 5
53 11111101 7
64 11111111 a
75 01111110 6

07 11111111 a
10 11111110 7
21 11101111 7
32 10011110 5
43 11111111 a
54 11101101 6
65 11111111 a
76 00111100 4

Matching output with OR-NOT
0 absent
1 absent
2 absent
3 absent
4 absent
5 absent
6 absent
7 absent

Left
none
Best: none

Right
none
Best: none

XOR-NOT
01 10111110 6
12 01101110 5
23 10011100 4
34 11101111 7
45 11001100 4
56 10101101 5
67 00111100 4
70 11111110 7

02 00101111 5
13 00001101 3
24 10001100 3
35 11011100 5
46 10011110 5
57 01101110 5
60 00111101 5
71 10111111 7

03 01001100 3
14 00011101 4
25 10111111 7
36 10001110 4
47 01011101 5
50 01101111 6
61 01111100 5
72 00101110 4

04 01011100 4
15 00101110 4
26 11101101 6
37 01001101 4
40 01011100 4
51 00101110 4
62 11101101 6
73 01001101 4

05 01101111 6
16 01111100 5
27 00101110 4
30 01001100 3
41 00011101 4
52 10111111 7
63 10001110 4
74 01011101 5

06 00111101 5
17 10111111 7
20 00101111 5
31 00001101 3
42 10001100 3
53 11011100 5
64 10011110 5
75 01101110 5

07 11111110 7
10 10111110 6
21 01101110 5
32 10011100 4
43 11101111 7
54 11001100 4
65 10101101 5
76 00111100 4

Matching output with XOR-NOT
0 absent
1 absent
2 absent
3 absent
4 absent
5 absent
6 absent
7 absent

Left
none
Best: none

Right
none
Best: none

Selecting

Lefts
Identity none
NOT none
Constant none
AND none
OR none
XOR XOR15 XOR26 XOR37: 3
AND-NOT none
OR-NOT none
XOR-NOT none

Rights
Identity I0 I7 I6 I5 I4: 5
NOT none
Constant none
AND AND06: 1
OR OR07: 1
XOR none
AND-NOT none
OR-NOT none
XOR-NOT none

Left longest: 3
Right longest: 5

Right winner: Identity yes, NOT no, Constant no, AND no, OR no, XOR no, AND-NOT no, OR-NOT no, XOR-NOT no
Left winner: Identity no, NOT no, Constant no, AND no, OR no, XOR yes, AND-NOT no, OR-NOT no, XOR-NOT no

Best right: I0 I7 I6 I5 I4: 5
Best left: XOR15 XOR26 XOR37: 3

Truncated right: I0 I7 I6 I5 I4: 5
Truncated left: XOR15 XOR26 XOR37: 3

Tentative from right
7 I0
6 I7
5 I6
4 I5
3 I4
2 pending
1 pending
0 pending

Tentative
0 XOR15
1 XOR26
2 XOR37
3 I4
4 I5
5 I6
6 I7
7 I0

Preferred from right
7 I0
6 I7
5 I6
4 I5
3 I4
2 XOR37
1 XOR26
0 XOR15

Preferred
0 XOR15
1 XOR26
2 XOR37
3 I4
4 I5
5 I6
6 I7
7 I0

Matching
0 XOR15
1 XOR26
2 XOR37
3 I4
4 I5
5 I6
6 I7
7 I0

Perfect match
Identity no
NOT no
Constant no
AND no
OR no
XOR no
AND-NOT no
OR-NOT no
XOR-NOT no

Matched
0 XOR15
1 XOR26
2 XOR37
3 I4
4 I5
5 I6
6 I7
7 I0

Selected
0 XOR15
1 XOR26
2 XOR37
3 I4
4 I5
5 I6
6 I7
7 I0

Applying to 00010011
Input
0 0
1 0
2 0
3 1
4 0
5 0
6 1
7 1
Output
0 XOR15 = XOR(0,0) = 0
1 XOR26 = XOR(0,1) = 1
2 XOR37 = XOR(1,1) = 0
3 I4 = 0
4 I5 = 0
5 I6 = 1
6 I7 = 1
7 I0 = 0

I will now return the answer in \boxed{}
The answer in \boxed is
\boxed{01000110}
</think>
\boxed{01000110}