We need to deduce the transformation by matching the example outputs.

Output 1: 00001000
0 0
1 0
2 0
3 0
4 1
5 0
6 0
7 0

Output 2: 01001110
0 0
1 1
2 0
3 0
4 1
5 1
6 1
7 0

Output 3: 00001010
0 0
1 0
2 0
3 0
4 1
5 0
6 1
7 0

Output 4: 00111000
0 0
1 0
2 1
3 1
4 1
5 0
6 0
7 0

Output 5: 00100100
0 0
1 0
2 1
3 0
4 0
5 1
6 0
7 0

Output 6: 00101010
0 0
1 0
2 1
3 0
4 1
5 0
6 1
7 0

Output 7: 10001001
0 1
1 0
2 0
3 0
4 1
5 0
6 0
7 1

Output 8: 00110010
0 0
1 0
2 1
3 1
4 0
5 0
6 1
7 0

Output 9: 01110110
0 0
1 1
2 1
3 1
4 0
5 1
6 1
7 0

Output 10: 00011000
0 0
1 0
2 0
3 1
4 1
5 0
6 0
7 0

Output bit columns (with bitsum as hash)
0 0000001000 1
1 0100000010 2
2 0001110110 5
3 0001000111 4
4 1111011001 7
5 0100100010 3
6 0110010110 5
7 0000001000 1

Input 1: 10010001
0 1
1 0
2 0
3 1
4 0
5 0
6 0
7 1

Input 2: 00011101
0 0
1 0
2 0
3 1
4 1
5 1
6 0
7 1

Input 3: 10010101
0 1
1 0
2 0
3 1
4 0
5 1
6 0
7 1

Input 4: 11110001
0 1
1 1
2 1
3 1
4 0
5 0
6 0
7 1

Input 5: 01001000
0 0
1 1
2 0
3 0
4 1
5 0
6 0
7 0

Input 6: 01010100
0 0
1 1
2 0
3 1
4 0
5 1
6 0
7 0

Input 7: 00010010
0 0
1 0
2 0
3 1
4 0
5 0
6 1
7 0

Input 8: 11100101
0 1
1 1
2 1
3 0
4 0
5 1
6 0
7 1

Input 9: 11101100
0 1
1 1
2 1
3 0
4 1
5 1
6 0
7 0

Input 10: 10110001
0 1
1 0
2 1
3 1
4 0
5 0
6 0
7 1

Identity
0 1011000111 6
1 0001110110 5 match 2
2 0001000111 4 match 3
3 1111011001 7 match 4
4 0100100010 3 match 5
5 0110010110 5 match 6
6 0000001000 1 match 0 7
7 1111000101 6

Matching output with Identity
0 6
1 absent
2 1
3 2
4 3
5 4
6 5
7 6

Left
6 7x
Best: I6: 1

Right
6 5 4 3 2 1 0x
Best: I6 I5 I4 I3 I2 I1: 6

NOT
0 0100111000 4
1 1110001001 5
2 1110111000 6
3 0000100110 3
4 1011011101 7
5 1001101001 5
6 1111110111 9
7 0000111010 4

Matching output with NOT
0 absent
1 absent
2 absent
3 absent
4 absent
5 absent
6 absent
7 absent

Left
none
Best: none

Right
none
Best: none

Constant
0 0000000000 a
1 1111111111 a

Matching output with Constant
0 absent
1 absent
2 absent
3 absent
4 absent
5 absent
6 absent
7 absent

Left
none
Best: none

Right
none
Best: none

AND
01 10 0001000110 3
12 21 0001000110 3
23 32 0001000001 2
34 43 0100000000 1
45 54 0100000010 2 match 1
56 65 0000000000 a
67 76 0000000000 a
70 07 1011000101 5

02 20 0001000111 4 match 3
13 31 0001010000 2
24 42 0000000010 1
35 53 0110010000 3
46 64 0000000000 a
57 75 0110000100 3
60 06 0000000000 a
71 17 0001000100 2

03 30 1011000001 4
14 41 0000100010 2
25 52 0000000110 2
36 63 0000001000 1 match 0 7
47 74 0100000000 1
50 05 0010000110 3
61 16 0000000000 a
72 27 0001000101 3

04 40 0000000010 1
15 51 0000010110 3
26 62 0000000000 a
37 73 1111000001 5

Matching output with AND
0 36 63
1 45 54
2 absent
3 02 20
4 absent
5 absent
6 absent
7 36 63

Left
36 47x
63 74x
Best: AND36: 1

Right
36 25x
63 52x
Best: AND36: 1

OR
01 10 1011110111 8
12 21 0001110111 6
23 32 1111011111 9
34 43 1111111011 9
45 54 0110110110 6
56 65 0110011110 6
67 76 1111001101 7
70 07 1111000111 7

02 20 1011000111 6
13 31 1111111111 a
24 42 0101100111 6
35 53 1111011111 9
46 64 0100101010 4
57 75 1111010111 8
60 06 1011001111 7
71 17 1111110111 9

03 30 1111011111 9
14 41 0101110110 6
25 52 0111010111 7
36 63 1111011001 7 match 4
47 74 1111100111 8
50 05 1111010111 8
61 16 0001111110 6
72 27 1111000111 7

04 40 1111100111 8
15 51 0111110110 7
26 62 0001001111 5
37 73 1111011101 8

Matching output with OR
0 absent
1 absent
2 absent
3 absent
4 36 63
5 absent
6 absent
7 absent

Left
none
Best: none

Right
none
Best: none

XOR
01 10 1010110001 5
12 21 0000110001 3
23 32 1110011110 7
34 43 1011111011 8
45 54 0010110100 4
56 65 0110011110 6
67 76 1111001101 7
70 07 0100000010 2 match 1

02 20 1010000000 2
13 31 1110101111 8
24 42 0101100101 5
35 53 1001001111 6
46 64 0100101010 4
57 75 1001010011 5
60 06 1011001111 7
71 17 1110110011 7

03 30 0100011110 5
14 41 0101010100 4
25 52 0111010001 5
36 63 1111010001 6
47 74 1011100111 7
50 05 1101010001 5
61 16 0001111110 6
72 27 1110000010 4

04 40 1111100101 7
15 51 0111100000 4
26 62 0001001111 5
37 73 0000011100 3

Matching output with XOR
0 absent
1 07 70
2 absent
3 absent
4 absent
5 absent
6 absent
7 absent

Left
none
Best: none

Right
none
Best: none

AND-NOT
01 1010000001 3
12 0000110000 2
23 0000000110 2
34 1011011001 6
45 0000100000 1
56 0110010110 5 match 6
67 0000001000 1 match 0 7
70 0100000000 1

02 1010000000 2
13 0000100110 3
24 0001000101 3
35 1001001001 4
46 0100100010 3 match 5
57 0000010010 2
60 0000001000 1 match 0 7
71 1110000001 4

03 0000000110 2
14 0001010100 3
25 0001000001 2
36 1111010001 6
47 0000100010 2
50 0100010000 2
61 0000001000 1 match 0 7
72 1110000000 3

04 1011000101 5
15 0001100000 2
26 0001000111 4 match 3
37 0000011000 2
40 0100100000 2
51 0110000000 2
62 0000001000 1 match 0 7
73 0000000100 1

05 1001000001 3
16 0001110110 5 match 2
27 0000000010 1
30 0100011000 3
41 0100000000 1
52 0110010000 3
63 0000000000 a
74 1011000101 5

06 1011000111 6
17 0000110010 3
20 0000000000 a
31 1110001001 5
42 0100100000 2
53 0000000110 2
64 0000001000 1 match 0 7
75 1001000001 3

07 0000000010 1
10 0000110000 2
21 0000000001 1
32 1110011000 5
43 0000100010 2
54 0010010100 3
65 0000001000 1 match 0 7
76 1111000101 6

Matching output with AND-NOT
0 67 60 61 62 64 65
1 absent
2 16
3 26
4 absent
5 46
6 56
7 67 60 61 62 64 65

Left
67 70x
60 71x
61 72x
62 73x
64 75x
65 76x
Best: AND-NOT67: 1

Right
67 56 45x
60 57x
61 50x
62 51x
64 53x
65 54x
Best: AND-NOT67 AND-NOT56: 2

OR-NOT
01 1111001111 8
12 1111111110 9
23 0001100111 5
34 1111011101 8
45 1101101011 7
56 1111110111 9
67 0000111010 4
70 1111111101 9

02 1111111111 a
13 0001110110 5 match 2
24 1011011111 8
35 1111111001 8
46 1111110111 9
57 0110111110 7
60 0100111000 4
71 1111001101 7

03 1011100111 7
14 1011111111 9
25 1001101111 7
36 1111111111 a
47 0100111010 5
50 0110111110 7
61 1110001001 5
72 1111111101 9

04 1011011111 8
15 1001111111 8
26 1111110111 9
37 1111111011 9
40 0100111010 5
51 1110011111 8
62 1110111000 6
73 1111100111 8

05 1011101111 8
16 1111110111 9
27 0001111111 7
30 1111111001 8
41 1110101011 7
52 1110111110 8
63 0000101110 4
74 1111011101 8

06 1111110111 9
17 0001111110 6
20 0101111111 8
31 1111011001 7 match 4
42 1110111010 7
53 0110110110 6
64 1011011101 7
75 1111101101 8

07 1011111111 9
10 0101111110 7
21 1111001111 8
32 1111111001 8
43 0100100110 4
54 1111011111 9
65 1001101001 5
76 1111110111 9

Matching output with OR-NOT
0 absent
1 absent
2 13
3 absent
4 31
5 absent
6 absent
7 absent

Left
none
Best: none

Right
none
Best: none

XOR-NOT
01 0101001110 5
12 1111001110 7
23 0001100001 3
34 0100000100 2
45 1101001011 6
56 1001100001 4
67 0000110010 3
70 1011111101 8

02 0101111111 8
13 0001010000 2
24 1010011010 5
35 0110110000 4
46 1011010101 6
57 0110101100 5
60 0100110000 3
71 0001001100 3

03 1011100001 5
14 1010101011 6
25 1000101110 5
36 0000101110 4
47 0100011000 3
50 0010101110 5
61 1110000001 4
72 0001111101 6

04 0000011010 3
15 1000011111 6
26 1110110000 5
37 1111100011 7
40 0000011010 3
51 1000011111 6
62 1110110000 5
73 1111100011 7

05 0010101110 5
16 1110000001 4
27 0001111101 6
30 1011100001 5
41 1010101011 6
52 1000101110 5
63 0000101110 4
74 0100011000 3

06 0100110000 3
17 0001001100 3
20 0101111111 8
31 0001010000 2
42 1010011010 5
53 0110110000 4
64 1011010101 6
75 0110101100 5

07 1011111101 8
10 0101001110 5
21 1111001110 7
32 0001100001 3
43 0100000100 2
54 1101001011 6
65 1001100001 4
76 0000110010 3

Matching output with XOR-NOT
0 absent
1 absent
2 absent
3 absent
4 absent
5 absent
6 absent
7 absent

Left
none
Best: none

Right
none
Best: none

Selecting

Lefts
Identity I6: 1
NOT none
Constant none
AND AND36: 1
OR none
XOR none
AND-NOT AND-NOT67: 1
OR-NOT none
XOR-NOT none

Rights
Identity I6 I5 I4 I3 I2 I1: 6
NOT none
Constant none
AND AND36: 1
OR none
XOR none
AND-NOT AND-NOT67 AND-NOT56: 2
OR-NOT none
XOR-NOT none

Left longest: 1
Right longest: 6

Right winner: Identity yes, NOT no, Constant no, AND no, OR no, XOR no, AND-NOT no, OR-NOT no, XOR-NOT no
Left winner: Identity yes, NOT no, Constant no, AND no, OR no, XOR no, AND-NOT no, OR-NOT no, XOR-NOT no

Best right: I6 I5 I4 I3 I2 I1: 6
Best left: I6: 1

Truncated right: I6 I5 I4 I3 I2 I1: 6
Truncated left: I6: 1

Tentative from right
7 I6
6 I5
5 I4
4 I3
3 I2
2 I1
1 pending
0 pending

Tentative
0 I6
1 pending
2 I1
3 I2
4 I3
5 I4
6 I5
7 I6

Preferred from right
7 I6
6 I5
5 I4
4 I3
3 I2
2 I1
1 ??0
0 I6

Preferred
0 I6
1 ?70
2 I1
3 I2
4 I3
5 I4
6 I5
7 I6

Matching
0 I6
1 ?70 - Identity absent, NOT absent, Constant absent, AND absent, OR absent, XOR70, AND-NOT absent, OR-NOT absent, XOR-NOT absent
2 I1
3 I2
4 I3
5 I4
6 I5
7 I6

Perfect match
Identity no
NOT no
Constant no
AND no
OR no
XOR yes
AND-NOT no
OR-NOT no
XOR-NOT no

Matched
0 I6
1 XOR70
2 I1
3 I2
4 I3
5 I4
6 I5
7 I6

Selected
0 I6
1 XOR70
2 I1
3 I2
4 I3
5 I4
6 I5
7 I6

Applying to 11111101
Input
0 1
1 1
2 1
3 1
4 1
5 1
6 0
7 1
Output
0 I6 = 0
1 XOR70 = XOR(1,1) = 0
2 I1 = 1
3 I2 = 1
4 I3 = 1
5 I4 = 1
6 I5 = 1
7 I6 = 0

I will now return the answer in \boxed{}
The answer in \boxed is
\boxed{00111110}
</think>
\boxed{00111110}