We need to deduce the transformation by matching the example outputs.

Output 1: 00000100
0 0
1 0
2 0
3 0
4 0
5 1
6 0
7 0

Output 2: 10110001
0 1
1 0
2 1
3 1
4 0
5 0
6 0
7 1

Output 3: 00100111
0 0
1 0
2 1
3 0
4 0
5 1
6 1
7 1

Output 4: 01000111
0 0
1 1
2 0
3 0
4 0
5 1
6 1
7 1

Output 5: 01100000
0 0
1 1
2 1
3 0
4 0
5 0
6 0
7 0

Output 6: 00010100
0 0
1 0
2 0
3 1
4 0
5 1
6 0
7 0

Output 7: 00110111
0 0
1 0
2 1
3 1
4 0
5 1
6 1
7 1

Output 8: 01010111
0 0
1 1
2 0
3 1
4 0
5 1
6 1
7 1

Output 9: 11000010
0 1
1 1
2 0
3 0
4 0
5 0
6 1
7 0

Output 10: 00110001
0 0
1 0
2 1
3 1
4 0
5 0
6 0
7 1

Output bit columns (with bitsum as hash)
0 0100000010 2
1 0001100110 4
2 0110101001 5
3 0100011101 5
4 0000000000 a
5 1011011100 6
6 0011001110 5
7 0111001101 6

Input 1: 10000000
0 1
1 0
2 0
3 0
4 0
5 0
6 0
7 0

Input 2: 00101011
0 0
1 0
2 1
3 0
4 1
5 0
6 1
7 1

Input 3: 11100010
0 1
1 1
2 1
3 0
4 0
5 0
6 1
7 0

Input 4: 11110100
0 1
1 1
2 1
3 1
4 0
5 1
6 0
7 0

Input 5: 00000110
0 0
1 0
2 0
3 0
4 0
5 1
6 1
7 0

Input 6: 10010001
0 1
1 0
2 0
3 1
4 0
5 0
6 0
7 1

Input 7: 11100011
0 1
1 1
2 1
3 0
4 0
5 0
6 1
7 1

Input 8: 11110101
0 1
1 1
2 1
3 1
4 0
5 1
6 0
7 1

Input 9: 01011100
0 0
1 1
2 0
3 1
4 1
5 1
6 0
7 0

Input 10: 00100011
0 0
1 0
2 1
3 0
4 0
5 0
6 1
7 1

Identity
0 1011011100 6 match 5
1 0011001110 5 match 6
2 0111001101 6 match 7
3 0001010110 4
4 0100000010 2 match 0
5 0001100110 4 match 1
6 0110101001 5 match 2
7 0100011101 5 match 3

Matching output with Identity
0 4
1 5
2 6
3 7
4 absent
5 0
6 1
7 2

Left
4 5 6 7 0x
Best: I4 I5 I6 I7: 4

Right
2 1 0 7x
Best: I2 I1 I0: 3

NOT
0 0100100011 4
1 1100110001 5
2 1000110010 4
3 1110101001 6
4 1011111101 8
5 1110011001 6
6 1001010110 5
7 1011100010 5

Matching output with NOT
0 absent
1 absent
2 absent
3 absent
4 absent
5 absent
6 absent
7 absent

Left
none
Best: none

Right
none
Best: none

Constant
0 0000000000 a match 4
1 1111111111 a

Matching output with Constant
0 absent
1 absent
2 absent
3 absent
4 C0
5 absent
6 absent
7 absent

Left
none
Best: none

Right
none
Best: none

AND
01 10 0011001100 4
12 21 0011001100 4
23 32 0001000100 2
34 43 0000000010 1
45 54 0000000010 1
56 65 0000100000 1
67 76 0100001001 3
70 07 0000011100 3

02 20 0011001100 4
13 31 0001000110 3
24 42 0100000000 1
35 53 0001000110 3
46 64 0100000000 1
57 75 0000000100 1
60 06 0010001000 2
71 17 0000001100 2

03 30 0001010100 3
14 41 0000000010 1
25 52 0001000100 2
36 63 0000000000 a match 4
47 74 0100000000 1
50 05 0001000100 2
61 16 0010001000 2
72 27 0100001101 4

04 40 0000000000 a match 4
15 51 0001000110 3
26 62 0110001001 4
37 73 0000010100 2

Matching output with AND
0 absent
1 absent
2 absent
3 absent
4 36 63 04 40
5 absent
6 absent
7 absent

Left
none
Best: none

Right
none
Best: none

OR
01 10 1011011110 7
12 21 0111001111 7
23 32 0111011111 8
34 43 0101010110 5
45 54 0101100110 5
56 65 0111101111 8
67 76 0110111101 7
70 07 1111011101 8

02 20 1111011101 8
13 31 0011011110 6
24 42 0111001111 7
35 53 0001110110 5
46 64 0110101011 6
57 75 0101111111 8
60 06 1111111101 9
71 17 0111011111 8

03 30 1011011110 7
14 41 0111001110 6
25 52 0111101111 8
36 63 0111111111 9
47 74 0100011111 6
50 05 1011111110 8
61 16 0111101111 8
72 27 0111011101 7

04 40 1111011110 8
15 51 0011101110 6
26 62 0111101101 7
37 73 0101011111 7

Matching output with OR
0 absent
1 absent
2 absent
3 absent
4 absent
5 absent
6 absent
7 absent

Left
none
Best: none

Right
none
Best: none

XOR
01 10 1000010010 3
12 21 0100000011 3
23 32 0110011011 6
34 43 0101010100 4
45 54 0101100100 4
56 65 0111001111 7
67 76 0010110100 4
70 07 1111000001 5

02 20 1100010001 4
13 31 0010011000 3
24 42 0011001111 6
35 53 0000110000 2
46 64 0010101011 5
57 75 0101111011 7
60 06 1101110101 7
71 17 0111010011 6

03 30 1010001010 4
14 41 0111001100 5
25 52 0110101011 6
36 63 0111111111 9
47 74 0000011111 5
50 05 1010111010 6
61 16 0101100111 6
72 27 0011010000 3

04 40 1111011110 8
15 51 0010101000 3
26 62 0001100100 3
37 73 0101001011 5

Matching output with XOR
0 absent
1 absent
2 absent
3 absent
4 absent
5 absent
6 absent
7 absent

Left
none
Best: none

Right
none
Best: none

AND-NOT
01 1000010000 2
12 0000000010 1
23 0110001001 4
34 0001010100 3
45 0100000000 1
56 0001000110 3
67 0010100000 2
70 0100000001 2

02 1000010000 2
13 0010001000 2
24 0011001101 5
35 0000010000 1
46 0000000010 1
57 0001100010 3
60 0100100001 3
71 0100010001 3

03 1010001000 3
14 0011001100 4
25 0110001001 4
36 0001010110 4
47 0000000010 1
50 0000100010 2
61 0100100001 3
72 0000010000 1

04 1011011100 6 match 5
15 0010001000 2
26 0001000100 2
37 0001000010 2
40 0100000010 2 match 0
51 0000100000 1
62 0000100000 1
73 0100001001 3

05 1010011000 4
16 0001000110 3
27 0011000000 2
30 0000000010 1
41 0100000000 1
52 0000100010 2
63 0110101001 5 match 2
74 0000011101 4

06 1001010100 4
17 0011000010 3
20 0100000001 2
31 0000010000 1
42 0000000010 1
53 0000100000 1
64 0010101001 4
75 0100011001 4

07 1011000000 3
10 0000000010 1
21 0100000001 2
32 0000010010 2
43 0100000000 1
54 0001100100 3
65 0110001001 4
76 0000010100 2

Matching output with AND-NOT
0 40
1 absent
2 63
3 absent
4 absent
5 04
6 absent
7 absent

Left
40 51x
Best: AND-NOT40: 1

Right
none
Best: none

OR-NOT
01 1111111101 9
12 1011111110 8
23 1111101101 8
34 1011111111 9
45 1110011011 7
56 1001110110 6
67 1111101011 8
70 0100111111 7

02 1011111110 8
13 1111101111 9
24 1111111101 9
35 1111011111 9
46 1101010110 6
57 1011100110 6
60 0110101011 6
71 1100111101 7

03 1111111101 9
14 1011111111 9
25 1111011101 8
36 1001010110 5
47 1111100010 6
50 0101100111 6
61 1110111001 7
72 1100111111 8

04 1011111101 8
15 1111011111 9
26 1111011111 9
37 1011110110 7
40 0100100011 4
51 1101110111 8
62 1110111011 8
73 1110111101 8

05 1111011101 8
16 1011011110 7
27 1111101111 9
30 0101110111 7
41 1100110011 6
52 1001110110 6
63 1110101001 6
74 1111111101 9

06 1011011110 7
17 1011101110 7
20 0111101111 8
31 1101110111 8
42 1100110010 5
53 1111101111 9
64 1111111101 9
75 1110011101 7

07 1011111110 8
10 0111101111 8
21 1111111101 9
32 1001110110 6
43 1110101011 7
54 1011111111 9
65 1110111001 7
76 1101011111 8

Matching output with OR-NOT
0 absent
1 absent
2 absent
3 absent
4 absent
5 absent
6 absent
7 absent

Left
none
Best: none

Right
none
Best: none

XOR-NOT
01 0111101101 7
12 1011111100 7
23 1001100100 4
34 1010101011 6
45 1010011011 6
56 1000110000 3
67 1101001011 6
70 0000111110 5

02 0011101110 6
13 1101100111 7
24 1100110000 4
35 1111001111 8
46 1101010100 5
57 1010000100 3
60 0010001010 3
71 1000101100 4

03 0101110101 6
14 1000110011 5
25 1001010100 4
36 1000000000 1
47 1111100000 5
50 0101000101 4
61 1010011000 4
72 1100101111 7

04 0000100001 2
15 1101010111 7
26 1110011011 7
37 1010110100 5
40 0000100001 2
51 1101010111 7
62 1110011011 7
73 1010110100 5

05 0101000101 4
16 1010011000 4
27 1100101111 7
30 0101110101 6
41 1000110011 5
52 1001010100 4
63 1000000000 1
74 1111100000 5

06 0010001010 3
17 1000101100 4
20 0011101110 6
31 1101100111 7
42 1100110000 4
53 1111001111 8
64 1101010100 5
75 1010000100 3

07 0000111110 5
10 0111101101 7
21 1011111100 7
32 1001100100 4
43 1010101011 6
54 1010011011 6
65 1000110000 3
76 1101001011 6

Matching output with XOR-NOT
0 absent
1 absent
2 absent
3 absent
4 absent
5 absent
6 absent
7 absent

Left
none
Best: none

Right
none
Best: none

Selecting

Lefts
Identity I4 I5 I6 I7: 4
NOT none
Constant none
AND none
OR none
XOR none
AND-NOT AND-NOT40: 1
OR-NOT none
XOR-NOT none

Rights
Identity I2 I1 I0: 3
NOT none
Constant none
AND none
OR none
XOR none
AND-NOT none
OR-NOT none
XOR-NOT none

Left longest: 4
Right longest: 3

Left winner: Identity yes, NOT no, Constant no, AND no, OR no, XOR no, AND-NOT no, OR-NOT no, XOR-NOT no
Right winner: Identity yes, NOT no, Constant no, AND no, OR no, XOR no, AND-NOT no, OR-NOT no, XOR-NOT no

Best left: I4 I5 I6 I7: 4
Best right: I2 I1 I0: 3

Truncated left: I4 I5 I6 I7: 4
Truncated right: I2 I1 I0: 3

Tentative from right
7 I2
6 I1
5 I0
4 pending
3 pending
2 pending
1 pending
0 pending

Tentative
0 I4
1 I5
2 I6
3 I7
4 pending
5 I0
6 I1
7 I2

Preferred from left
0 I4
1 I5
2 I6
3 I7
4 ?0?
5 I0
6 I1
7 I2

Preferred
0 I4
1 I5
2 I6
3 I7
4 ?07
5 I0
6 I1
7 I2

Matching
0 I4
1 I5
2 I6
3 I7
4 ?07 - Identity absent, NOT absent, Constant C0, AND absent, OR absent, XOR absent, AND-NOT absent, OR-NOT absent, XOR-NOT absent
5 I0
6 I1
7 I2

Perfect match
Identity no
NOT no
Constant yes
AND no
OR no
XOR no
AND-NOT no
OR-NOT no
XOR-NOT no

Matched
0 I4
1 I5
2 I6
3 I7
4 C0
5 I0
6 I1
7 I2

Selected
0 I4
1 I5
2 I6
3 I7
4 C0
5 I0
6 I1
7 I2

Applying to 10100011
Input
0 1
1 0
2 1
3 0
4 0
5 0
6 1
7 1
Output
0 I4 = 0
1 I5 = 0
2 I6 = 1
3 I7 = 1
4 C0 = 0
5 I0 = 1
6 I1 = 0
7 I2 = 1

I will now return the answer in \boxed{}
The answer in \boxed is
\boxed{00110101}
</think>
\boxed{00110101}