We need to deduce the transformation by matching the example outputs.

Output 1: 11001011
0 1
1 1
2 0
3 0
4 1
5 0
6 1
7 1

Output 2: 11000001
0 1
1 1
2 0
3 0
4 0
5 0
6 0
7 1

Output 3: 01011111
0 0
1 1
2 0
3 1
4 1
5 1
6 1
7 1

Output 4: 01111111
0 0
1 1
2 1
3 1
4 1
5 1
6 1
7 1

Output 5: 11101100
0 1
1 1
2 1
3 0
4 1
5 1
6 0
7 0

Output 6: 00011111
0 0
1 0
2 0
3 1
4 1
5 1
6 1
7 1

Output 7: 01100000
0 0
1 1
2 1
3 0
4 0
5 0
6 0
7 0

Output 8: 01110011
0 0
1 1
2 1
3 1
4 0
5 0
6 1
7 1

Output 9: 10000110
0 1
1 0
2 0
3 0
4 0
5 1
6 1
7 0

Output bit columns (with bitsum as hash)
0 110010001 4
1 111110110 7
2 000110110 4
3 001101010 4
4 101111000 5
5 001111001 5
6 101101011 6
7 111101010 6

Input 1: 00110111
0 0
1 0
2 1
3 1
4 0
5 1
6 1
7 1

Input 2: 10010111
0 1
1 0
2 0
3 1
4 0
5 1
6 1
7 1

Input 3: 01111001
0 0
1 1
2 1
3 1
4 1
5 0
6 0
7 1

Input 4: 11111010
0 1
1 1
2 1
3 1
4 1
5 0
6 1
7 0

Input 5: 01001011
0 0
1 1
2 0
3 0
4 1
5 0
6 1
7 1

Input 6: 11111110
0 1
1 1
2 1
3 1
4 1
5 1
6 1
7 0

Input 7: 00000100
0 0
1 0
2 0
3 0
4 0
5 1
6 0
7 0

Input 8: 00111010
0 0
1 0
2 1
3 1
4 1
5 0
6 1
7 0

Input 9: 11101111
0 1
1 1
2 1
3 0
4 1
5 1
6 1
7 1

Identity
0 010101001 4
1 001111001 5 match 5
2 101101011 6 match 6
3 111101010 6 match 7
4 001111011 6
5 110001101 5
6 110111011 7
7 111010001 5

Matching output with Identity
0 absent
1 absent
2 absent
3 absent
4 absent
5 1
6 2
7 3

Left
none
Best: none

Right
3 2 1 0x
Best: I3 I2 I1: 3

NOT
0 101010110 5
1 110000110 4
2 010010100 3
3 000010101 3
4 110000100 3
5 001110010 4
6 001000100 2
7 000101110 4

Matching output with NOT
0 absent
1 absent
2 absent
3 absent
4 absent
5 absent
6 absent
7 absent

Left
none
Best: none

Right
none
Best: none

Constant
0 000000000 a
1 111111111 a

Matching output with Constant
0 absent
1 absent
2 absent
3 absent
4 absent
5 absent
6 absent
7 absent

Left
none
Best: none

Right
none
Best: none

AND
01 10 000101001 3
12 21 001101001 4
23 32 101101010 5
34 43 001101010 4 match 3
45 54 000001001 2
56 65 110001001 4
67 76 110010001 4 match 0
70 07 010000001 2

02 20 000101001 3
13 31 001101000 3
24 42 001101011 5
35 53 110001000 3
46 64 000111011 5
57 75 110000001 3
60 06 010101001 4
71 17 001010001 3

03 30 010101000 3
14 41 001111001 5 match 5
25 52 100001001 3
36 63 110101010 5
47 74 001010001 3
50 05 010001001 3
61 16 000111001 4
72 27 101000001 3

04 40 000101001 3
15 51 000001001 2
26 62 100101011 5
37 73 111000000 3

Matching output with AND
0 67 76
1 absent
2 absent
3 34 43
4 absent
5 14 41
6 absent
7 absent

Left
67 70x
76 07x
Best: AND67: 1

Right
none
Best: none

OR
01 10 011111001 6
12 21 101111011 7
23 32 111101011 7
34 43 111111011 8
45 54 111111111 a
56 65 110111111 8
67 76 111111011 8
70 07 111111001 7

02 20 111101011 7
13 31 111111011 8
24 42 101111011 7
35 53 111101111 8
46 64 111111011 8
57 75 111011101 7
60 06 110111011 7
71 17 111111001 7

03 30 111101011 7
14 41 001111011 6
25 52 111101111 8
36 63 111111011 8
47 74 111111011 8
50 05 110101101 6
61 16 111111011 8
72 27 111111011 8

04 40 011111011 7
15 51 111111101 8
26 62 111111011 8
37 73 111111011 8

Matching output with OR
0 absent
1 absent
2 absent
3 absent
4 absent
5 absent
6 absent
7 absent

Left
none
Best: none

Right
none
Best: none

XOR
01 10 011010000 3
12 21 100010010 3
23 32 010000001 2
34 43 110010001 4 match 0
45 54 111110110 7 match 1
56 65 000110110 4 match 2
67 76 001101010 4 match 3
70 07 101111000 5 match 4

02 20 111000010 4
13 31 110010011 5
24 42 100010000 2
35 53 001100111 5
46 64 111000000 3
57 75 001011100 4
60 06 100010010 3
71 17 110101000 4

03 30 101000011 4
14 41 000000010 1
25 52 011100110 5
36 63 001010001 3
47 74 110101010 5
50 05 100100100 3
61 16 111000010 4
72 27 010111010 5

04 40 011010010 4
15 51 111110100 6
26 62 011010000 3
37 73 000111011 5

Matching output with XOR
0 34 43
1 45 54
2 56 65
3 67 76
4 07 70
5 absent
6 absent
7 absent

Left
34 45 56 67 70 01x
43 54 65 76 07 10x
Best: XOR34 XOR45 XOR56 XOR67 XOR70: 5

Right
none
Best: none

AND-NOT
01 010000000 1
12 000010000 1
23 000000001 1
34 110000000 2
45 001110010 4
56 000000100 1
67 000101010 3
70 101010000 3

02 010000000 1
13 000010001 2
24 100000000 1
35 001100010 3
46 001000000 1
57 000001100 2
60 100010010 3
71 110000000 2

03 000000001 1
14 000000000 a
25 001100010 3
36 001000000 1
47 000101010 3
50 100000100 2
61 110000010 3
72 010010000 2

04 010000000 1
15 001110000 3
26 001000000 1
37 000101010 3
40 001010010 3
51 110000100 3
62 010010000 2
73 000010001 2

05 000100000 1
16 001000000 1
27 000101010 3
30 101000010 3
41 000000010 1
52 010000100 2
63 000010001 2
74 110000000 2

06 000000000 a
17 000101000 2
20 101000010 3
31 110000010 3
42 000010000 1
53 000000101 2
64 110000000 2
75 001010000 2

07 000101000 2
10 001010000 2
21 100000010 2
32 010000000 1
43 000010001 2
54 110000100 3
65 000110010 3
76 001000000 1

Matching output with AND-NOT
0 absent
1 absent
2 absent
3 absent
4 absent
5 absent
6 absent
7 absent

Left
none
Best: none

Right
none
Best: none

OR-NOT
01 110101111 7
12 011111101 7
23 101111111 8
34 111101110 7
45 001111011 6
56 111001101 6
67 110111111 8
70 111010111 7

02 010111101 6
13 001111101 6
24 111101111 8
35 111111010 7
46 001111111 7
57 110101111 7
60 111111111 a
71 111010111 7

03 010111101 6
14 111111101 8
25 101111011 7
36 111101110 7
47 001111111 7
50 111011111 8
61 110111111 8
72 111010101 6

04 110101101 6
15 001111011 6
26 101101111 7
37 111101110 7
40 101111111 8
51 110001111 6
62 110111111 8
73 111010101 6

05 011111011 7
16 001111101 6
27 101101111 7
30 111111110 8
41 111111111 a
52 110011101 6
63 110111111 8
74 111010101 6

06 011101101 6
17 001111111 7
20 101111111 8
31 111101110 7
42 011111111 8
53 110011101 6
64 110111111 8
75 111110011 7

07 010101111 6
10 101111111 8
21 111101111 8
32 111111110 8
43 001111111 7
54 110001101 5
65 111111011 8
76 111010101 6

Matching output with OR-NOT
0 absent
1 absent
2 absent
3 absent
4 absent
5 absent
6 absent
7 absent

Left
none
Best: none

Right
none
Best: none

XOR-NOT
01 100101111 6
12 011101101 6
23 101111110 7
34 001101110 5
45 000001001 2
56 111001001 5
67 110010101 5
70 010000111 4

02 000111101 5
13 001101100 4
24 011101111 7
35 110011000 4
46 000111111 6
57 110100011 5
60 011101101 6
71 001010111 5

03 010111100 5
14 111111101 8
25 100011001 4
36 110101110 6
47 001010101 4
50 011011011 6
61 000111101 5
72 101000101 4

04 100101101 5
15 000001011 3
26 100101111 6
37 111000100 4
40 100101101 5
51 000001011 3
62 100101111 6
73 111000100 4

05 011011011 6
16 000111101 5
27 101000101 4
30 010111100 5
41 111111101 8
52 100011001 4
63 110101110 6
74 001010101 4

06 011101101 6
17 001010111 5
20 000111101 5
31 001101100 4
42 011101111 7
53 110011000 4
64 000111111 6
75 110100011 5

07 010000111 4
10 100101111 6
21 011101101 6
32 101111110 7
43 001101110 5
54 000001001 2
65 111001001 5
76 110010101 5

Matching output with XOR-NOT
0 absent
1 absent
2 absent
3 absent
4 absent
5 absent
6 absent
7 absent

Left
none
Best: none

Right
none
Best: none

Selecting

Lefts
Identity none
NOT none
Constant none
AND AND67: 1
OR none
XOR XOR34 XOR45 XOR56 XOR67 XOR70: 5
AND-NOT none
OR-NOT none
XOR-NOT none

Rights
Identity I3 I2 I1: 3
NOT none
Constant none
AND none
OR none
XOR none
AND-NOT none
OR-NOT none
XOR-NOT none

Left longest: 5
Right longest: 3

Left winner: Identity no, NOT no, Constant no, AND no, OR no, XOR yes, AND-NOT no, OR-NOT no, XOR-NOT no
Right winner: Identity yes, NOT no, Constant no, AND no, OR no, XOR no, AND-NOT no, OR-NOT no, XOR-NOT no

Best left: XOR34 XOR45 XOR56 XOR67 XOR70: 5
Best right: I3 I2 I1: 3

Truncated left: XOR34 XOR45 XOR56 XOR67 XOR70: 5
Truncated right: I3 I2 I1: 3

Tentative from right
7 I3
6 I2
5 I1
4 pending
3 pending
2 pending
1 pending
0 pending

Tentative
0 XOR34
1 XOR45
2 XOR56
3 XOR67
4 XOR70
5 I1
6 I2
7 I3

Preferred from left
0 XOR34
1 XOR45
2 XOR56
3 XOR67
4 XOR70
5 I1
6 I2
7 I3

Preferred
0 XOR34
1 XOR45
2 XOR56
3 XOR67
4 XOR70
5 I1
6 I2
7 I3

Matching
0 XOR34
1 XOR45
2 XOR56
3 XOR67
4 XOR70
5 I1
6 I2
7 I3

Perfect match
Identity no
NOT no
Constant no
AND no
OR no
XOR no
AND-NOT no
OR-NOT no
XOR-NOT no

Matched
0 XOR34
1 XOR45
2 XOR56
3 XOR67
4 XOR70
5 I1
6 I2
7 I3

Selected
0 XOR34
1 XOR45
2 XOR56
3 XOR67
4 XOR70
5 I1
6 I2
7 I3

Applying to 01000101
Input
0 0
1 1
2 0
3 0
4 0
5 1
6 0
7 1
Output
0 XOR34 = XOR(0,0) = 0
1 XOR45 = XOR(0,1) = 1
2 XOR56 = XOR(1,0) = 1
3 XOR67 = XOR(0,1) = 1
4 XOR70 = XOR(1,0) = 1
5 I1 = 1
6 I2 = 0
7 I3 = 0

I will now return the answer in \boxed{}
The answer in \boxed is
\boxed{01111100}
</think>
\boxed{01111100}