We need to deduce the transformation by matching the example outputs.

Output 1: 10101111
0 1
1 0
2 1
3 0
4 1
5 1
6 1
7 1

Output 2: 10111011
0 1
1 0
2 1
3 1
4 1
5 0
6 1
7 1

Output 3: 01010111
0 0
1 1
2 0
3 1
4 0
5 1
6 1
7 1

Output 4: 11101001
0 1
1 1
2 1
3 0
4 1
5 0
6 0
7 1

Output 5: 11110010
0 1
1 1
2 1
3 1
4 0
5 0
6 1
7 0

Output 6: 10111111
0 1
1 0
2 1
3 1
4 1
5 1
6 1
7 1

Output 7: 11001011
0 1
1 1
2 0
3 0
4 1
5 0
6 1
7 1

Output 8: 01110010
0 0
1 1
2 1
3 1
4 0
5 0
6 1
7 0

Output bit columns (with bitsum as hash)
0 11011110 6
1 00111011 5
2 11011101 6
3 01101101 5
4 11010110 5
5 10100100 3
6 11101111 7
7 11110110 6

Input 1: 11000001
0 1
1 1
2 0
3 0
4 0
5 0
6 0
7 1

Input 2: 10011001
0 1
1 0
2 0
3 1
4 1
5 0
6 0
7 1

Input 3: 00100011
0 0
1 0
2 1
3 0
4 0
5 0
6 1
7 1

Input 4: 01011000
0 0
1 1
2 0
3 1
4 1
5 0
6 0
7 0

Input 5: 10110111
0 1
1 0
2 1
3 1
4 0
5 1
6 1
7 1

Input 6: 10000001
0 1
1 0
2 0
3 0
4 0
5 0
6 0
7 1

Input 7: 01010111
0 0
1 1
2 0
3 1
4 0
5 1
6 1
7 1

Input 8: 00110100
0 0
1 0
2 1
3 1
4 0
5 1
6 0
7 0

Identity
0 11001100 4
1 10010010 3
2 00101001 3
3 01011011 5
4 01010000 2
5 00001011 3
6 00101010 3
7 11101110 6

Matching output with Identity
0 absent
1 absent
2 absent
3 absent
4 absent
5 absent
6 absent
7 absent

Left
none
Best: none

Right
none
Best: none

NOT
0 00110011 4
1 01101101 5 match 3
2 11010110 5 match 4
3 10100100 3 match 5
4 10101111 6
5 11110100 5
6 11010101 5
7 00010001 2

Matching output with NOT
0 absent
1 absent
2 absent
3 1
4 2
5 3
6 absent
7 absent

Left
none
Best: none

Right
none
Best: none

Constant
0 00000000 a
1 11111111 a

Matching output with Constant
0 absent
1 absent
2 absent
3 absent
4 absent
5 absent
6 absent
7 absent

Left
none
Best: none

Right
none
Best: none

AND
01 10 10000000 1
12 21 00000000 a
23 32 00001001 2
34 43 01010000 2
45 54 00000000 a
56 65 00001010 2
67 76 00101010 3
70 07 11001100 4

02 20 00001000 1
13 31 00010010 2
24 42 00000000 a
35 53 00001011 3
46 64 00000000 a
57 75 00001010 2
60 06 00001000 1
71 17 10000010 2

03 30 01001000 2
14 41 00010000 1
25 52 00001001 2
36 63 00001010 2
47 74 01000000 1
50 05 00001000 1
61 16 00000010 1
72 27 00101000 2

04 40 01000000 1
15 51 00000010 1
26 62 00101000 2
37 73 01001010 3

Matching output with AND
0 absent
1 absent
2 absent
3 absent
4 absent
5 absent
6 absent
7 absent

Left
none
Best: none

Right
none
Best: none

OR
01 10 11011110 6 match 0
12 21 10111011 6
23 32 01111011 6
34 43 01011011 5
45 54 01011011 5
56 65 00101011 4
67 76 11101110 6
70 07 11101110 6

02 20 11101101 6
13 31 11011011 6
24 42 01111001 5
35 53 01011011 5
46 64 01111010 5
57 75 11101111 7 match 6
60 06 11101110 6
71 17 11111110 7

03 30 11011111 7
14 41 11010010 4
25 52 00101011 4
36 63 01111011 6
47 74 11111110 7
50 05 11001111 6
61 16 10111010 5
72 27 11101111 7 match 6

04 40 11011100 5
15 51 10011011 5
26 62 00101011 4
37 73 11111111 a

Matching output with OR
0 01 10
1 absent
2 absent
3 absent
4 absent
5 absent
6 57 75 27 72
7 absent

Left
01 12x
10 21x
Best: OR01: 1

Right
none
Best: none

XOR
01 10 01011110 5
12 21 10111011 6
23 32 01110010 4
34 43 00001011 3
45 54 01011011 5
56 65 00100001 2
67 76 11000100 3
70 07 00100010 2

02 20 11100101 5
13 31 11001001 4
24 42 01111001 5
35 53 01010000 2
46 64 01111010 5
57 75 11100101 5
60 06 11100110 5
71 17 01111100 5

03 30 10010111 5
14 41 11000010 3
25 52 00100010 2
36 63 01110001 4
47 74 10111110 6
50 05 11000111 5
61 16 10111000 4
72 27 11000111 5

04 40 10011100 4
15 51 10011001 4
26 62 00000011 2
37 73 10110101 5

Matching output with XOR
0 absent
1 absent
2 absent
3 absent
4 absent
5 absent
6 absent
7 absent

Left
none
Best: none

Right
none
Best: none

AND-NOT
01 01001100 3
12 10010010 3
23 00100000 1
34 00001011 3
45 01010000 2
56 00000001 1
67 00000000 a
70 00100010 2

02 11000100 3
13 10000000 1
24 00101001 3
35 01010000 2
46 01010000 2
57 00000001 1
60 00100010 2
71 01101100 4

03 10000100 2
14 10000010 2
25 00100000 1
36 01010001 3
47 00010000 1
50 00000011 2
61 00101000 2
72 11000110 4

04 10001100 3
15 10010000 2
26 00000001 1
37 00010001 2
40 00010000 1
51 00001001 2
62 00000010 1
73 10100100 3 match 5

05 11000100 3
16 10010000 2
27 00000001 1
30 00010011 3
41 01000000 1
52 00000010 1
63 00100000 1
74 10101110 5

06 11000100 3
17 00010000 1
20 00100001 2
31 01001001 3
42 01010000 2
53 00000000 a
64 00101010 3
75 11100100 4

07 00000000 a
10 00010010 2
21 00101001 3
32 01010010 3
43 00000000 a
54 00001011 3
65 00100000 1
76 11000100 3

Matching output with AND-NOT
0 absent
1 absent
2 absent
3 absent
4 absent
5 73
6 absent
7 absent

Left
none
Best: none

Right
none
Best: none

OR-NOT
01 11101101 6
12 11010110 5 match 4
23 10101101 5
34 11111111 a
45 11110100 5
56 11011111 7
67 00111011 5 match 1
70 11111111 a

02 11011110 6 match 0
13 10110110 5
24 10101111 6
35 11111111 a
46 11010101 5
57 00011011 4
60 00111011 5 match 1
71 11101111 7 match 6

03 11101100 5
14 10111111 7
25 11111101 7
36 11011111 7
47 01010001 3
50 00111011 5 match 1
61 01101111 6
72 11111110 7

04 11101111 7 match 6
15 11110110 6 match 7
26 11111101 7
37 01011011 5
40 01110011 5
51 01101111 6
62 11111110 7
73 11101110 6

05 11111100 6
16 11010111 6
27 00111001 4
30 01111011 6
41 01111101 6
52 11011111 7
63 10101110 5
74 11101111 7 match 6

06 11011101 6 match 2
17 10010011 4
20 00111011 5 match 1
31 01111111 7
42 11010110 5 match 4
53 10101111 6
64 10101111 6
75 11111110 7

07 11011101 6 match 2
10 10110011 5
21 01101101 5 match 3
32 11011111 7
43 11110100 5
54 10101111 6
65 11111110 7
76 11111111 a

Matching output with OR-NOT
0 02
1 67 60 50 20
2 06 07
3 21
4 12 42
5 absent
6 71 04 74
7 15

Left
02 13x
Best: OR-NOT02: 1

Right
15 04 73x
Best: OR-NOT15 OR-NOT04: 2

XOR-NOT
01 10100001 3
12 01000100 2
23 10001101 4
34 11110100 5
45 10100100 3 match 5
56 11011110 6 match 0
67 00111011 5 match 1
70 11011101 6 match 2

02 00011010 3
13 00110110 4
24 10000110 3
35 10101111 6
46 10000101 3
57 00011010 3
60 00011001 3
71 10000011 3

03 01101000 3
14 00111101 5
25 11011101 6 match 2
36 10001110 4
47 01000001 2
50 00111000 3
61 01000111 4
72 00111000 3

04 01100011 4
15 01100110 4
26 11111100 6
37 01001010 3
40 01100011 4
51 01100110 4
62 11111100 6
73 01001010 3

05 00111000 3
16 01000111 4
27 00111000 3
30 01101000 3
41 00111101 5
52 11011101 6 match 2
63 10001110 4
74 01000001 2

06 00011001 3
17 10000011 3
20 00011010 3
31 00110110 4
42 10000110 3
53 10101111 6
64 10000101 3
75 00011010 3

07 11011101 6 match 2
10 10100001 3
21 01000100 2
32 10001101 4
43 11110100 5
54 10100100 3 match 5
65 11011110 6 match 0
76 00111011 5 match 1

Matching output with XOR-NOT
0 56 65
1 67 76
2 70 25 52 07
3 absent
4 absent
5 45 54
6 absent
7 absent

Left
56 67 70 01x
65 76 07 10x
Best: XOR-NOT56 XOR-NOT67 XOR-NOT70: 3

Right
none
Best: none

Selecting

Lefts
Identity none
NOT none
Constant none
AND none
OR OR01: 1
XOR none
AND-NOT none
OR-NOT OR-NOT02: 1
XOR-NOT XOR-NOT56 XOR-NOT67 XOR-NOT70: 3

Rights
Identity none
NOT none
Constant none
AND none
OR none
XOR none
AND-NOT none
OR-NOT OR-NOT15 OR-NOT04: 2
XOR-NOT none

Left longest: 3
Right longest: 2

Left winner: Identity no, NOT no, Constant no, AND no, OR no, XOR no, AND-NOT no, OR-NOT no, XOR-NOT yes
Right winner: Identity no, NOT no, Constant no, AND no, OR no, XOR no, AND-NOT no, OR-NOT yes, XOR-NOT no

Best left: XOR-NOT56 XOR-NOT67 XOR-NOT70: 3
Best right: OR-NOT15 OR-NOT04: 2

Truncated left: XOR-NOT56 XOR-NOT67 XOR-NOT70: 3
Truncated right: OR-NOT15 OR-NOT04: 2

Tentative from right
7 OR-NOT15
6 OR-NOT04
5 pending
4 pending
3 pending
2 pending
1 pending
0 pending

Tentative
0 XOR-NOT56
1 XOR-NOT67
2 XOR-NOT70
3 pending
4 pending
5 pending
6 OR-NOT04
7 OR-NOT15

Preferred from left
0 XOR-NOT56
1 XOR-NOT67
2 XOR-NOT70
3 ?01
4 ?12
5 ?23
6 OR-NOT04
7 OR-NOT15

Preferred
0 XOR-NOT56
1 XOR-NOT67
2 XOR-NOT70
3 ?01
4 ?12
5 ?23
6 OR-NOT04
7 OR-NOT15

Matching
0 XOR-NOT56
1 XOR-NOT67
2 XOR-NOT70
3 ?01 - Identity absent, NOT1, Constant absent, AND absent, OR absent, XOR absent, AND-NOT absent, OR-NOT absent, XOR-NOT absent
4 ?12 - Identity absent, NOT2, Constant absent, AND absent, OR absent, XOR absent, AND-NOT absent, OR-NOT12, XOR-NOT absent
5 ?23 - Identity absent, NOT3, Constant absent, AND absent, OR absent, XOR absent, AND-NOT absent, OR-NOT absent, XOR-NOT absent
6 OR-NOT04
7 OR-NOT15

Perfect match
Identity no
NOT yes
Constant no
AND no
OR no
XOR no
AND-NOT no
OR-NOT no
XOR-NOT no

Matched
0 XOR-NOT56
1 XOR-NOT67
2 XOR-NOT70
3 NOT1
4 NOT2
5 NOT3
6 OR-NOT04
7 OR-NOT15

Selected
0 XOR-NOT56
1 XOR-NOT67
2 XOR-NOT70
3 NOT1
4 NOT2
5 NOT3
6 OR-NOT04
7 OR-NOT15

Applying to 01011111
Input
0 0
1 1
2 0
3 1
4 1
5 1
6 1
7 1
Output
0 XOR-NOT56 = XOR(1,NOT(1)) = 1
1 XOR-NOT67 = XOR(1,NOT(1)) = 1
2 XOR-NOT70 = XOR(1,NOT(0)) = 0
3 NOT1 = NOT(1) = 0
4 NOT2 = NOT(0) = 1
5 NOT3 = NOT(1) = 0
6 OR-NOT04 = OR(0,NOT(1)) = 0
7 OR-NOT15 = OR(1,NOT(1)) = 1

I will now return the answer in \boxed{}
The answer in \boxed is
\boxed{11001001}
</think>
\boxed{11001001}