We need to deduce the transformation by matching the example outputs.

Output 1: 00001010
0 0
1 0
2 0
3 0
4 1
5 0
6 1
7 0

Output 2: 00001100
0 0
1 0
2 0
3 0
4 1
5 1
6 0
7 0

Output 3: 00000010
0 0
1 0
2 0
3 0
4 0
5 0
6 1
7 0

Output 4: 00001101
0 0
1 0
2 0
3 0
4 1
5 1
6 0
7 1

Output 5: 00001101
0 0
1 0
2 0
3 0
4 1
5 1
6 0
7 1

Output 6: 00011101
0 0
1 0
2 0
3 1
4 1
5 1
6 0
7 1

Output 7: 00001000
0 0
1 0
2 0
3 0
4 1
5 0
6 0
7 0

Output 8: 00001111
0 0
1 0
2 0
3 0
4 1
5 1
6 1
7 1

Output 9: 00001000
0 0
1 0
2 0
3 0
4 1
5 0
6 0
7 0

Output bit columns (with bitsum as hash)
0 000000000 a
1 000000000 a
2 000000000 a
3 000001000 1
4 110111111 8
5 010111010 5
6 101000010 3
7 000111010 4

Input 1: 01010101
0 0
1 1
2 0
3 1
4 0
5 1
6 0
7 1

Input 2: 01100010
0 0
1 1
2 1
3 0
4 0
5 0
6 1
7 0

Input 3: 00010101
0 0
1 0
2 0
3 1
4 0
5 1
6 0
7 1

Input 4: 01101001
0 0
1 1
2 1
3 0
4 1
5 0
6 0
7 1

Input 5: 01101110
0 0
1 1
2 1
3 0
4 1
5 1
6 1
7 0

Input 6: 11101100
0 1
1 1
2 1
3 0
4 1
5 1
6 0
7 0

Input 7: 01000001
0 0
1 1
2 0
3 0
4 0
5 0
6 0
7 1

Input 8: 01111101
0 0
1 1
2 1
3 1
4 1
5 1
6 0
7 1

Input 9: 01000110
0 0
1 1
2 0
3 0
4 0
5 1
6 1
7 0

Identity
0 000001000 1 match 3
1 110111111 8 match 4
2 010111010 5 match 5
3 101000010 3 match 6
4 000111010 4 match 7
5 101011011 6
6 010010001 3
7 101100110 5

Matching output with Identity
0 absent
1 absent
2 absent
3 0
4 1
5 2
6 3
7 4

Left
none
Best: none

Right
4 3 2 1 0 7x
Best: I4 I3 I2 I1 I0: 5

NOT
0 111110111 8
1 001000000 1
2 101000101 4
3 010111101 6
4 111000101 5
5 010100100 3
6 101101110 6
7 010011001 4

Matching output with NOT
0 absent
1 absent
2 absent
3 absent
4 absent
5 absent
6 absent
7 absent

Left
none
Best: none

Right
none
Best: none

Constant
0 000000000 a match 0 1 2
1 111111111 a

Matching output with Constant
0 C0
1 C0
2 C0
3 absent
4 absent
5 absent
6 absent
7 absent

Left
0 0 0
Best: C0 C0 C0: 3

Right
none
Best: none

AND
01 10 000001000 1 match 3
12 21 010111010 5 match 5
23 32 000000010 1
34 43 000000010 1
45 54 000011010 3
56 65 000010001 2
67 76 000000000 a match 0 1 2
70 07 000000000 a match 0 1 2

02 20 000001000 1 match 3
13 31 100000010 2
24 42 000111010 4 match 7
35 53 101000010 3 match 6
46 64 000010000 1
57 75 101000010 3 match 6
60 06 000000000 a match 0 1 2
71 17 100100110 4

03 30 000000000 a match 0 1 2
14 41 000111010 4 match 7
25 52 000011010 3
36 63 000000000 a match 0 1 2
47 74 000100010 2
50 05 000001000 1 match 3
61 16 010010001 3
72 27 000100010 2

04 40 000001000 1 match 3
15 51 100011011 5
26 62 010010000 2
37 73 101000010 3 match 6

Matching output with AND
0 67 76 07 70 06 60 03 30 36 63
1 67 76 07 70 06 60 03 30 36 63
2 67 76 07 70 06 60 03 30 36 63
3 01 10 02 20 05 50 04 40
4 absent
5 12 21
6 35 53 57 75 37 73
7 24 42 14 41

Left
67 70 01x
76 07 10x
07 10x
70 01x
06 17x
60 71x
03 14x
30 41x
36 47x
63 74x
Best: AND67 AND70: 2

Right
24 13x
42 31x
14 03x
41 30x
Best: AND24: 1

OR
01 10 110111111 8 match 4
12 21 110111111 8 match 4
23 32 111111010 7
34 43 101111010 6
45 54 101111011 7
56 65 111011011 7
67 76 111110111 8
70 07 101101110 6

02 20 010111010 5 match 5
13 31 111111111 a
24 42 010111010 5 match 5
35 53 101011011 6
46 64 010111011 6
57 75 101111111 8
60 06 010011001 4
71 17 111111111 a

03 30 101001010 4
14 41 110111111 8 match 4
25 52 111111011 8
36 63 111010011 6
47 74 101111110 7
50 05 101011011 6
61 16 110111111 8 match 4
72 27 111111110 8

04 40 000111010 4 match 7
15 51 111111111 a
26 62 010111011 6
37 73 101100110 5

Matching output with OR
0 absent
1 absent
2 absent
3 absent
4 01 10 12 21 14 41 16 61
5 02 20 24 42
6 absent
7 04 40

Left
none
Best: none

Right
04 73x
40 37x
Best: OR04: 1

XOR
01 10 110110111 7
12 21 100000101 3
23 32 111111000 6
34 43 101111000 5
45 54 101100001 4
56 65 111001010 5
67 76 111110111 8
70 07 101101110 6

02 20 010110010 4
13 31 011111101 7
24 42 010000000 1
35 53 000011001 3
46 64 010101011 5
57 75 000111101 5
60 06 010011001 4
71 17 011011001 5

03 30 101001010 4
14 41 110000101 4
25 52 111100001 5
36 63 111010011 6
47 74 101011100 5
50 05 101010011 5
61 16 100101110 5
72 27 111011100 6

04 40 000110010 3
15 51 011100100 4
26 62 000101011 4
37 73 000100100 2

Matching output with XOR
0 absent
1 absent
2 absent
3 absent
4 absent
5 absent
6 absent
7 absent

Left
none
Best: none

Right
none
Best: none

AND-NOT
01 000000000 a match 0 1 2
12 100000101 3
23 010111000 4
34 101000000 2
45 000100000 1
56 101001010 4
67 010010001 3
70 101100110 5

02 000000000 a match 0 1 2
13 010111101 6
24 010000000 1
35 000000000 a match 0 1 2
46 000101010 3
57 000011001 3
60 010010001 3
71 001000000 1

03 000001000 1 match 3
14 110000101 4
25 010100000 2
36 101000010 3 match 6
47 000011000 2
50 101010011 5
61 000000000 a match 0 1 2
72 101000100 3

04 000000000 a match 0 1 2
15 010100100 3
26 000101010 3
37 000000000 a match 0 1 2
40 000110010 3
51 001000000 1
62 000000001 1
73 000100100 2

05 000000000 a match 0 1 2
16 100101110 5
27 010011000 3
30 101000010 3 match 6
41 000000000 a match 0 1 2
52 101000001 3
63 010010001 3
74 101000100 3

06 000001000 1 match 3
17 010011001 4
20 010110010 4
31 001000000 1
42 000000000 a match 0 1 2
53 000011001 3
64 010000001 2
75 000100100 2

07 000001000 1 match 3
10 110110111 7
21 000000000 a match 0 1 2
32 101000000 2
43 000111000 3
54 101000001 3
65 010000000 1
76 101100110 5

Matching output with AND-NOT
0 01 02 35 61 04 37 05 41 42 21
1 01 02 35 61 04 37 05 41 42 21
2 01 02 35 61 04 37 05 41 42 21
3 03 06 07
4 absent
5 absent
6 36 30
7 absent

Left
01 12x
02 13x
35 46x
61 72x
04 15x
37 40x
05 16x
41 52x
42 53x
21 32x
Best: AND-NOT01: 1

Right
none
Best: none

OR-NOT
01 001001000 2
12 111111111 a
23 010111111 7
34 111000111 6
45 010111110 6
56 101111111 8
67 010011001 4
70 111110111 8

02 101001101 5
13 110111111 8 match 4
24 111111111 a
35 111100110 6
46 101111110 7
57 111011011 7
60 111110111 8
71 101100110 5

03 010111101 6
14 111111111 a
25 010111110 6
36 101101110 6
47 010111011 6
50 111111111 a
61 011010001 4
72 101100111 6

04 111001101 6
15 110111111 8 match 4
26 111111110 8
37 111011011 7
40 111111111 a
51 101011011 6
62 111010101 6
73 111111111 a

05 010101100 4
16 111111111 a
27 010111011 6
30 111110111 8
41 001111010 5
52 101011111 7
63 010111101 6
74 111100111 7

06 101101110 6
17 110111111 8 match 4
20 111111111 a
31 101000010 3 match 6
42 101111111 8
53 111111111 a
64 111010101 6
75 111100110 6

07 010011001 4
10 111111111 a
21 011111010 6
32 101000111 5
43 010111111 7
54 111011111 8
65 010110101 5
76 101101110 6

Matching output with OR-NOT
0 absent
1 absent
2 absent
3 absent
4 13 15 17
5 absent
6 31
7 absent

Left
none
Best: none

Right
none
Best: none

XOR-NOT
01 001001000 2
12 011111010 6
23 000000111 3
34 010000111 4
45 010011110 5
56 000110101 4
67 000001000 1 match 3
70 010010001 3

02 101001101 5
13 100000010 2
24 101111111 8
35 111100110 6
46 101010100 4
57 111000010 4
60 101100110 5
71 100100110 4

03 010110101 5
14 001111010 5
25 000011110 4
36 000101100 3
47 010100011 4
50 010101100 4
61 011010001 4
72 000100011 3

04 111001101 6
15 100011011 5
26 111010100 5
37 111011011 7
40 111001101 6
51 100011011 5
62 111010100 5
73 111011011 7

05 010101100 4
16 011010001 4
27 000100011 3
30 010110101 5
41 001111010 5
52 000011110 4
63 000101100 3
74 010100011 4

06 101100110 5
17 100100110 4
20 101001101 5
31 100000010 2
42 101111111 8
53 111100110 6
64 101010100 4
75 111000010 4

07 010010001 3
10 001001000 2
21 011111010 6
32 000000111 3
43 010000111 4
54 010011110 5
65 000110101 4
76 000001000 1 match 3

Matching output with XOR-NOT
0 absent
1 absent
2 absent
3 67 76
4 absent
5 absent
6 absent
7 absent

Left
none
Best: none

Right
none
Best: none

Selecting

Lefts
Identity none
NOT none
Constant C0 C0 C0: 3
AND AND67 AND70: 2
OR none
XOR none
AND-NOT AND-NOT01: 1
OR-NOT none
XOR-NOT none

Rights
Identity I4 I3 I2 I1 I0: 5
NOT none
Constant none
AND AND24: 1
OR OR04: 1
XOR none
AND-NOT none
OR-NOT none
XOR-NOT none

Left longest: 3
Right longest: 5

Right winner: Identity yes, NOT no, Constant no, AND no, OR no, XOR no, AND-NOT no, OR-NOT no, XOR-NOT no
Left winner: Identity no, NOT no, Constant yes, AND no, OR no, XOR no, AND-NOT no, OR-NOT no, XOR-NOT no

Best right: I4 I3 I2 I1 I0: 5
Best left: C0 C0 C0: 3

Truncated right: I4 I3 I2 I1 I0: 5
Truncated left: C0 C0 C0: 3

Tentative from right
7 I4
6 I3
5 I2
4 I1
3 I0
2 pending
1 pending
0 pending

Tentative
0 C0
1 C0
2 C0
3 I0
4 I1
5 I2
6 I3
7 I4

Preferred from right
7 I4
6 I3
5 I2
4 I1
3 I0
2 C0
1 C0
0 C0

Preferred
0 C0
1 C0
2 C0
3 I0
4 I1
5 I2
6 I3
7 I4

Matching
0 C0
1 C0
2 C0
3 I0
4 I1
5 I2
6 I3
7 I4

Perfect match
Identity no
NOT no
Constant no
AND no
OR no
XOR no
AND-NOT no
OR-NOT no
XOR-NOT no

Matched
0 C0
1 C0
2 C0
3 I0
4 I1
5 I2
6 I3
7 I4

Selected
0 C0
1 C0
2 C0
3 I0
4 I1
5 I2
6 I3
7 I4

Applying to 10100001
Input
0 1
1 0
2 1
3 0
4 0
5 0
6 0
7 1
Output
0 C0 = 0
1 C0 = 0
2 C0 = 0
3 I0 = 1
4 I1 = 0
5 I2 = 1
6 I3 = 0
7 I4 = 0

I will now return the answer in \boxed{}
The answer in \boxed is
\boxed{00010100}
</think>
\boxed{00010100}