We need to deduce the transformation by matching the example outputs.

Output 1: 00000000
0 0
1 0
2 0
3 0
4 0
5 0
6 0
7 0

Output 2: 00100010
0 0
1 0
2 1
3 0
4 0
5 0
6 1
7 0

Output 3: 11111111
0 1
1 1
2 1
3 1
4 1
5 1
6 1
7 1

Output 4: 00000000
0 0
1 0
2 0
3 0
4 0
5 0
6 0
7 0

Output 5: 00100010
0 0
1 0
2 1
3 0
4 0
5 0
6 1
7 0

Output 6: 00000000
0 0
1 0
2 0
3 0
4 0
5 0
6 0
7 0

Output 7: 10001000
0 1
1 0
2 0
3 0
4 1
5 0
6 0
7 0

Output bit columns (with bitsum as hash)
0 0010001 2
1 0010000 1
2 0110100 3
3 0010000 1
4 0010001 2
5 0010000 1
6 0110100 3
7 0010000 1

Input 1: 00000110
0 0
1 0
2 0
3 0
4 0
5 1
6 1
7 0

Input 2: 10111000
0 1
1 0
2 1
3 1
4 1
5 0
6 0
7 0

Input 3: 11111111
0 1
1 1
2 1
3 1
4 1
5 1
6 1
7 1

Input 4: 10010010
0 1
1 0
2 0
3 1
4 0
5 0
6 1
7 0

Input 5: 10001100
0 1
1 0
2 0
3 0
4 1
5 1
6 0
7 0

Input 6: 10100101
0 1
1 0
2 1
3 0
4 0
5 1
6 0
7 1

Input 7: 00111110
0 0
1 0
2 1
3 1
4 1
5 1
6 1
7 0

Identity
0 0111110 5
1 0010000 1 match 1 3 5 7
2 0110011 4
3 0111001 4
4 0110101 4
5 1010111 5
6 1011001 4
7 0010010 2

Matching output with Identity
0 absent
1 1
2 absent
3 1
4 absent
5 1
6 absent
7 1

Left
none
Best: none

Right
1 0x
Best: I1: 1

NOT
0 1000001 2
1 1101111 6
2 1001100 3
3 1000110 3
4 1001010 3
5 0101000 2
6 0100110 3
7 1101101 5

Matching output with NOT
0 absent
1 absent
2 absent
3 absent
4 absent
5 absent
6 absent
7 absent

Left
none
Best: none

Right
none
Best: none

Constant
0 0000000 a
1 1111111 a

Matching output with Constant
0 absent
1 absent
2 absent
3 absent
4 absent
5 absent
6 absent
7 absent

Left
none
Best: none

Right
none
Best: none

AND
01 10 0010000 1 match 1 3 5 7
12 21 0010000 1 match 1 3 5 7
23 32 0110001 3
34 43 0110001 3
45 54 0010101 3
56 65 1010001 3
67 76 0010000 1 match 1 3 5 7
70 07 0010010 2

02 20 0110010 3
13 31 0010000 1 match 1 3 5 7
24 42 0110001 3
35 53 0010001 2 match 0 4
46 64 0010001 2 match 0 4
57 75 0010010 2
60 06 0011000 2
71 17 0010000 1 match 1 3 5 7

03 30 0111000 3
14 41 0010000 1 match 1 3 5 7
25 52 0010011 3
36 63 0011001 3
47 74 0010000 1 match 1 3 5 7
50 05 0010110 3
61 16 0010000 1 match 1 3 5 7
72 27 0010010 2

04 40 0110100 3 match 2 6
15 51 0010000 1 match 1 3 5 7
26 62 0010001 2 match 0 4
37 73 0010000 1 match 1 3 5 7

Matching output with AND
0 35 53 46 64 26 62
1 01 10 12 21 67 76 13 31 17 71 14 41 47 74 16 61 15 51 37 73
2 04 40
3 01 10 12 21 67 76 13 31 17 71 14 41 47 74 16 61 15 51 37 73
4 35 53 46 64 26 62
5 01 10 12 21 67 76 13 31 17 71 14 41 47 74 16 61 15 51 37 73
6 04 40
7 01 10 12 21 67 76 13 31 17 71 14 41 47 74 16 61 15 51 37 73

Left
35 46x
53 64x
46 57x
64 75x
26 37 40 51 62 73 04 15
62 73 04 15 26 37 40 51
Best: AND26 AND37 AND40 AND51 AND62 AND73 AND04 AND15: 8

Right
01 70x
10 07x
12 01x
21 10x
67 56x
76 65x
13 02x
31 20x
17 06x
71 60x
14 03x
41 30x
47 36x
74 63x
16 05x
61 50x
15 04 73 62 51 40 37 26
51 40 37 26 15 04 73 62
37 26x
73 62x
Best: AND15 AND04 AND73 AND62 AND51 AND40 AND37 AND26: 8

OR
01 10 0111110 5
12 21 0110011 4
23 32 0111011 5
34 43 0111101 5
45 54 1110111 6
56 65 1011111 6
67 76 1011011 5
70 07 0111110 5

02 20 0111111 6
13 31 0111001 4
24 42 0110111 5
35 53 1111111 a
46 64 1111101 6
57 75 1010111 5
60 06 1111111 a
71 17 0010010 2

03 30 0111111 6
14 41 0110101 4
25 52 1110111 6
36 63 1111001 5
47 74 0110111 5
50 05 1111111 a
61 16 1011001 4
72 27 0110011 4

04 40 0111111 6
15 51 1010111 5
26 62 1111011 6
37 73 0111011 5

Matching output with OR
0 absent
1 absent
2 absent
3 absent
4 absent
5 absent
6 absent
7 absent

Left
none
Best: none

Right
none
Best: none

XOR
01 10 0101110 4
12 21 0100011 3
23 32 0001010 2
34 43 0001100 2
45 54 1100010 3
56 65 0001110 3
67 76 1001011 4
70 07 0101100 3

02 20 0001101 3
13 31 0101001 3
24 42 0000110 2
35 53 1101110 5
46 64 1101100 4
57 75 1000101 3
60 06 1100111 5
71 17 0000010 1

03 30 0000111 3
14 41 0100101 3
25 52 1100100 3
36 63 1100000 2
47 74 0100111 4
50 05 1101001 4
61 16 1001001 3
72 27 0100001 2

04 40 0001011 3
15 51 1000111 4
26 62 1101010 4
37 73 0101011 4

Matching output with XOR
0 absent
1 absent
2 absent
3 absent
4 absent
5 absent
6 absent
7 absent

Left
none
Best: none

Right
none
Best: none

AND-NOT
01 0101110 4
12 0000000 a
23 0000010 1
34 0001000 1
45 0100000 1
56 0000110 2
67 1001001 3
70 0000000 a

02 0001100 2
13 0000000 a
24 0000010 1
35 0101000 2
46 0100100 2
57 1000101 3
60 1000001 2
71 0000010 1

03 0000110 2
14 0000000 a
25 0100000 1
36 0100000 1
47 0100101 3
50 1000001 2
61 1001001 3
72 0000000 a

04 0001010 2
15 0000000 a
26 0100010 2
37 0101001 3
40 0000001 1
51 1000111 4
62 1001000 2
73 0000010 1

05 0101000 2
16 0000000 a
27 0100001 2
30 0000001 1
41 0100101 3
52 1000100 2
63 1000000 1
74 0000010 1

06 0100110 3
17 0000000 a
20 0000001 1
31 0101001 3
42 0000100 1
53 1000110 3
64 1001000 2
75 0000000 a

07 0101100 3
10 0000000 a
21 0100011 3
32 0001000 1
43 0000100 1
54 1000010 2
65 0001000 1
76 0000010 1

Matching output with AND-NOT
0 absent
1 absent
2 absent
3 absent
4 absent
5 absent
6 absent
7 absent

Left
none
Best: none

Right
none
Best: none

OR-NOT
01 1111111 a
12 1011100 4
23 1110111 6
34 1111011 6
45 0111101 5
56 1110111 6
67 1111101 6
70 1010011 4

02 1111110 6
13 1010110 4
24 1111011 6
35 0111001 4
46 0110111 5
57 1111111 a
60 1011001 4
71 1111111 a

03 1111110 6
14 1011010 4
25 0111011 5
36 0111111 6
47 1111101 6
50 1010111 5
61 1111111 a
72 1011110 5

04 1111110 6
15 0111000 3
26 0110111 5
37 1111101 6
40 1110101 5
51 1111111 a
62 1011101 5
73 1010110 4

05 0111110 5
16 0110110 4
27 1111111 a
30 1111001 5
41 1111111 a
52 1011111 6
63 1011111 6
74 1011010 4

06 0111110 5
17 1111101 6
20 1110011 5
31 1111111 a
42 1111101 6
53 1010111 5
64 1011011 5
75 0111010 4

07 1111111 a
10 1010001 3
21 1111111 a
32 1111101 6
43 1110111 6
54 1011111 6
65 1111001 5
76 0110110 4

Matching output with OR-NOT
0 absent
1 absent
2 absent
3 absent
4 absent
5 absent
6 absent
7 absent

Left
none
Best: none

Right
none
Best: none

XOR-NOT
01 1010001 3
12 1011100 4
23 1110101 5
34 1110011 5
45 0011101 4
56 1110001 4
67 0110100 3 match 2 6
70 1010011 4

02 1110010 4
13 1010110 4
24 1111001 5
35 0010001 2 match 0 4
46 0010011 3
57 0111010 4
60 0011000 2
71 1111101 6

03 1111000 4
14 1011010 4
25 0011011 4
36 0011111 5
47 1011000 3
50 0010110 3
61 0110110 4
72 1011110 5

04 1110100 4
15 0111000 3
26 0010101 3
37 1010100 3
40 1110100 4
51 0111000 3
62 0010101 3
73 1010100 3

05 0010110 3
16 0110110 4
27 1011110 5
30 1111000 4
41 1011010 4
52 0011011 4
63 0011111 5
74 1011000 3

06 0011000 2
17 1111101 6
20 1110010 4
31 1010110 4
42 1111001 5
53 0010001 2 match 0 4
64 0010011 3
75 0111010 4

07 1010011 4
10 1010001 3
21 1011100 4
32 1110101 5
43 1110011 5
54 0011101 4
65 1110001 4
76 0110100 3 match 2 6

Matching output with XOR-NOT
0 35 53
1 absent
2 67 76
3 absent
4 35 53
5 absent
6 67 76
7 absent

Left
35 46x
53 64x
Best: XOR-NOT35: 1

Right
none
Best: none

Selecting

Lefts
Identity none
NOT none
Constant none
AND AND26 AND37 AND40 AND51 AND62 AND73 AND04 AND15: 8
OR none
XOR none
AND-NOT none
OR-NOT none
XOR-NOT XOR-NOT35: 1

Rights
Identity I1: 1
NOT none
Constant none
AND AND15 AND04 AND73 AND62 AND51 AND40 AND37 AND26: 8
OR none
XOR none
AND-NOT none
OR-NOT none
XOR-NOT none

Left longest: 8
Right longest: 8

Left winner: Identity no, NOT no, Constant no, AND yes, OR no, XOR no, AND-NOT no, OR-NOT no, XOR-NOT no
Right winner: Identity no, NOT no, Constant no, AND yes, OR no, XOR no, AND-NOT no, OR-NOT no, XOR-NOT no

Best left: AND26 AND37 AND40 AND51 AND62 AND73 AND04 AND15: 8
Best right: AND15 AND04 AND73 AND62 AND51 AND40 AND37 AND26: 8

Truncated left: AND26 AND37 AND40 AND51 AND62 AND73 AND04 AND15: 8
Truncated right: none

Tentative from right
7 pending
6 pending
5 pending
4 pending
3 pending
2 pending
1 pending
0 pending

Tentative
0 AND26
1 AND37
2 AND40
3 AND51
4 AND62
5 AND73
6 AND04
7 AND15

Preferred from left
0 AND26
1 AND37
2 AND40
3 AND51
4 AND62
5 AND73
6 AND04
7 AND15

Preferred
0 AND26
1 AND37
2 AND40
3 AND51
4 AND62
5 AND73
6 AND04
7 AND15

Matching
0 AND26
1 AND37
2 AND40
3 AND51
4 AND62
5 AND73
6 AND04
7 AND15

Perfect match
Identity no
NOT no
Constant no
AND no
OR no
XOR no
AND-NOT no
OR-NOT no
XOR-NOT no

Matched
0 AND26
1 AND37
2 AND40
3 AND51
4 AND62
5 AND73
6 AND04
7 AND15

Selected
0 AND26
1 AND37
2 AND40
3 AND51
4 AND62
5 AND73
6 AND04
7 AND15

Applying to 00011110
Input
0 0
1 0
2 0
3 1
4 1
5 1
6 1
7 0
Output
0 AND26 = AND(0,1) = 0
1 AND37 = AND(1,0) = 0
2 AND40 = AND(1,0) = 0
3 AND51 = AND(1,0) = 0
4 AND62 = AND(1,0) = 0
5 AND73 = AND(0,1) = 0
6 AND04 = AND(0,1) = 0
7 AND15 = AND(0,1) = 0

I will now return the answer in \boxed{}
The answer in \boxed is
\boxed{00000000}
</think>
\boxed{00000000}