We need to deduce the transformation by matching the example outputs.

Output 1: 01001111
0 0
1 1
2 0
3 0
4 1
5 1
6 1
7 1

Output 2: 00001011
0 0
1 0
2 0
3 0
4 1
5 0
6 1
7 1

Output 3: 00010110
0 0
1 0
2 0
3 1
4 0
5 1
6 1
7 0

Output 4: 11011010
0 1
1 1
2 0
3 1
4 1
5 0
6 1
7 0

Output 5: 11010000
0 1
1 1
2 0
3 1
4 0
5 0
6 0
7 0

Output 6: 10010010
0 1
1 0
2 0
3 1
4 0
5 0
6 1
7 0

Output 7: 01011110
0 0
1 1
2 0
3 1
4 1
5 1
6 1
7 0

Output 8: 00000001
0 0
1 0
2 0
3 0
4 0
5 0
6 0
7 1

Output 9: 10001001
0 1
1 0
2 0
3 0
4 1
5 0
6 0
7 1

Output bit columns (with bitsum as hash)
0 000111001 4
1 100110100 4
2 000000000 a
3 001111100 5
4 110100101 5
5 101000100 3
6 111101100 6
7 110000011 4

Input 1: 01111101
0 0
1 1
2 1
3 1
4 1
5 1
6 0
7 1

Input 2: 01011100
0 0
1 1
2 0
3 1
4 1
5 1
6 0
7 0

Input 3: 10110000
0 1
1 0
2 1
3 1
4 0
5 0
6 0
7 0

Input 4: 11010111
0 1
1 1
2 0
3 1
4 0
5 1
6 1
7 1

Input 5: 10000111
0 1
1 0
2 0
3 0
4 0
5 1
6 1
7 1

Input 6: 10010110
0 1
1 0
2 0
3 1
4 0
5 1
6 1
7 0

Input 7: 11110001
0 1
1 1
2 1
3 1
4 0
5 0
6 0
7 1

Input 8: 00001000
0 0
1 0
2 0
3 0
4 1
5 0
6 0
7 0

Input 9: 01001010
0 0
1 1
2 0
3 0
4 1
5 0
6 1
7 0

Identity
0 001111100 5 match 3
1 110100101 5 match 4
2 101000100 3 match 5
3 111101100 6 match 6
4 110000011 4 match 7
5 110111000 5
6 000111001 4 match 0
7 100110100 4 match 1

Matching output with Identity
0 6
1 7
2 absent
3 0
4 1
5 2
6 3
7 4

Left
6 7 0x
Best: I6 I7: 2

Right
4 3 2 1 0 7x
Best: I4 I3 I2 I1 I0: 5

NOT
0 110000011 4 match 7
1 001011010 4
2 010111011 6
3 000010011 3
4 001111100 5 match 3
5 001000111 4
6 111000110 5
7 011001011 5

Matching output with NOT
0 absent
1 absent
2 absent
3 4
4 absent
5 absent
6 absent
7 0

Left
none
Best: none

Right
0 7x
Best: NOT0: 1

Constant
0 000000000 a match 2
1 111111111 a

Matching output with Constant
0 absent
1 absent
2 C0
3 absent
4 absent
5 absent
6 absent
7 absent

Left
none
Best: none

Right
none
Best: none

AND
01 10 000100100 2
12 21 100000100 2
23 32 101000100 3 match 5
34 43 110000000 2
45 54 110000000 2
56 65 000111000 3
67 76 000110000 2
70 07 000110100 3

02 20 001000100 2
13 31 110100100 4
24 42 100000000 1
35 53 110101000 4
46 64 000000001 1
57 75 100110000 3
60 06 000111000 3
71 17 100100100 3

03 30 001101100 4
14 41 110000001 3
25 52 100000000 1
36 63 000101000 2
47 74 100000000 1
50 05 000111000 3
61 16 000100001 2
72 27 100000100 2

04 40 000000000 a match 2
15 51 110100000 3
26 62 000000000 a match 2
37 73 100100100 3

Matching output with AND
0 absent
1 absent
2 04 40 26 62
3 absent
4 absent
5 23 32
6 absent
7 absent

Left
none
Best: none

Right
none
Best: none

OR
01 10 111111101 8
12 21 111100101 6
23 32 111101100 6 match 6
34 43 111101111 8
45 54 110111011 7
56 65 110111001 6
67 76 100111101 6
70 07 101111100 6

02 20 101111100 6
13 31 111101101 7
24 42 111000111 6
35 53 111111100 7
46 64 110111011 7
57 75 110111100 6
60 06 001111101 6
71 17 110110101 6

03 30 111111100 7
14 41 110100111 6
25 52 111111100 7
36 63 111111101 8
47 74 110110111 7
50 05 111111100 7
61 16 110111101 7
72 27 101110100 5

04 40 111111111 a
15 51 110111101 7
26 62 101111101 7
37 73 111111100 7

Matching output with OR
0 absent
1 absent
2 absent
3 absent
4 absent
5 absent
6 23 32
7 absent

Left
none
Best: none

Right
none
Best: none

XOR
01 10 111011001 6
12 21 011100001 4
23 32 010101000 3
34 43 001101111 6
45 54 000111011 5
56 65 110000001 3
67 76 100001101 4
70 07 101001000 3

02 20 100111000 4
13 31 001001001 3
24 42 011000111 5
35 53 001010100 3
46 64 110111010 6
57 75 010001100 3
60 06 001000101 3
71 17 010010001 3

03 30 110010000 3
14 41 000100110 3
25 52 011111100 6
36 63 111010101 6
47 74 010110111 6
50 05 111000100 4
61 16 110011100 5
72 27 001110000 3

04 40 111111111 a
15 51 000011101 4
26 62 101111101 7
37 73 011011000 4

Matching output with XOR
0 absent
1 absent
2 absent
3 absent
4 absent
5 absent
6 absent
7 absent

Left
none
Best: none

Right
none
Best: none

AND-NOT
01 001011000 3
12 010100001 3
23 000000000 a match 2
34 001101100 4
45 000000011 2
56 110000000 2
67 000001001 2
70 100000000 1

02 000111000 3
13 000000001 1
24 001000100 2
35 001000100 2
46 110000010 3
57 010001000 2
60 000000001 1
71 000010000 1

03 000010000 1
14 000100100 2
25 001000100 2
36 111000100 4
47 010000011 3
50 110000000 2
61 000011000 2
72 000110000 2

04 001111100 5 match 3
15 000000101 2
26 101000100 3 match 5
37 011001000 3
40 110000011 4 match 7
51 000011000 2
62 000111001 4 match 0
73 000010000 1

05 001000100 2
16 110000100 3
27 001000000 1
30 110000000 2
41 000000010 1
52 010111000 4
63 000010001 2
74 000110100 3

06 001000100 2
17 010000001 2
20 100000000 1
31 001001000 2
42 010000011 3
53 000010000 1
64 000111000 3
75 000000100 1

07 001001000 2
10 110000001 3
21 001000000 1
32 010101000 3
43 000000011 2
54 000111000 3
65 000000001 1
76 100000100 2

Matching output with AND-NOT
0 62
1 absent
2 23
3 04
4 absent
5 26
6 absent
7 40

Left
62 73x
Best: AND-NOT62: 1

Right
40 37x
Best: AND-NOT40: 1

OR-NOT
01 001111110 6
12 110111111 8
23 101010111 6
34 111111100 7
45 111000111 6
56 111111110 8
67 011111011 7
70 110110111 7

02 011111111 8
13 110110111 7
24 101111100 6
35 111101111 8
46 111000111 6
57 111111011 8
60 110111011 7
71 101111110 7

03 001111111 7
14 111111101 8
25 101000111 5
36 111101110 7
47 111001011 6
50 110111011 7
61 001111011 6
72 110111111 8

04 001111100 5 match 3
15 111100111 7
26 111000110 5
37 111101111 8
40 110000011 4 match 7
51 111111010 7
62 010111011 6
73 100110111 6

05 001111111 7
16 111100111 7
27 111001111 7
30 111101111 8
41 111011011 7
52 110111011 7
63 000111011 5
74 101111100 6

06 111111110 8
17 111101111 8
20 111000111 6
31 111111110 8
42 110111011 7
53 110111011 7
64 001111101 6
75 101110111 7

07 011111111 8
10 110100111 6
21 101011110 6
32 111111111 a
43 110010011 5
54 111111100 7
65 001111111 7
76 111110110 7

Matching output with OR-NOT
0 absent
1 absent
2 absent
3 04
4 absent
5 absent
6 absent
7 40

Left
none
Best: none

Right
40 37x
Best: OR-NOT40: 1

XOR-NOT
01 000100110 3
12 100011110 5
23 101010111 6
34 110010000 3
45 111000100 4
56 001111110 6
67 011110010 5
70 010110111 6

02 011000111 5
13 110110110 6
24 100111000 4
35 110101011 6
46 001000101 3
57 101110011 6
60 110111010 6
71 101101110 6

03 001101111 6
14 111011001 6
25 100000011 3
36 000101010 3
47 101001000 3
50 000111011 5
61 001100011 4
72 110001111 6

04 000000000 a match 2
15 111100010 5
26 010000010 2
37 100100111 5
40 000000000 a match 2
51 111100010 5
62 010000010 2
73 100100111 5

05 000111011 5
16 001100011 4
27 110001111 6
30 001101111 6
41 111011001 6
52 100000011 3
63 000101010 3
74 101001000 3

06 110111010 6
17 101101110 6
20 011000111 5
31 110110110 6
42 100111000 4
53 110101011 6
64 001000101 3
75 101110011 6

07 010110111 6
10 000100110 3
21 100011110 5
32 101010111 6
43 110010000 3
54 111000100 4
65 001111110 6
76 011110010 5

Matching output with XOR-NOT
0 absent
1 absent
2 04 40
3 absent
4 absent
5 absent
6 absent
7 absent

Left
none
Best: none

Right
none
Best: none

Selecting

Lefts
Identity I6 I7: 2
NOT none
Constant none
AND none
OR none
XOR none
AND-NOT AND-NOT62: 1
OR-NOT none
XOR-NOT none

Rights
Identity I4 I3 I2 I1 I0: 5
NOT NOT0: 1
Constant none
AND none
OR none
XOR none
AND-NOT AND-NOT40: 1
OR-NOT OR-NOT40: 1
XOR-NOT none

Left longest: 2
Right longest: 5

Right winner: Identity yes, NOT no, Constant no, AND no, OR no, XOR no, AND-NOT no, OR-NOT no, XOR-NOT no
Left winner: Identity yes, NOT no, Constant no, AND no, OR no, XOR no, AND-NOT no, OR-NOT no, XOR-NOT no

Best right: I4 I3 I2 I1 I0: 5
Best left: I6 I7: 2

Truncated right: I4 I3 I2 I1 I0: 5
Truncated left: I6 I7: 2

Tentative from right
7 I4
6 I3
5 I2
4 I1
3 I0
2 pending
1 pending
0 pending

Tentative
0 I6
1 I7
2 pending
3 I0
4 I1
5 I2
6 I3
7 I4

Preferred from right
7 I4
6 I3
5 I2
4 I1
3 I0
2 ??7
1 I7
0 I6

Preferred
0 I6
1 I7
2 ?07
3 I0
4 I1
5 I2
6 I3
7 I4

Matching
0 I6
1 I7
2 ?07 - Identity absent, NOT absent, Constant C0, AND absent, OR absent, XOR absent, AND-NOT absent, OR-NOT absent, XOR-NOT absent
3 I0
4 I1
5 I2
6 I3
7 I4

Perfect match
Identity no
NOT no
Constant yes
AND no
OR no
XOR no
AND-NOT no
OR-NOT no
XOR-NOT no

Matched
0 I6
1 I7
2 C0
3 I0
4 I1
5 I2
6 I3
7 I4

Selected
0 I6
1 I7
2 C0
3 I0
4 I1
5 I2
6 I3
7 I4

Applying to 11101100
Input
0 1
1 1
2 1
3 0
4 1
5 1
6 0
7 0
Output
0 I6 = 0
1 I7 = 0
2 C0 = 0
3 I0 = 1
4 I1 = 1
5 I2 = 1
6 I3 = 0
7 I4 = 1

I will now return the answer in \boxed{}
The answer in \boxed is
\boxed{00011101}
</think>
\boxed{00011101}