We need to deduce the transformation by matching the example outputs.

Output 1: 11101001
0 1
1 1
2 1
3 0
4 1
5 0
6 0
7 1

Output 2: 10100010
0 1
1 0
2 1
3 0
4 0
5 0
6 1
7 0

Output 3: 00111100
0 0
1 0
2 1
3 1
4 1
5 1
6 0
7 0

Output 4: 11000011
0 1
1 1
2 0
3 0
4 0
5 0
6 1
7 1

Output 5: 01010101
0 0
1 1
2 0
3 1
4 0
5 1
6 0
7 1

Output 6: 00111110
0 0
1 0
2 1
3 1
4 1
5 1
6 1
7 0

Output 7: 11111001
0 1
1 1
2 1
3 1
4 1
5 0
6 0
7 1

Output 8: 11111110
0 1
1 1
2 1
3 1
4 1
5 1
6 1
7 0

Output bit columns (with bitsum as hash)
0 11010011 5
1 10011011 5
2 11100111 6
3 00101111 5
4 10100111 5
5 00101101 4
6 01010101 4
7 10011010 4

Input 1: 01011010
0 0
1 1
2 0
3 1
4 1
5 0
6 1
7 0

Input 2: 10101000
0 1
1 0
2 1
3 0
4 1
5 0
6 0
7 0

Input 3: 00000011
0 0
1 0
2 0
3 0
4 0
5 0
6 1
7 1

Input 4: 11110000
0 1
1 1
2 1
3 1
4 0
5 0
6 0
7 0

Input 5: 01010101
0 0
1 1
2 0
3 1
4 0
5 1
6 0
7 1

Input 6: 10000011
0 1
1 0
2 0
3 0
4 0
5 0
6 1
7 1

Input 7: 01100110
0 0
1 1
2 1
3 0
4 0
5 1
6 1
7 0

Input 8: 10110011
0 1
1 0
2 1
3 1
4 0
5 0
6 1
7 1

Identity
0 01010101 4 match 6
1 10011010 4 match 7
2 01010011 4
3 10011001 4
4 11000000 2
5 00001010 2
6 10100111 5 match 4
7 00101101 4 match 5

Matching output with Identity
0 absent
1 absent
2 absent
3 absent
4 6
5 7
6 0
7 1

Left
none
Best: none

Right
1 0 7 6 5x
Best: I1 I0 I7 I6: 4

NOT
0 10101010 4
1 01100101 4
2 10101100 4
3 01100110 4
4 00111111 6
5 11110101 6
6 01011000 3
7 11010010 4

Matching output with NOT
0 absent
1 absent
2 absent
3 absent
4 absent
5 absent
6 absent
7 absent

Left
none
Best: none

Right
none
Best: none

Constant
0 00000000 a
1 11111111 a

Matching output with Constant
0 absent
1 absent
2 absent
3 absent
4 absent
5 absent
6 absent
7 absent

Left
none
Best: none

Right
none
Best: none

AND
01 10 00010000 1
12 21 00010010 2
23 32 00010001 2
34 43 10000000 1
45 54 00000000 a
56 65 00000010 1
67 76 00100101 3
70 07 00000101 2

02 20 01010001 3
13 31 10011000 3
24 42 01000000 1
35 53 00001000 1
46 64 10000000 1
57 75 00001000 1
60 06 00000101 2
71 17 00001000 1

03 30 00010001 2
14 41 10000000 1
25 52 00000010 1
36 63 10000001 2
47 74 00000000 a
50 05 00000000 a
61 16 10000010 2
72 27 00000001 1

04 40 01000000 1
15 51 00001010 2
26 62 00000011 2
37 73 00001001 2

Matching output with AND
0 absent
1 absent
2 absent
3 absent
4 absent
5 absent
6 absent
7 absent

Left
none
Best: none

Right
none
Best: none

OR
01 10 11011111 7
12 21 11011011 6
23 32 11011011 6
34 43 11011001 5
45 54 11001010 4
56 65 10101111 6
67 76 10101111 6
70 07 01111101 6

02 20 01010111 5
13 31 10011011 5 match 1
24 42 11010011 5 match 0
35 53 10011011 5 match 1
46 64 11100111 6 match 2
57 75 00101111 5 match 3
60 06 11110111 7
71 17 10111111 7

03 30 11011101 6
14 41 11011010 5
25 52 01011011 5
36 63 10111111 7
47 74 11101101 6
50 05 01011111 6
61 16 10111111 7
72 27 01111111 7

04 40 11010101 5
15 51 10011010 4 match 7
26 62 11110111 7
37 73 10111101 6

Matching output with OR
0 24 42
1 13 31 35 53
2 46 64
3 57 75
4 absent
5 absent
6 absent
7 15 51

Left
24 35 46 57 60x
42 53 64 75 06x
Best: OR24 OR35 OR46 OR57: 4

Right
15 04x
51 40x
Best: OR15: 1

XOR
01 10 11001111 6
12 21 11001001 4
23 32 11001010 4
34 43 01011001 4
45 54 11001010 4
56 65 10101101 5
67 76 10001010 3
70 07 01111000 4

02 20 00000110 2
13 31 00000011 2
24 42 10010011 4
35 53 10010011 4
46 64 01100111 5
57 75 00100111 4
60 06 11110010 5
71 17 10110111 6

03 30 11001100 4
14 41 01011010 4
25 52 01011001 4
36 63 00111110 5
47 74 11101101 6
50 05 01011111 6
61 16 00111101 5
72 27 01111110 6

04 40 10010101 4
15 51 10010000 2
26 62 11110100 5
37 73 10110100 4

Matching output with XOR
0 absent
1 absent
2 absent
3 absent
4 absent
5 absent
6 absent
7 absent

Left
none
Best: none

Right
none
Best: none

AND-NOT
01 01000101 3
12 10001000 2
23 01000010 2
34 00011001 3
45 11000000 2
56 00001000 1
67 10000010 2
70 00101000 2

02 00000100 1
13 00000010 1
24 00010011 3
35 10010001 3
46 01000000 1
57 00000010 1
60 10100010 3
71 00100101 3

03 01000100 2
14 00011010 3
25 01010001 3
36 00011000 2
47 11000000 2
50 00001010 2
61 00100101 3
72 00101100 3

04 00010101 3
15 10010000 2
26 01010000 2
37 10010000 2
40 10000000 1
51 00000000 a
62 10100100 3
73 00100100 2

05 01010101 4 match 6
16 00011000 2
27 01010010 3
30 10001000 2
41 01000000 1
52 00001000 1
63 00100110 3
74 00101101 4 match 5

06 01010000 2
17 10010010 3
20 00000010 1
31 00000001 1
42 10000000 1
53 00000010 1
64 00100111 4
75 00100101 3

07 01010000 2
10 10001010 3
21 01000001 2
32 10001000 2
43 01000000 1
54 00001010 2
65 10100101 4
76 00001000 1

Matching output with AND-NOT
0 absent
1 absent
2 absent
3 absent
4 absent
5 74
6 05
7 absent

Left
none
Best: none

Right
none
Best: none

OR-NOT
01 01110101 5
12 10111110 6
23 01110111 6
34 10111111 7
45 11110101 6
56 01011010 4
67 11110111 7
70 10101111 6

02 11111101 7
13 11111110 7
24 01111111 7
35 11111101 7
46 11011000 4
57 11011010 5
60 10101111 6
71 01101101 5

03 01110111 6
14 10111111 7
25 11110111 7
36 11011001 5
47 11010010 4
50 10101010 4
61 11100111 6 match 2
72 10101101 5

04 01111111 7
15 11111111 a
26 01011011 5
37 11011011 6
40 11101010 5
51 01101111 6
62 10101111 6
73 01101111 6

05 11110101 6
16 11011010 5
27 11010011 5 match 0
30 10111011 6
41 11100101 5
52 10101110 5
63 11100111 6 match 2
74 00111111 6

06 01011101 5
17 11011010 5
20 11111011 7
31 11111101 7
42 11101100 5
53 01101110 5
64 10111111 7
75 11111101 7

07 11010111 6
10 10111010 5
21 01110111 6
32 10111101 6
43 11100110 5
54 00111111 6
65 11110111 7
76 01111101 6

Matching output with OR-NOT
0 27
1 absent
2 61 63
3 absent
4 absent
5 absent
6 absent
7 absent

Left
27 30x
Best: OR-NOT27: 1

Right
none
Best: none

XOR-NOT
01 00110000 2
12 00110110 4
23 00110101 4
34 10100110 4
45 00110101 4
56 01010010 3
67 01110101 5
70 10000111 4

02 11111001 6
13 11111100 6
24 01101100 4
35 01101100 4
46 10011000 3
57 11011000 4
60 00001101 3
71 01001000 2

03 00110011 4
14 10100101 4
25 10100110 4
36 11000001 3
47 00010010 2
50 10100000 2
61 11000010 3
72 10000001 2

04 01101010 4
15 01101111 6
26 00001011 3
37 01001011 4
40 01101010 4
51 01101111 6
62 00001011 3
73 01001011 4

05 10100000 2
16 11000010 3
27 10000001 2
30 00110011 4
41 10100101 4
52 10100110 4
63 11000001 3
74 00010010 2

06 00001101 3
17 01001000 2
20 11111001 6
31 11111100 6
42 01101100 4
53 01101100 4
64 10011000 3
75 11011000 4

07 10000111 4
10 00110000 2
21 00110110 4
32 00110101 4
43 10100110 4
54 00110101 4
65 01010010 3
76 01110101 5

Matching output with XOR-NOT
0 absent
1 absent
2 absent
3 absent
4 absent
5 absent
6 absent
7 absent

Left
none
Best: none

Right
none
Best: none

Selecting

Lefts
Identity none
NOT none
Constant none
AND none
OR OR24 OR35 OR46 OR57: 4
XOR none
AND-NOT none
OR-NOT OR-NOT27: 1
XOR-NOT none

Rights
Identity I1 I0 I7 I6: 4
NOT none
Constant none
AND none
OR OR15: 1
XOR none
AND-NOT none
OR-NOT none
XOR-NOT none

Left longest: 4
Right longest: 4

Left winner: Identity no, NOT no, Constant no, AND no, OR yes, XOR no, AND-NOT no, OR-NOT no, XOR-NOT no
Right winner: Identity yes, NOT no, Constant no, AND no, OR no, XOR no, AND-NOT no, OR-NOT no, XOR-NOT no

Best left: OR24 OR35 OR46 OR57: 4
Best right: I1 I0 I7 I6: 4

Truncated left: OR24 OR35 OR46 OR57: 4
Truncated right: I1 I0 I7 I6: 4

Tentative from right
7 I1
6 I0
5 I7
4 I6
3 pending
2 pending
1 pending
0 pending

Tentative
0 OR24
1 OR35
2 OR46
3 OR57
4 I6
5 I7
6 I0
7 I1

Preferred from left
0 OR24
1 OR35
2 OR46
3 OR57
4 I6
5 I7
6 I0
7 I1

Preferred
0 OR24
1 OR35
2 OR46
3 OR57
4 I6
5 I7
6 I0
7 I1

Matching
0 OR24
1 OR35
2 OR46
3 OR57
4 I6
5 I7
6 I0
7 I1

Perfect match
Identity no
NOT no
Constant no
AND no
OR no
XOR no
AND-NOT no
OR-NOT no
XOR-NOT no

Matched
0 OR24
1 OR35
2 OR46
3 OR57
4 I6
5 I7
6 I0
7 I1

Selected
0 OR24
1 OR35
2 OR46
3 OR57
4 I6
5 I7
6 I0
7 I1

Applying to 01011101
Input
0 0
1 1
2 0
3 1
4 1
5 1
6 0
7 1
Output
0 OR24 = OR(0,1) = 1
1 OR35 = OR(1,1) = 1
2 OR46 = OR(1,0) = 1
3 OR57 = OR(1,1) = 1
4 I6 = 0
5 I7 = 1
6 I0 = 0
7 I1 = 1

I will now return the answer in \boxed{}
The answer in \boxed is
\boxed{11110101}
</think>
\boxed{11110101}