We need to deduce the transformation by matching the example outputs.

Output 1: 11100111
0 1
1 1
2 1
3 0
4 0
5 1
6 1
7 1

Output 2: 11101111
0 1
1 1
2 1
3 0
4 1
5 1
6 1
7 1

Output 3: 01001111
0 0
1 1
2 0
3 0
4 1
5 1
6 1
7 1

Output 4: 01011111
0 0
1 1
2 0
3 1
4 1
5 1
6 1
7 1

Output 5: 11011111
0 1
1 1
2 0
3 1
4 1
5 1
6 1
7 1

Output 6: 00011111
0 0
1 0
2 0
3 1
4 1
5 1
6 1
7 1

Output 7: 11111111
0 1
1 1
2 1
3 1
4 1
5 1
6 1
7 1

Output 8: 01100111
0 0
1 1
2 1
3 0
4 0
5 1
6 1
7 1

Output bit columns (with bitsum as hash)
0 11001010 4
1 11111011 7
2 11000011 4
3 00011110 4
4 01111110 6
5 11111111 a
6 11111111 a
7 11111111 a

Input 1: 01000001
0 0
1 1
2 0
3 0
4 0
5 0
6 0
7 1

Input 2: 00111110
0 0
1 0
2 1
3 1
4 1
5 1
6 1
7 0

Input 3: 00010010
0 0
1 0
2 0
3 1
4 0
5 0
6 1
7 0

Input 4: 11110011
0 1
1 1
2 1
3 1
4 0
5 0
6 1
7 1

Input 5: 00011100
0 0
1 0
2 0
3 1
4 1
5 1
6 0
7 0

Input 6: 01110100
0 0
1 1
2 1
3 1
4 0
5 1
6 0
7 0

Input 7: 00000000
0 0
1 0
2 0
3 0
4 0
5 0
6 0
7 0

Input 8: 00110001
0 0
1 0
2 1
3 1
4 0
5 0
6 0
7 1

Identity
0 00010000 1
1 10010100 3
2 01010101 4
3 01111101 6
4 01001000 2
5 01001100 3
6 01110000 3
7 10010001 3

Matching output with Identity
0 absent
1 absent
2 absent
3 absent
4 absent
5 absent
6 absent
7 absent

Left
none
Best: none

Right
none
Best: none

NOT
0 11101111 7
1 01101011 5
2 10101010 4
3 10000010 2
4 10110111 6
5 10110011 5
6 10001111 5
7 01101110 5

Matching output with NOT
0 absent
1 absent
2 absent
3 absent
4 absent
5 absent
6 absent
7 absent

Left
none
Best: none

Right
none
Best: none

Constant
0 00000000 a
1 11111111 a match 5 6 7

Matching output with Constant
0 absent
1 absent
2 absent
3 absent
4 absent
5 C1
6 C1
7 C1

Left
none
Best: none

Right
1 1 1
Best: C1 C1 C1: 3

AND
01 10 00010000 1
12 21 00010100 2
23 32 01010101 4
34 43 01001000 2
45 54 01001000 2
56 65 01000000 1
67 76 00010000 1
70 07 00010000 1

02 20 00010000 1
13 31 00010100 2
24 42 01000000 1
35 53 01001100 3
46 64 01000000 1
57 75 00000000 a
60 06 00010000 1
71 17 10010000 2

03 30 00010000 1
14 41 00000000 a
25 52 01000100 2
36 63 01110000 3
47 74 00000000 a
50 05 00000000 a
61 16 00010000 1
72 27 00010001 2

04 40 00000000 a
15 51 00000100 1
26 62 01010000 2
37 73 00010001 2

Matching output with AND
0 absent
1 absent
2 absent
3 absent
4 absent
5 absent
6 absent
7 absent

Left
none
Best: none

Right
none
Best: none

OR
01 10 10010100 3
12 21 11010101 5
23 32 01111101 6
34 43 01111101 6
45 54 01001100 3
56 65 01111100 5
67 76 11110001 5
70 07 10010001 3

02 20 01010101 4
13 31 11111101 7
24 42 01011101 5
35 53 01111101 6
46 64 01111000 4
57 75 11011101 6
60 06 01110000 3
71 17 10010101 4

03 30 01111101 6
14 41 11011100 5
25 52 01011101 5
36 63 01111101 6
47 74 11011001 5
50 05 01011100 4
61 16 11110100 5
72 27 11010101 5

04 40 01011000 3
15 51 11011100 5
26 62 01110101 5
37 73 11111101 7

Matching output with OR
0 absent
1 absent
2 absent
3 absent
4 absent
5 absent
6 absent
7 absent

Left
none
Best: none

Right
none
Best: none

XOR
01 10 10000100 2
12 21 11000001 3
23 32 00101000 2
34 43 00110101 4
45 54 00000100 1
56 65 00111100 4
67 76 11100001 4
70 07 10000001 2

02 20 01000101 3
13 31 11101001 5
24 42 00011101 4
35 53 00110001 3
46 64 00111000 3
57 75 11011101 6
60 06 01100000 2
71 17 00000101 2

03 30 01101101 5
14 41 11011100 5
25 52 00011001 3
36 63 00001101 3
47 74 11011001 5
50 05 01011100 4
61 16 11100100 4
72 27 11000100 3

04 40 01011000 3
15 51 11011000 4
26 62 00100101 3
37 73 11101100 5

Matching output with XOR
0 absent
1 absent
2 absent
3 absent
4 absent
5 absent
6 absent
7 absent

Left
none
Best: none

Right
none
Best: none

AND-NOT
01 00000000 a
12 10000000 1
23 00000000 a
34 00110101 4
45 00000000 a
56 00001100 2
67 01100000 2
70 10000001 2

02 00000000 a
13 10000000 1
24 00010101 3
35 00110001 3
46 00001000 1
57 01001100 3
60 01100000 2
71 00000001 1

03 00000000 a
14 10010100 3
25 00010001 2
36 00001101 3
47 01001000 2
50 01001100 3
61 01100000 2
72 10000000 1

04 00010000 1
15 10010000 2
26 00000101 2
37 01101100 4
40 01001000 2
51 01001000 2
62 00100000 1
73 10000000 1

05 00010000 1
16 10000100 2
27 01000100 2
30 01101101 5
41 01001000 2
52 00001000 1
63 00000000 a
74 10010001 3

06 00000000 a
17 00000100 1
20 01000101 3
31 01101001 4
42 00001000 1
53 00000000 a
64 00110000 2
75 10010001 3

07 00000000 a
10 10000100 2
21 01000001 2
32 00101000 2
43 00000000 a
54 00000100 1
65 00110000 2
76 10000001 2

Matching output with AND-NOT
0 absent
1 absent
2 absent
3 absent
4 absent
5 absent
6 absent
7 absent

Left
none
Best: none

Right
none
Best: none

OR-NOT
01 01111011 6
12 10111110 6
23 11010111 6
34 11111111 a match 5 6 7
45 11111011 7 match 1
56 11001111 6
67 01111110 6 match 4
70 11111111 a match 5 6 7

02 10111010 5
13 10010110 4
24 11110111 7
35 11111111 a match 5 6 7
46 11001111 6
57 01101110 5
60 11111111 a match 5 6 7
71 11111011 7 match 1

03 10010010 3
14 10110111 6
25 11110111 7
36 11111111 a match 5 6 7
47 01101110 5
50 11101111 7
61 01111011 6
72 10111011 6

04 10110111 6
15 10110111 6
26 11011111 7
37 01111111 7
40 11101111 7
51 01101111 6
62 11111010 6
73 10010011 4

05 10110011 5
16 10011111 6
27 01111111 7
30 11111111 a match 5 6 7
41 01101011 5
52 11101110 6
63 11110010 5
74 10110111 6

06 10011111 6
17 11111110 7
20 11111111 a match 5 6 7
31 01111111 7
42 11101010 5
53 11001110 5
64 11110111 7
75 10110011 5

07 01111110 6 match 4
10 11111111 a match 5 6 7
21 01111111 7
32 11111111 a match 5 6 7
43 11001010 4 match 0
54 11111111 a match 5 6 7
65 11110011 6
76 10011111 6

Matching output with OR-NOT
0 43
1 45 71
2 absent
3 absent
4 67 07
5 34 70 35 60 36 30 20 10 32 54
6 34 70 35 60 36 30 20 10 32 54
7 34 70 35 60 36 30 20 10 32 54

Left
43 54x
Best: OR-NOT43: 1

Right
34 23x
70 67x
35 24x
60 57x
36 25x
30 27x
20 17x
10 07x
32 21x
54 43x
Best: OR-NOT34: 1

XOR-NOT
01 01111011 6
12 00111110 5
23 11010111 6
34 11001010 4 match 0
45 11111011 7 match 1
56 11000011 4 match 2
67 00011110 4 match 3
70 01111110 6 match 4

02 10111010 5
13 00010110 3
24 11100010 4
35 11001110 5
46 11000111 5
57 00100010 2
60 10011111 6
71 11111010 6

03 10010010 3
14 00100011 3
25 11100110 5
36 11110010 5
47 00100110 3
50 10100011 4
61 00011011 4
72 00111011 5

04 10100111 5
15 00100111 4
26 11011010 5
37 00010011 3
40 10100111 5
51 00100111 4
62 11011010 5
73 00010011 3

05 10100011 4
16 00011011 4
27 00111011 5
30 10010010 3
41 00100011 3
52 11100110 5
63 11110010 5
74 00100110 3

06 10011111 6
17 11111010 6
20 10111010 5
31 00010110 3
42 11100010 4
53 11001110 5
64 11000111 5
75 00100010 2

07 01111110 6 match 4
10 01111011 6
21 00111110 5
32 11010111 6
43 11001010 4 match 0
54 11111011 7 match 1
65 11000011 4 match 2
76 00011110 4 match 3

Matching output with XOR-NOT
0 34 43
1 45 54
2 56 65
3 67 76
4 70 07
5 absent
6 absent
7 absent

Left
34 45 56 67 70 01x
43 54 65 76 07 10x
Best: XOR-NOT34 XOR-NOT45 XOR-NOT56 XOR-NOT67 XOR-NOT70: 5

Right
none
Best: none

Selecting

Lefts
Identity none
NOT none
Constant none
AND none
OR none
XOR none
AND-NOT none
OR-NOT OR-NOT43: 1
XOR-NOT XOR-NOT34 XOR-NOT45 XOR-NOT56 XOR-NOT67 XOR-NOT70: 5

Rights
Identity none
NOT none
Constant C1 C1 C1: 3
AND none
OR none
XOR none
AND-NOT none
OR-NOT OR-NOT34: 1
XOR-NOT none

Left longest: 5
Right longest: 3

Left winner: Identity no, NOT no, Constant no, AND no, OR no, XOR no, AND-NOT no, OR-NOT no, XOR-NOT yes
Right winner: Identity no, NOT no, Constant yes, AND no, OR no, XOR no, AND-NOT no, OR-NOT no, XOR-NOT no

Best left: XOR-NOT34 XOR-NOT45 XOR-NOT56 XOR-NOT67 XOR-NOT70: 5
Best right: C1 C1 C1: 3

Truncated left: XOR-NOT34 XOR-NOT45 XOR-NOT56 XOR-NOT67 XOR-NOT70: 5
Truncated right: C1 C1 C1: 3

Tentative from right
7 C1
6 C1
5 C1
4 pending
3 pending
2 pending
1 pending
0 pending

Tentative
0 XOR-NOT34
1 XOR-NOT45
2 XOR-NOT56
3 XOR-NOT67
4 XOR-NOT70
5 C1
6 C1
7 C1

Preferred from left
0 XOR-NOT34
1 XOR-NOT45
2 XOR-NOT56
3 XOR-NOT67
4 XOR-NOT70
5 C1
6 C1
7 C1

Preferred
0 XOR-NOT34
1 XOR-NOT45
2 XOR-NOT56
3 XOR-NOT67
4 XOR-NOT70
5 C1
6 C1
7 C1

Matching
0 XOR-NOT34
1 XOR-NOT45
2 XOR-NOT56
3 XOR-NOT67
4 XOR-NOT70
5 C1
6 C1
7 C1

Perfect match
Identity no
NOT no
Constant no
AND no
OR no
XOR no
AND-NOT no
OR-NOT no
XOR-NOT no

Matched
0 XOR-NOT34
1 XOR-NOT45
2 XOR-NOT56
3 XOR-NOT67
4 XOR-NOT70
5 C1
6 C1
7 C1

Selected
0 XOR-NOT34
1 XOR-NOT45
2 XOR-NOT56
3 XOR-NOT67
4 XOR-NOT70
5 C1
6 C1
7 C1

Applying to 01011101
Input
0 0
1 1
2 0
3 1
4 1
5 1
6 0
7 1
Output
0 XOR-NOT34 = XOR(1,NOT(1)) = 1
1 XOR-NOT45 = XOR(1,NOT(1)) = 1
2 XOR-NOT56 = XOR(1,NOT(0)) = 0
3 XOR-NOT67 = XOR(0,NOT(1)) = 0
4 XOR-NOT70 = XOR(1,NOT(0)) = 0
5 C1 = 1
6 C1 = 1
7 C1 = 1

I will now return the answer in \boxed{}
The answer in \boxed is
\boxed{11000111}
</think>
\boxed{11000111}