We need to deduce the transformation by matching the example outputs.

Output 1: 11100001
0 1
1 1
2 1
3 0
4 0
5 0
6 0
7 1

Output 2: 10100001
0 1
1 0
2 1
3 0
4 0
5 0
6 0
7 1

Output 3: 10100001
0 1
1 0
2 1
3 0
4 0
5 0
6 0
7 1

Output 4: 00100000
0 0
1 0
2 1
3 0
4 0
5 0
6 0
7 0

Output 5: 11100000
0 1
1 1
2 1
3 0
4 0
5 0
6 0
7 0

Output 6: 00100001
0 0
1 0
2 1
3 0
4 0
5 0
6 0
7 1

Output 7: 00100000
0 0
1 0
2 1
3 0
4 0
5 0
6 0
7 0

Output 8: 11000001
0 1
1 1
2 0
3 0
4 0
5 0
6 0
7 1

Output 9: 11000001
0 1
1 1
2 0
3 0
4 0
5 0
6 0
7 1

Output 10: 10100000
0 1
1 0
2 1
3 0
4 0
5 0
6 0
7 0

Output bit columns (with bitsum as hash)
0 1110100111 7
1 1000100110 4
2 1111111001 8
3 0000000000 a
4 0000000000 a
5 0000000000 a
6 0000000000 a
7 1110010110 6

Input 1: 11110111
0 1
1 1
2 1
3 1
4 0
5 1
6 1
7 1

Input 2: 11101101
0 1
1 1
2 1
3 0
4 1
5 1
6 0
7 1

Input 3: 11111101
0 1
1 1
2 1
3 1
4 1
5 1
6 0
7 1

Input 4: 00111001
0 0
1 0
2 1
3 1
4 1
5 0
6 0
7 1

Input 5: 00101111
0 0
1 0
2 1
3 0
4 1
5 1
6 1
7 1

Input 6: 11111001
0 1
1 1
2 1
3 1
4 1
5 0
6 0
7 1

Input 7: 00011001
0 0
1 0
2 0
3 1
4 1
5 0
6 0
7 1

Input 8: 10001110
0 1
1 0
2 0
3 0
4 1
5 1
6 1
7 0

Input 9: 11010110
0 1
1 1
2 0
3 1
4 0
5 1
6 1
7 0

Input 10: 01101101
0 0
1 1
2 1
3 0
4 1
5 1
6 0
7 1

Identity
0 1110010110 6 match 7
1 1110010011 6
2 1111110001 7
3 1011011010 6
4 0111111101 8
5 1110100111 7 match 0
6 1000100110 4 match 1
7 1111111001 8 match 2

Matching output with Identity
0 5
1 6
2 7
3 absent
4 absent
5 absent
6 absent
7 0

Left
5 6 7 0x
Best: I5 I6 I7: 3

Right
0 7x
Best: I0: 1

NOT
0 0001101001 4
1 0001101100 4
2 0000001110 3
3 0100100101 4
4 1000000010 2
5 0001011000 3
6 0111011001 6
7 0000000110 2

Matching output with NOT
0 absent
1 absent
2 absent
3 absent
4 absent
5 absent
6 absent
7 absent

Left
none
Best: none

Right
none
Best: none

Constant
0 0000000000 a match 3 4 5 6
1 1111111111 a

Matching output with Constant
0 absent
1 absent
2 absent
3 C0
4 C0
5 C0
6 C0
7 absent

Left
none
Best: none

Right
none
Best: none

AND
01 10 1110010010 5
12 21 1110010001 5
23 32 1011010000 4
34 43 0011011000 4
45 54 0110100101 5
56 65 1000100110 4 match 1
67 76 1000100000 2
70 07 1110010000 4

02 20 1110010000 4
13 31 1010010010 4
24 42 0111110001 6
35 53 1010000010 3
46 64 0000100100 2
57 75 1110100001 5
60 06 1000000110 3
71 17 1110010001 5

03 30 1010010010 4
14 41 0110010001 4
25 52 1110100001 5
36 63 1000000010 2
47 74 0111111001 7
50 05 1110000110 5
61 16 1000000010 2
72 27 1111110001 7

04 40 0110010100 4
15 51 1110000011 5
26 62 1000100000 2
37 73 1011011000 5

Matching output with AND
0 absent
1 56 65
2 absent
3 absent
4 absent
5 absent
6 absent
7 absent

Left
none
Best: none

Right
none
Best: none

OR
01 10 1110010111 7
12 21 1111110011 8
23 32 1111111011 9
34 43 1111111111 a
45 54 1111111111 a
56 65 1110100111 7 match 0
67 76 1111111111 a
70 07 1111111111 a

02 20 1111110111 9
13 31 1111011011 8
24 42 1111111101 9
35 53 1111111111 a
46 64 1111111111 a
57 75 1111111111 a
60 06 1110110110 7
71 17 1111111011 9

03 30 1111011110 8
14 41 1111111111 a
25 52 1111110111 9
36 63 1011111110 8
47 74 1111111101 9
50 05 1110110111 8
61 16 1110110111 8
72 27 1111111001 8 match 2

04 40 1111111111 a
15 51 1110110111 8
26 62 1111110111 9
37 73 1111111011 9

Matching output with OR
0 56 65
1 absent
2 27 72
3 absent
4 absent
5 absent
6 absent
7 absent

Left
56 67x
65 76x
Best: OR56: 1

Right
none
Best: none

XOR
01 10 0000000101 2
12 21 0001100010 3
23 32 0100101011 5
34 43 1100100111 6
45 54 1001011010 5
56 65 0110000001 3
67 76 0111011111 8
70 07 0001101111 6

02 20 0001100111 5
13 31 0101001001 4
24 42 1000001100 3
35 53 0101111101 7
46 64 1111011011 8
57 75 0001011110 5
60 06 0110110000 4
71 17 0001101010 4

03 30 0101001100 4
14 41 1001101110 6
25 52 0001010110 4
36 63 0011111100 6
47 74 1000000100 2
50 05 0000110001 3
61 16 0110110101 6
72 27 0000001000 1

04 40 1001101011 6
15 51 0000110100 3
26 62 0111010111 7
37 73 0100100011 4

Matching output with XOR
0 absent
1 absent
2 absent
3 absent
4 absent
5 absent
6 absent
7 absent

Left
none
Best: none

Right
none
Best: none

AND-NOT
01 0000000100 1
12 0000000010 1
23 0100100001 3
34 1000000010 2
45 0001011000 3
56 0110000001 3
67 0000000110 2
70 0001101001 4

02 0000000110 2
13 0100000001 2
24 1000000000 1
35 0001011000 3
46 0111011001 6
57 0000000110 2
60 0000100000 1
71 0001101000 3

03 0100000100 2
14 1000000010 2
25 0001010000 2
36 0011011000 4
47 0000000100 1
50 0000100001 2
61 0000100100 2
72 0000001000 1

04 1000000010 2
15 0000010000 1
26 0111010001 5
37 0000000010 1
40 0001101001 4
51 0000100100 2
62 0000000110 2
73 0100100001 3

05 0000010000 1
16 0110010001 4
27 0000000000 a match 3 4 5 6
30 0001001000 2
41 0001101100 4
52 0000000110 2
63 0000100100 2
74 1000000000 1

06 0110010000 3
17 0000000010 1
20 0001100001 3
31 0001001000 2
42 0000001100 2
53 0100100101 4
64 1000000010 2
75 0001011000 3

07 0000000110 2
10 0000000001 1
21 0001100000 2
32 0000001010 2
43 0100100101 4
54 1000000010 2
65 0000000000 a match 3 4 5 6
76 0111011001 6

Matching output with AND-NOT
0 absent
1 absent
2 absent
3 27 65
4 27 65
5 27 65
6 27 65
7 absent

Left
none
Best: none

Right
none
Best: none

OR-NOT
01 1111111110 9
12 1110011111 8
23 1111110101 8
34 1011011010 6
45 0111111101 8
56 1111111111 a
67 1000100110 4 match 1
70 1111111001 8 match 2

02 1110011110 7
13 1110110111 8
24 1111110011 8
35 1011011010 6
46 0111111101 8
57 1110100111 7 match 0
60 1001101111 7
71 1111111101 9

03 1110110111 8
14 1110010011 6
25 1111111001 8 match 2
36 1111011011 8
47 0111111111 9
50 1111101111 9
61 1001101110 6
72 1111111111 a

04 1110010110 6 match 7
15 1111011011 8
26 1111111001 8 match 2
37 1011011110 7
40 0111111101 8
51 1111101111 9
62 1000101110 5
73 1111111101 9

05 1111011110 8
16 1111011011 8
27 1111110111 9
30 1011111011 8
41 0111111101 8
52 1110101111 8
63 1100100111 6
74 1111111011 9

06 1111011111 9
17 1110010111 7
20 1111111001 8 match 2
31 1011111110 8
42 0111111111 9
53 1110100111 7 match 0
64 1000100110 4 match 1
75 1111111001 8 match 2

07 1110010110 6 match 7
10 1111111011 9
21 1111111101 9
32 1011011110 7
43 0111111101 8
54 1110100111 7 match 0
65 1001111110 7
76 1111111001 8 match 2

Matching output with OR-NOT
0 57 53 54
1 67 64
2 70 25 26 20 75 76
3 absent
4 absent
5 absent
6 absent
7 04 07

Left
57 60x
53 64 75 06x
54 65x
Best: OR-NOT53 OR-NOT64 OR-NOT75: 3

Right
04 73x
07 76x
Best: OR-NOT04: 1

XOR-NOT
01 1111111010 8
12 1110011101 7
23 1011010100 5
34 0011011000 4
45 0110100101 5
56 1001111110 7
67 1000100000 2
70 1110010000 4

02 1110011000 5
13 1010110110 6
24 0111110011 7
35 1010000010 3
46 0000100100 2
57 1110100001 5
60 1001001111 6
71 1110010101 6

03 1010110011 6
14 0110010001 4
25 1110101001 6
36 1100000011 4
47 0111111011 8
50 1111001110 7
61 1001001010 4
72 1111110111 9

04 0110010100 4
15 1111001011 7
26 1000101000 3
37 1011011100 6
40 0110010100 4
51 1111001011 7
62 1000101000 3
73 1011011100 6

05 1111001110 7
16 1001001010 4
27 1111110111 9
30 1010110011 6
41 0110010001 4
52 1110101001 6
63 1100000011 4
74 0111111011 8

06 1001001111 6
17 1110010101 6
20 1110011000 5
31 1010110110 6
42 0111110011 7
53 1010000010 3
64 0000100100 2
75 1110100001 5

07 1110010000 4
10 1111111010 8
21 1110011101 7
32 1011010100 5
43 0011011000 4
54 0110100101 5
65 1001111110 7
76 1000100000 2

Matching output with XOR-NOT
0 absent
1 absent
2 absent
3 absent
4 absent
5 absent
6 absent
7 absent

Left
none
Best: none

Right
none
Best: none

Selecting

Lefts
Identity I5 I6 I7: 3
NOT none
Constant none
AND none
OR OR56: 1
XOR none
AND-NOT none
OR-NOT OR-NOT53 OR-NOT64 OR-NOT75: 3
XOR-NOT none

Rights
Identity I0: 1
NOT none
Constant none
AND none
OR none
XOR none
AND-NOT none
OR-NOT OR-NOT04: 1
XOR-NOT none

Left longest: 3
Right longest: 1

Left winner: Identity yes, NOT no, Constant no, AND no, OR no, XOR no, AND-NOT no, OR-NOT no, XOR-NOT no
Right winner: Identity yes, NOT no, Constant no, AND no, OR no, XOR no, AND-NOT no, OR-NOT no, XOR-NOT no

Best left: I5 I6 I7: 3
Best right: I0: 1

Truncated left: I5 I6 I7: 3
Truncated right: I0: 1

Tentative from right
7 I0
6 pending
5 pending
4 pending
3 pending
2 pending
1 pending
0 pending

Tentative
0 I5
1 I6
2 I7
3 pending
4 pending
5 pending
6 pending
7 I0

Preferred from left
0 I5
1 I6
2 I7
3 ?0?
4 ?1?
5 ?2?
6 ?3?
7 I0

Preferred
0 I5
1 I6
2 I7
3 ?04
4 ?15
5 ?26
6 ?37
7 I0

Matching
0 I5
1 I6
2 I7
3 ?04 - Identity absent, NOT absent, Constant C0, AND absent, OR absent, XOR absent, AND-NOT absent, OR-NOT absent, XOR-NOT absent
4 ?15 - Identity absent, NOT absent, Constant C0, AND absent, OR absent, XOR absent, AND-NOT absent, OR-NOT absent, XOR-NOT absent
5 ?26 - Identity absent, NOT absent, Constant C0, AND absent, OR absent, XOR absent, AND-NOT absent, OR-NOT absent, XOR-NOT absent
6 ?37 - Identity absent, NOT absent, Constant C0, AND absent, OR absent, XOR absent, AND-NOT absent, OR-NOT absent, XOR-NOT absent
7 I0

Perfect match
Identity no
NOT no
Constant yes
AND no
OR no
XOR no
AND-NOT no
OR-NOT no
XOR-NOT no

Matched
0 I5
1 I6
2 I7
3 C0
4 C0
5 C0
6 C0
7 I0

Selected
0 I5
1 I6
2 I7
3 C0
4 C0
5 C0
6 C0
7 I0

Applying to 10110010
Input
0 1
1 0
2 1
3 1
4 0
5 0
6 1
7 0
Output
0 I5 = 0
1 I6 = 1
2 I7 = 0
3 C0 = 0
4 C0 = 0
5 C0 = 0
6 C0 = 0
7 I0 = 1

I will now return the answer in \boxed{}
The answer in \boxed is
\boxed{01000001}
</think>
\boxed{01000001}