We need to deduce the transformation by matching the example outputs.

Output 1: 11001111
0 1
1 1
2 0
3 0
4 1
5 1
6 1
7 1

Output 2: 00101000
0 0
1 0
2 1
3 0
4 1
5 0
6 0
7 0

Output 3: 00111111
0 0
1 0
2 1
3 1
4 1
5 1
6 1
7 1

Output 4: 01010110
0 0
1 1
2 0
3 1
4 0
5 1
6 1
7 0

Output 5: 01010011
0 0
1 1
2 0
3 1
4 0
5 0
6 1
7 1

Output 6: 11100011
0 1
1 1
2 1
3 0
4 0
5 0
6 1
7 1

Output 7: 10001110
0 1
1 0
2 0
3 0
4 1
5 1
6 1
7 0

Output 8: 10000010
0 1
1 0
2 0
3 0
4 0
5 0
6 1
7 0

Output bit columns (with bitsum as hash)
0 10000111 4
1 10011100 4
2 01100100 3
3 00111000 3
4 11100010 4
5 10110010 4
6 10111111 7
7 10101100 4

Input 1: 10100111
0 1
1 0
2 1
3 0
4 0
5 1
6 1
7 1

Input 2: 11010000
0 1
1 1
2 0
3 1
4 0
5 0
6 0
7 0

Input 3: 01000111
0 0
1 1
2 0
3 0
4 0
5 1
6 1
7 1

Input 4: 11001100
0 1
1 1
2 0
3 0
4 1
5 1
6 0
7 0

Input 5: 00010110
0 0
1 0
2 0
3 1
4 0
5 1
6 1
7 0

Input 6: 01110110
0 0
1 1
2 1
3 1
4 0
5 1
6 1
7 0

Input 7: 10110101
0 1
1 0
2 1
3 1
4 0
5 1
6 0
7 1

Input 8: 01101101
0 0
1 1
2 1
3 0
4 1
5 1
6 0
7 1

Identity
0 11010010 4
1 01110101 5
2 10000111 4 match 0
3 01001110 4
4 00010001 2
5 10111111 7 match 6
6 10101100 4 match 7
7 10100011 4

Matching output with Identity
0 2
1 absent
2 absent
3 absent
4 absent
5 absent
6 5
7 6

Left
2 3x
Best: I2: 1

Right
6 5 4x
Best: I6 I5: 2

NOT
0 00101101 4
1 10001010 3
2 01111000 4
3 10110001 4
4 11101110 6
5 01000000 1
6 01010011 4
7 01011100 4

Matching output with NOT
0 absent
1 absent
2 absent
3 absent
4 absent
5 absent
6 absent
7 absent

Left
none
Best: none

Right
none
Best: none

Constant
0 00000000 a
1 11111111 a

Matching output with Constant
0 absent
1 absent
2 absent
3 absent
4 absent
5 absent
6 absent
7 absent

Left
none
Best: none

Right
none
Best: none

AND
01 10 01010000 2
12 21 00000101 2
23 32 00000110 2
34 43 00000000 a
45 54 00010001 2
56 65 10101100 4 match 7
67 76 10100000 2
70 07 10000010 2

02 20 10000010 2
13 31 01000100 2
24 42 00000001 1
35 53 00001110 3
46 64 00000000 a
57 75 10100011 4
60 06 10000000 1
71 17 00100001 2

03 30 01000010 2
14 41 00010001 2
25 52 10000111 4 match 0
36 63 00001100 2
47 74 00000001 1
50 05 10010010 3
61 16 00100100 2
72 27 10000011 3

04 40 00010000 1
15 51 00110101 4
26 62 10000100 2
37 73 00000010 1

Matching output with AND
0 25 52
1 absent
2 absent
3 absent
4 absent
5 absent
6 absent
7 56 65

Left
25 36x
52 63x
Best: AND25: 1

Right
56 45x
65 54x
Best: AND56: 1

OR
01 10 11110111 7
12 21 11110111 7
23 32 11001111 6
34 43 01011111 6
45 54 10111111 7 match 6
56 65 10111111 7 match 6
67 76 10101111 6
70 07 11110011 6

02 20 11010111 6
13 31 01111111 7
24 42 10010111 5
35 53 11111111 a
46 64 10111101 6
57 75 10111111 7 match 6
60 06 11111110 7
71 17 11110111 7

03 30 11011110 6
14 41 01110101 5
25 52 10111111 7 match 6
36 63 11101110 6
47 74 10110011 5
50 05 11111111 a
61 16 11111101 7
72 27 10100111 5

04 40 11010011 5
15 51 11111111 a
26 62 10101111 6
37 73 11101111 7

Matching output with OR
0 absent
1 absent
2 absent
3 absent
4 absent
5 absent
6 45 54 56 65 57 75 25 52
7 absent

Left
none
Best: none

Right
none
Best: none

XOR
01 10 10100111 5
12 21 11110010 5
23 32 11001001 4
34 43 01011111 6
45 54 10101110 5
56 65 00010011 3
67 76 00001111 4
70 07 01110001 4

02 20 01010101 4
13 31 00111011 5
24 42 10010110 4
35 53 11110001 5
46 64 10111101 6
57 75 00011100 3
60 06 01111110 6
71 17 11010110 5

03 30 10011100 4 match 1
14 41 01100100 3 match 2
25 52 00111000 3 match 3
36 63 11100010 4 match 4
47 74 10110010 4 match 5
50 05 01101101 5
61 16 11011001 5
72 27 00100100 2

04 40 11000011 4
15 51 11001010 4
26 62 00101011 4
37 73 11101101 6

Matching output with XOR
0 absent
1 03 30
2 14 41
3 25 52
4 36 63
5 47 74
6 absent
7 absent

Left
none
Best: none

Right
none
Best: none

AND-NOT
01 10000010 2
12 01110000 3
23 10000001 2
34 01001110 4
45 00000000 a
56 00010011 3
67 00001100 2
70 00100001 2

02 01010000 2
13 00110001 3
24 10000110 3
35 01000000 1
46 00010001 2
57 00011100 3
60 00101100 3
71 10000010 2

03 10010000 2
14 01100100 3 match 2
25 00000000 a
36 01000010 2
47 00010000 1
50 00101101 4
61 10001000 2
72 00100000 1

04 11000010 3
15 01000000 1
26 00000011 2
37 01001100 3
40 00000001 1
51 10001010 3
62 00101000 2
73 10100001 3

05 01000000 1
16 01010001 3
27 00000100 1
30 00001100 2
41 00000000 a
52 00111000 3 match 3
63 10100000 2
74 10100010 3

06 01010010 3
17 01010100 3
20 00000101 2
31 00001010 2
42 00010000 1
53 10110001 4
64 10101100 4 match 7
75 00000000 a

07 01010000 2
10 00100101 3
21 10000010 2
32 01001000 2
43 00010001 2
54 10101110 5
65 00000000 a
76 00000011 2

Matching output with AND-NOT
0 absent
1 absent
2 14
3 52
4 absent
5 absent
6 absent
7 64

Left
none
Best: none

Right
64 53x
Best: AND-NOT64: 1

OR-NOT
01 11011010 5
12 01111101 6
23 10110111 6
34 11101110 6
45 01010001 3
56 11111111 a
67 11111100 6
70 10101111 6

02 11111010 6
13 11110101 6
24 11101111 7
35 01001110 4
46 01010011 4
57 11111111 a
60 10101101 5
71 10101011 5

03 11110011 6
14 11111111 a
25 11000111 5
36 01011111 6
47 01011101 5
50 10111111 7 match 6
61 10101110 5
72 11111011 7

04 11111110 7
15 01110101 5
26 11010111 6
37 01011110 5
40 00111101 5
51 10111111 7 match 6
62 11111100 6
73 10110011 5

05 11010010 4
16 01110111 6
27 11011111 7
30 01101111 6
41 10011011 5
52 11111111 a
63 10111101 6
74 11101111 7

06 11010011 5
17 01111101 6
20 10101111 6
31 11001110 5
42 01111001 5
53 10111111 7 match 6
64 11101110 6
75 11100011 5

07 11011110 6
10 01111101 6
21 10001111 5
32 01111110 6
43 10110001 4
54 11111111 a
65 11101100 5
76 11110011 6

Matching output with OR-NOT
0 absent
1 absent
2 absent
3 absent
4 absent
5 absent
6 50 51 53
7 absent

Left
none
Best: none

Right
none
Best: none

XOR-NOT
01 01011000 3
12 00001101 3
23 00110110 4
34 10100000 2
45 01010001 3
56 11101100 5
67 11110000 4
70 10001110 4

02 10101010 4
13 11000100 3
24 01101001 4
35 00001110 3
46 01000010 2
57 11100011 5
60 10000001 2
71 00101001 3

03 01100011 4
14 10011011 5
25 11000111 5
36 00011101 4
47 01001101 4
50 10010010 3
61 00100110 3
72 11011011 6

04 00111100 4
15 00110101 4
26 11010100 4
37 00010010 2
40 00111100 4
51 00110101 4
62 11010100 4
73 00010010 2

05 10010010 3
16 00100110 3
27 11011011 6
30 01100011 4
41 10011011 5
52 11000111 5
63 00011101 4
74 01001101 4

06 10000001 2
17 00101001 3
20 10101010 4
31 11000100 3
42 01101001 4
53 00001110 3
64 01000010 2
75 11100011 5

07 10001110 4
10 01011000 3
21 00001101 3
32 00110110 4
43 10100000 2
54 01010001 3
65 11101100 5
76 11110000 4

Matching output with XOR-NOT
0 absent
1 absent
2 absent
3 absent
4 absent
5 absent
6 absent
7 absent

Left
none
Best: none

Right
none
Best: none

Selecting

Lefts
Identity I2: 1
NOT none
Constant none
AND AND25: 1
OR none
XOR none
AND-NOT none
OR-NOT none
XOR-NOT none

Rights
Identity I6 I5: 2
NOT none
Constant none
AND AND56: 1
OR none
XOR none
AND-NOT AND-NOT64: 1
OR-NOT none
XOR-NOT none

Left longest: 1
Right longest: 2

Right winner: Identity yes, NOT no, Constant no, AND no, OR no, XOR no, AND-NOT no, OR-NOT no, XOR-NOT no
Left winner: Identity yes, NOT no, Constant no, AND no, OR no, XOR no, AND-NOT no, OR-NOT no, XOR-NOT no

Best right: I6 I5: 2
Best left: I2: 1

Truncated right: I6 I5: 2
Truncated left: I2: 1

Tentative from right
7 I6
6 I5
5 pending
4 pending
3 pending
2 pending
1 pending
0 pending

Tentative
0 I2
1 pending
2 pending
3 pending
4 pending
5 pending
6 I5
7 I6

Preferred from right
7 I6
6 I5
5 ??4
4 ??3
3 ??2
2 ??1
1 ??0
0 I2

Preferred
0 I2
1 ?30
2 ?41
3 ?52
4 ?63
5 ?74
6 I5
7 I6

Matching
0 I2
1 ?30 - Identity absent, NOT absent, Constant absent, AND absent, OR absent, XOR30, AND-NOT absent, OR-NOT absent, XOR-NOT absent
2 ?41 - Identity absent, NOT absent, Constant absent, AND absent, OR absent, XOR41, AND-NOT14, OR-NOT absent, XOR-NOT absent
3 ?52 - Identity absent, NOT absent, Constant absent, AND absent, OR absent, XOR52, AND-NOT52, OR-NOT absent, XOR-NOT absent
4 ?63 - Identity absent, NOT absent, Constant absent, AND absent, OR absent, XOR63, AND-NOT absent, OR-NOT absent, XOR-NOT absent
5 ?74 - Identity absent, NOT absent, Constant absent, AND absent, OR absent, XOR74, AND-NOT absent, OR-NOT absent, XOR-NOT absent
6 I5
7 I6

Perfect match
Identity no
NOT no
Constant no
AND no
OR no
XOR yes
AND-NOT no
OR-NOT no
XOR-NOT no

Matched
0 I2
1 XOR30
2 XOR41
3 XOR52
4 XOR63
5 XOR74
6 I5
7 I6

Selected
0 I2
1 XOR30
2 XOR41
3 XOR52
4 XOR63
5 XOR74
6 I5
7 I6

Applying to 10001011
Input
0 1
1 0
2 0
3 0
4 1
5 0
6 1
7 1
Output
0 I2 = 0
1 XOR30 = XOR(0,1) = 1
2 XOR41 = XOR(1,0) = 1
3 XOR52 = XOR(0,0) = 0
4 XOR63 = XOR(1,0) = 1
5 XOR74 = XOR(1,1) = 0
6 I5 = 0
7 I6 = 1

I will now return the answer in \boxed{}
The answer in \boxed is
\boxed{01101001}
</think>
\boxed{01101001}