We need to deduce the transformation by matching the example outputs.

Output 1: 00000001
0 0
1 0
2 0
3 0
4 0
5 0
6 0
7 1

Output 2: 00010011
0 0
1 0
2 0
3 1
4 0
5 0
6 1
7 1

Output 3: 00000111
0 0
1 0
2 0
3 0
4 0
5 1
6 1
7 1

Output 4: 00010000
0 0
1 0
2 0
3 1
4 0
5 0
6 0
7 0

Output 5: 10010101
0 1
1 0
2 0
3 1
4 0
5 1
6 0
7 1

Output 6: 00011000
0 0
1 0
2 0
3 1
4 1
5 0
6 0
7 0

Output 7: 10011011
0 1
1 0
2 0
3 1
4 1
5 0
6 1
7 1

Output 8: 00000100
0 0
1 0
2 0
3 0
4 0
5 1
6 0
7 0

Output 9: 10010111
0 1
1 0
2 0
3 1
4 0
5 1
6 1
7 1

Output bit columns (with bitsum as hash)
0 000010101 3
1 000000000 a
2 000000000 a
3 010111101 6
4 000001100 2
5 001010011 4
6 011000101 4
7 111010101 6

Input 1: 00001010
0 0
1 0
2 0
3 0
4 1
5 0
6 1
7 0

Input 2: 10011001
0 1
1 0
2 0
3 1
4 1
5 0
6 0
7 1

Input 3: 00111000
0 0
1 0
2 1
3 1
4 1
5 0
6 0
7 0

Input 4: 10000110
0 1
1 0
2 0
3 0
4 0
5 1
6 1
7 0

Input 5: 10101101
0 1
1 0
2 1
3 0
4 1
5 1
6 0
7 1

Input 6: 11000001
0 1
1 1
2 0
3 0
4 0
5 0
6 0
7 1

Input 7: 11011101
0 1
1 1
2 0
3 1
4 1
5 1
6 0
7 1

Input 8: 00100010
0 0
1 0
2 1
3 0
4 0
5 0
6 1
7 0

Input 9: 10111101
0 1
1 0
2 1
3 1
4 1
5 1
6 0
7 1

Identity
0 010111101 6 match 3
1 000001100 2 match 4
2 001010011 4 match 5
3 011000101 4 match 6
4 111010101 6 match 7
5 000110101 4
6 100100010 3
7 010011101 5

Matching output with Identity
0 absent
1 absent
2 absent
3 0
4 1
5 2
6 3
7 4

Left
none
Best: none

Right
4 3 2 1 0 7x
Best: I4 I3 I2 I1 I0: 5

NOT
0 101000010 3
1 111110011 7
2 110101100 5
3 100111010 5
4 000101010 3
5 111001010 5
6 011011101 6
7 101100010 4

Matching output with NOT
0 absent
1 absent
2 absent
3 absent
4 absent
5 absent
6 absent
7 absent

Left
none
Best: none

Right
none
Best: none

Constant
0 000000000 a match 1 2
1 111111111 a

Matching output with Constant
0 absent
1 C0
2 C0
3 absent
4 absent
5 absent
6 absent
7 absent

Left
none
Best: none

Right
none
Best: none

AND
01 10 000001100 2 match 4
12 21 000000000 a match 1 2
23 32 001000001 2
34 43 011000101 4 match 6
45 54 000010101 3 match 0
56 65 000100000 1
67 76 000000000 a match 1 2
70 07 010011101 5

02 20 000010001 2
13 31 000000100 1
24 42 001010001 3
35 53 000000101 2
46 64 100000000 1
57 75 000010101 3 match 0
60 06 000100000 1
71 17 000001100 2 match 4

03 30 010000101 3
14 41 000000100 1
25 52 000010001 2
36 63 000000000 a match 1 2
47 74 010010101 4
50 05 000110101 4
61 16 000000000 a match 1 2
72 27 000010001 2

04 40 010010101 4
15 51 000000100 1
26 62 000000010 1
37 73 010000101 3

Matching output with AND
0 45 54 57 75
1 12 21 67 76 36 63 16 61
2 12 21 67 76 36 63 16 61
3 absent
4 01 10 17 71
5 absent
6 34 43
7 absent

Left
45 56x
54 65x
57 60x
75 06x
Best: AND45: 1

Right
none
Best: none

OR
01 10 010111101 6 match 3
12 21 001011111 6
23 32 011010111 6
34 43 111010101 6 match 7
45 54 111110101 7
56 65 100110111 6
67 76 110111111 8
70 07 010111101 6 match 3

02 20 011111111 8
13 31 011001101 5
24 42 111010111 7
35 53 011110101 6
46 64 111110111 8
57 75 010111101 6 match 3
60 06 110111111 8
71 17 010011101 5

03 30 011111101 7
14 41 111011101 7
25 52 001110111 6
36 63 111100111 7
47 74 111011101 7
50 05 010111101 6 match 3
61 16 100101110 5
72 27 011011111 7

04 40 111111101 8
15 51 000111101 5
26 62 101110011 6
37 73 011011101 6

Matching output with OR
0 absent
1 absent
2 absent
3 01 10 07 70 57 75 05 50
4 absent
5 absent
6 absent
7 34 43

Left
none
Best: none

Right
34 23x
43 32x
Best: OR34: 1

XOR
01 10 010110001 4
12 21 001011111 6
23 32 010010110 4
34 43 100010000 2
45 54 111100000 4
56 65 100010111 5
67 76 110111111 8
70 07 000100000 1

02 20 011101110 6
13 31 011001001 4
24 42 110000110 4
35 53 011110000 4
46 64 011110111 7
57 75 010101000 3
60 06 110011111 7
71 17 010010001 3

03 30 001111000 4
14 41 111011001 6
25 52 001100110 4
36 63 111100111 7
47 74 101001000 3
50 05 010001000 2
61 16 100101110 5
72 27 011001110 5

04 40 101101000 4
15 51 000111001 4
26 62 101110001 5
37 73 001011000 3

Matching output with XOR
0 absent
1 absent
2 absent
3 absent
4 absent
5 absent
6 absent
7 absent

Left
none
Best: none

Right
none
Best: none

AND-NOT
01 010110001 4
12 000001100 2 match 4
23 000010010 2
34 000000000 a match 1 2
45 111000000 3
56 000010101 3 match 0
67 100100010 3
70 000000000 a match 1 2

02 010101100 4
13 000001000 1
24 000000010 1
35 011000000 2
46 011010101 5
57 000100000 1
60 100000010 2
71 010010001 3

03 000111000 3
14 000001000 1
25 001000010 2
36 011000101 4 match 6
47 101000000 2
50 000000000 a match 1 2
61 100100010 3
72 010001100 3

04 000101000 2
15 000001000 1
26 001010001 3
37 001000000 1
40 101000000 2
51 000110001 3
62 100100000 2
73 000011000 2

05 010001000 2
16 000001100 2 match 4
27 001000010 2
30 001000000 1
41 111010001 5
52 000100100 2
63 100100010 3
74 000001000 1

06 010011101 5
17 000000000 a match 1 2
20 001000010 2
31 011000001 3
42 110000100 3
53 000110000 2
64 000100010 2
75 010001000 2

07 000100000 1
10 000000000 a match 1 2
21 001010011 4 match 5
32 010000100 2
43 100010000 2
54 000100000 1
65 100000010 2
76 010011101 5

Matching output with AND-NOT
0 56
1 34 70 50 17 10
2 34 70 50 17 10
3 absent
4 12 16
5 21
6 36
7 absent

Left
56 67x
Best: AND-NOT56: 1

Right
none
Best: none

OR-NOT
01 111111111 a
12 110101100 5
23 101111011 7
34 011101111 7
45 111011111 8
56 011111101 7
67 101100010 4
70 111011111 8

02 110111101 7
13 100111110 6
24 001111011 6
35 111001111 7
46 111011101 7
57 101110111 7
60 101100010 4
71 111111111 a

03 110111111 8
14 000101110 4
25 111011011 7
36 011011101 6
47 111110111 8
50 101110111 7
61 111110011 7
72 110111101 7

04 010111111 7
15 111001110 6
26 011011111 7
37 111100111 7
40 111010111 7
51 111110111 8
62 110101110 6
73 110111111 8

05 111111111 a
16 011011101 6
27 101110011 6
30 111000111 6
41 111110111 8
52 110111101 7
63 100111010 5
74 010111111 7

06 011111101 7
17 101101110 6
20 101010011 5
31 111110111 8
42 111111101 8
53 100111111 7
64 100101010 4
75 111011111 8

07 111111111 a
10 101001110 5
21 111110011 7
32 111101101 7
43 111111111 a
54 000111111 6
65 111101010 6
76 011011101 6

Matching output with OR-NOT
0 absent
1 absent
2 absent
3 absent
4 absent
5 absent
6 absent
7 absent

Left
none
Best: none

Right
none
Best: none

XOR-NOT
01 101001110 5
12 110100000 3
23 101101001 5
34 011101111 7
45 000011111 5
56 011101000 4
67 001000000 1
70 111011111 8

02 100010001 3
13 100110110 5
24 001111001 5
35 100001111 5
46 100001000 2
57 101010111 6
60 001100000 2
71 101101110 6

03 110000111 5
14 000100110 3
25 110011001 5
36 000011000 2
47 010110111 6
50 101110111 7
61 011010001 4
72 100110001 4

04 010010111 5
15 111000110 5
26 010001110 4
37 110100111 6
40 010010111 5
51 111000110 5
62 010001110 4
73 110100111 6

05 101110111 7
16 011010001 4
27 100110001 4
30 110000111 5
41 000100110 3
52 110011001 5
63 000011000 2
74 010110111 6

06 001100000 2
17 101101110 6
20 100010001 3
31 100110110 5
42 001111001 5
53 100001111 5
64 100001000 2
75 101010111 6

07 111011111 8
10 101001110 5
21 110100000 3
32 101101001 5
43 011101111 7
54 000011111 5
65 011101000 4
76 001000000 1

Matching output with XOR-NOT
0 absent
1 absent
2 absent
3 absent
4 absent
5 absent
6 absent
7 absent

Left
none
Best: none

Right
none
Best: none

Selecting

Lefts
Identity none
NOT none
Constant none
AND AND45: 1
OR none
XOR none
AND-NOT AND-NOT56: 1
OR-NOT none
XOR-NOT none

Rights
Identity I4 I3 I2 I1 I0: 5
NOT none
Constant none
AND none
OR OR34: 1
XOR none
AND-NOT none
OR-NOT none
XOR-NOT none

Left longest: 1
Right longest: 5

Right winner: Identity yes, NOT no, Constant no, AND no, OR no, XOR no, AND-NOT no, OR-NOT no, XOR-NOT no
Left winner: Identity no, NOT no, Constant no, AND yes, OR no, XOR no, AND-NOT no, OR-NOT no, XOR-NOT no

Best right: I4 I3 I2 I1 I0: 5
Best left: AND45: 1

Truncated right: I4 I3 I2 I1 I0: 5
Truncated left: AND45: 1

Tentative from right
7 I4
6 I3
5 I2
4 I1
3 I0
2 pending
1 pending
0 pending

Tentative
0 AND45
1 pending
2 pending
3 I0
4 I1
5 I2
6 I3
7 I4

Preferred from right
7 I4
6 I3
5 I2
4 I1
3 I0
2 ??7
1 ??6
0 AND45

Preferred
0 AND45
1 ??6
2 ??7
3 I0
4 I1
5 I2
6 I3
7 I4

Matching
0 AND45
1 ??6 - Identity absent, NOT absent, Constant C0, AND76, OR absent, XOR absent, AND-NOT absent, OR-NOT absent, XOR-NOT absent
2 ??7 - Identity absent, NOT absent, Constant C0, AND67, OR absent, XOR absent, AND-NOT17, OR-NOT absent, XOR-NOT absent
3 I0
4 I1
5 I2
6 I3
7 I4

Perfect match
Identity no
NOT no
Constant yes
AND no
OR no
XOR no
AND-NOT no
OR-NOT no
XOR-NOT no

Matched
0 AND45
1 C0
2 C0
3 I0
4 I1
5 I2
6 I3
7 I4

Selected
0 AND45
1 C0
2 C0
3 I0
4 I1
5 I2
6 I3
7 I4

Applying to 00100001
Input
0 0
1 0
2 1
3 0
4 0
5 0
6 0
7 1
Output
0 AND45 = AND(0,0) = 0
1 C0 = 0
2 C0 = 0
3 I0 = 0
4 I1 = 0
5 I2 = 1
6 I3 = 0
7 I4 = 0

I will now return the answer in \boxed{}
The answer in \boxed is
\boxed{00000100}
</think>
\boxed{00000100}