We need to deduce the transformation by matching the example outputs.

Output 1: 10001011
0 1
1 0
2 0
3 0
4 1
5 0
6 1
7 1

Output 2: 01000100
0 0
1 1
2 0
3 0
4 0
5 1
6 0
7 0

Output 3: 00001101
0 0
1 0
2 0
3 0
4 1
5 1
6 0
7 1

Output 4: 01000100
0 0
1 1
2 0
3 0
4 0
5 1
6 0
7 0

Output 5: 00101110
0 0
1 0
2 1
3 0
4 1
5 1
6 1
7 0

Output 6: 01011001
0 0
1 1
2 0
3 1
4 1
5 0
6 0
7 1

Output 7: 01010000
0 0
1 1
2 0
3 1
4 0
5 0
6 0
7 0

Output 8: 00001111
0 0
1 0
2 0
3 0
4 1
5 1
6 1
7 1

Output 9: 00000111
0 0
1 0
2 0
3 0
4 0
5 1
6 1
7 1

Output bit columns (with bitsum as hash)
0 100000000 1
1 010101100 4
2 000010000 1
3 000001100 2
4 101011010 5
5 011110011 6
6 100010011 4
7 101001011 5

Input 1: 00110111
0 0
1 0
2 1
3 1
4 0
5 1
6 1
7 1

Input 2: 10101001
0 1
1 0
2 1
3 0
4 1
5 0
6 0
7 1

Input 3: 01011010
0 0
1 1
2 0
3 1
4 1
5 0
6 1
7 0

Input 4: 10001000
0 1
1 0
2 0
3 0
4 1
5 0
6 0
7 0

Input 5: 01011100
0 0
1 1
2 0
3 1
4 1
5 1
6 0
7 0

Input 6: 11110010
0 1
1 1
2 1
3 1
4 0
5 0
6 1
7 0

Input 7: 10100000
0 1
1 0
2 1
3 0
4 0
5 0
6 0
7 0

Input 8: 00011110
0 0
1 0
2 0
3 1
4 1
5 1
6 1
7 0

Input 9: 00001111
0 0
1 0
2 0
3 0
4 1
5 1
6 1
7 1

Identity
0 010101100 4 match 1
1 001011000 3
2 110001100 4
3 101011010 5 match 4
4 011110011 6 match 5
5 100010011 4 match 6
6 101001011 5 match 7
7 110000001 3

Matching output with Identity
0 absent
1 0
2 absent
3 absent
4 3
5 4
6 5
7 6

Left
none
Best: none

Right
6 5 4 3 2x
Best: I6 I5 I4 I3: 4

NOT
0 101010011 5
1 110100111 6
2 001110011 5
3 010100101 4
4 100001100 3
5 011101100 5
6 010110100 4
7 001111110 6

Matching output with NOT
0 absent
1 absent
2 absent
3 absent
4 absent
5 absent
6 absent
7 absent

Left
none
Best: none

Right
none
Best: none

Constant
0 000000000 a
1 111111111 a

Matching output with Constant
0 absent
1 absent
2 absent
3 absent
4 absent
5 absent
6 absent
7 absent

Left
none
Best: none

Right
none
Best: none

AND
01 10 000001000 1
12 21 000001000 1
23 32 100001000 2
34 43 001010010 3
45 54 000010011 3
56 65 100000011 3
67 76 100000001 2
70 07 010000000 1

02 20 010001100 3
13 31 001011000 3
24 42 010000000 1
35 53 100010010 3
46 64 001000011 3
57 75 100000001 2
60 06 000001000 1
71 17 000000000 a

03 30 000001000 1
14 41 001010000 2
25 52 100000000 1 match 0
36 63 101001010 4
47 74 010000001 2
50 05 000000000 a
61 16 001001000 2
72 27 110000000 2

04 40 010100000 2
15 51 000010000 1 match 2
26 62 100001000 2
37 73 100000000 1 match 0

Matching output with AND
0 25 52 37 73
1 absent
2 15 51
3 absent
4 absent
5 absent
6 absent
7 absent

Left
25 36x
52 63x
37 40x
73 04x
Best: AND25: 1

Right
none
Best: none

OR
01 10 011111100 6
12 21 111011100 6
23 32 111011110 7
34 43 111111011 8
45 54 111110011 7
56 65 101011011 6
67 76 111001011 6
70 07 110101101 6

02 20 110101100 5
13 31 101011010 5 match 4
24 42 111111111 a
35 53 101011011 6
46 64 111111011 8
57 75 110010011 5
60 06 111101111 8
71 17 111011001 6

03 30 111111110 8
14 41 011111011 7
25 52 110011111 7
36 63 101011011 6
47 74 111110011 7
50 05 110111111 8
61 16 101011011 6
72 27 110001101 5

04 40 011111111 8
15 51 101011011 6
26 62 111001111 7
37 73 111011011 7

Matching output with OR
0 absent
1 absent
2 absent
3 absent
4 13 31
5 absent
6 absent
7 absent

Left
none
Best: none

Right
none
Best: none

XOR
01 10 011110100 5
12 21 111010100 5
23 32 011010110 5
34 43 110101001 5
45 54 111100000 4
56 65 001011000 3
67 76 011001010 4
70 07 100101101 5

02 20 100100000 2
13 31 100000010 2
24 42 101111111 8
35 53 001001001 3
46 64 110111000 5
57 75 010010010 3
60 06 111100111 7
71 17 111011001 6

03 30 111110110 7
14 41 010101011 5
25 52 010011111 6
36 63 000010001 2
47 74 101110010 5
50 05 110111111 8
61 16 100010011 4 match 6
72 27 000001101 3

04 40 001011111 6
15 51 101001011 5 match 7
26 62 011000111 5
37 73 011011011 6

Matching output with XOR
0 absent
1 absent
2 absent
3 absent
4 absent
5 absent
6 16 61
7 15 51

Left
none
Best: none

Right
15 04x
51 40x
Best: XOR15: 1

AND-NOT
01 010100100 3
12 001010000 2
23 010000100 2
34 100001000 2
45 011100000 3
56 000010000 1 match 2
67 001001010 3
70 100000001 2

02 000100000 1
13 000000000 a
24 100001100 3
35 001001000 2
46 010110000 3
57 000010010 2
60 101000011 4
71 110000001 3

03 010100100 3
14 000001000 1
25 010001100 3
36 000010000 1 match 2
47 001110010 4
50 100010011 4 match 6
61 100000011 3
72 000000001 1

04 000001100 2 match 3
15 001001000 2
26 010000100 2
37 001011010 4
40 001010011 4
51 100000011 3
62 001000011 3
73 010000001 2

05 010101100 4 match 1
16 000010000 1 match 2
27 000001100 2 match 3
30 101010010 4
41 010100011 4
52 000010011 3
63 000000001 1
74 100000000 1 match 0

06 010100100 3
17 001011000 3
20 100000000 1 match 0
31 100000010 2
42 001110011 5
53 000000001 1
64 100001000 2
75 010000000 1

07 000101100 3
10 001010000 2
21 110000100 3
32 001010010 3
43 010100001 3
54 100000000 1 match 0
65 001001000 2
76 010000000 1

Matching output with AND-NOT
0 74 20 54
1 05
2 56 36 16
3 04 27
4 absent
5 absent
6 50
7 absent

Left
74 05 16 27 30x
20 31x
54 65x
Best: AND-NOT74 AND-NOT05 AND-NOT16 AND-NOT27: 4

Right
none
Best: none

OR-NOT
01 110101111 7
12 001111011 6
23 110101101 6
34 101011110 6
45 011111111 8
56 110110111 7
67 101111111 8
70 111010011 6

02 011111111 8
13 011111101 7
24 110001100 4
35 111111110 8
46 011110111 7
57 101111111 8
60 101011011 6
71 110100111 6

03 010101101 5
14 101011100 5
25 111101100 6
36 111111110 8
47 011111111 8
50 101010011 5
61 111101111 8
72 111110011 7

04 110101100 5
15 011111100 6
26 110111100 6
37 101111110 7
40 111110011 7
51 110110111 7
62 101111011 7
73 110100101 5

05 011101100 5
16 011111100 6
27 111111110 8
30 101011011 6
41 111110111 8
52 101110011 6
63 111101111 8
74 110001101 5

06 010111100 5
17 001111110 6
20 111011111 8
31 111111111 a
42 011110011 6 match 5
53 110110111 7
64 101001111 6
75 111101101 7

07 011111110 7
10 101011011 6
21 110101111 7
32 101111011 7
43 011110111 7
54 100011111 6
65 111101111 8
76 110110101 6

Matching output with OR-NOT
0 absent
1 absent
2 absent
3 absent
4 absent
5 42
6 absent
7 absent

Left
none
Best: none

Right
none
Best: none

XOR-NOT
01 100001011 4
12 000101011 4
23 100101001 4
34 001010110 4
45 000011111 5
56 110100111 6
67 100110101 5
70 011010010 4

02 011011111 7
13 011111101 7
24 010000000 1
35 110110110 6
46 001000111 4
57 101101101 6
60 000011000 2
71 000100110 3

03 000001001 2
14 101010100 4
25 101100000 3
36 111101110 7
47 010001101 4
50 001000000 1
61 011101100 5
72 111110010 6

04 110100000 3
15 010110100 4
26 100111000 4
37 100100100 3
40 110100000 3
51 010110100 4
62 100111000 4
73 100100100 3

05 001000000 1
16 011101100 5
27 111110010 6
30 000001001 2
41 101010100 4
52 101100000 3
63 111101110 7
74 010001101 4

06 000011000 2
17 000100110 3
20 011011111 7
31 011111101 7
42 010000000 1
53 110110110 6
64 001000111 4
75 101101101 6

07 011010010 4
10 100001011 4
21 000101011 4
32 100101001 4
43 001010110 4
54 000011111 5
65 110100111 6
76 100110101 5

Matching output with XOR-NOT
0 absent
1 absent
2 absent
3 absent
4 absent
5 absent
6 absent
7 absent

Left
none
Best: none

Right
none
Best: none

Selecting

Lefts
Identity none
NOT none
Constant none
AND AND25: 1
OR none
XOR none
AND-NOT AND-NOT74 AND-NOT05 AND-NOT16 AND-NOT27: 4
OR-NOT none
XOR-NOT none

Rights
Identity I6 I5 I4 I3: 4
NOT none
Constant none
AND none
OR none
XOR XOR15: 1
AND-NOT none
OR-NOT none
XOR-NOT none

Left longest: 4
Right longest: 4

Left winner: Identity no, NOT no, Constant no, AND no, OR no, XOR no, AND-NOT yes, OR-NOT no, XOR-NOT no
Right winner: Identity yes, NOT no, Constant no, AND no, OR no, XOR no, AND-NOT no, OR-NOT no, XOR-NOT no

Best left: AND-NOT74 AND-NOT05 AND-NOT16 AND-NOT27: 4
Best right: I6 I5 I4 I3: 4

Truncated left: AND-NOT74 AND-NOT05 AND-NOT16 AND-NOT27: 4
Truncated right: I6 I5 I4 I3: 4

Tentative from right
7 I6
6 I5
5 I4
4 I3
3 pending
2 pending
1 pending
0 pending

Tentative
0 AND-NOT74
1 AND-NOT05
2 AND-NOT16
3 AND-NOT27
4 I3
5 I4
6 I5
7 I6

Preferred from left
0 AND-NOT74
1 AND-NOT05
2 AND-NOT16
3 AND-NOT27
4 I3
5 I4
6 I5
7 I6

Preferred
0 AND-NOT74
1 AND-NOT05
2 AND-NOT16
3 AND-NOT27
4 I3
5 I4
6 I5
7 I6

Matching
0 AND-NOT74
1 AND-NOT05
2 AND-NOT16
3 AND-NOT27
4 I3
5 I4
6 I5
7 I6

Perfect match
Identity no
NOT no
Constant no
AND no
OR no
XOR no
AND-NOT no
OR-NOT no
XOR-NOT no

Matched
0 AND-NOT74
1 AND-NOT05
2 AND-NOT16
3 AND-NOT27
4 I3
5 I4
6 I5
7 I6

Selected
0 AND-NOT74
1 AND-NOT05
2 AND-NOT16
3 AND-NOT27
4 I3
5 I4
6 I5
7 I6

Applying to 00110100
Input
0 0
1 0
2 1
3 1
4 0
5 1
6 0
7 0
Output
0 AND-NOT74 = AND(0,NOT(0)) = 0
1 AND-NOT05 = AND(0,NOT(1)) = 0
2 AND-NOT16 = AND(0,NOT(0)) = 0
3 AND-NOT27 = AND(1,NOT(0)) = 1
4 I3 = 1
5 I4 = 0
6 I5 = 1
7 I6 = 0

I will now return the answer in \boxed{}
The answer in \boxed is
\boxed{00011010}
</think>
\boxed{00011010}