We need to deduce the transformation by matching the example outputs.

Output 1: 11011011
0 1
1 1
2 0
3 1
4 1
5 0
6 1
7 1

Output 2: 10001101
0 1
1 0
2 0
3 0
4 1
5 1
6 0
7 1

Output 3: 11110011
0 1
1 1
2 1
3 1
4 0
5 0
6 1
7 1

Output 4: 00100011
0 0
1 0
2 1
3 0
4 0
5 0
6 1
7 1

Output 5: 01001111
0 0
1 1
2 0
3 0
4 1
5 1
6 1
7 1

Output 6: 10011011
0 1
1 0
2 0
3 1
4 1
5 0
6 1
7 1

Output 7: 10101111
0 1
1 0
2 1
3 0
4 1
5 1
6 1
7 1

Output 8: 00001111
0 0
1 0
2 0
3 0
4 1
5 1
6 1
7 1

Output 9: 11101011
0 1
1 1
2 1
3 0
4 1
5 0
6 1
7 1

Output 10: 11111111
0 1
1 1
2 1
3 1
4 1
5 1
6 1
7 1

Output bit columns (with bitsum as hash)
0 1110011011 7
1 1010100011 5
2 0011001011 5
3 1010010001 4
4 1100111111 8
5 0100101101 5
6 1011111111 9
7 1111111111 a

Input 1: 00000111
0 0
1 0
2 0
3 0
4 0
5 1
6 1
7 1

Input 2: 01110100
0 0
1 1
2 1
3 1
4 0
5 1
6 0
7 0

Input 3: 00000001
0 0
1 0
2 0
3 0
4 0
5 0
6 0
7 1

Input 4: 11010010
0 1
1 1
2 0
3 1
4 0
5 0
6 1
7 0

Input 5: 11011011
0 1
1 1
2 0
3 1
4 1
5 0
6 1
7 1

Input 6: 10001000
0 1
1 0
2 0
3 0
4 1
5 0
6 0
7 0

Input 7: 11110011
0 1
1 1
2 1
3 1
4 0
5 0
6 1
7 1

Input 8: 11101011
0 1
1 1
2 1
3 0
4 1
5 0
6 1
7 1

Input 9: 11111100
0 1
1 1
2 1
3 1
4 1
5 1
6 0
7 0

Input 10: 11111111
0 1
1 1
2 1
3 1
4 1
5 1
6 1
7 1

Identity
0 0001111111 7
1 0101101111 7
2 0100001111 5
3 0101101011 6
4 0000110111 5
5 1100000011 4
6 1001101101 6
7 1010101101 6

Matching output with Identity
0 absent
1 absent
2 absent
3 absent
4 absent
5 absent
6 absent
7 absent

Left
none
Best: none

Right
none
Best: none

NOT
0 1110000000 3
1 1010010000 3
2 1011110000 5
3 1010010100 4
4 1111001000 5
5 0011111100 6
6 0110010010 4
7 0101010010 4

Matching output with NOT
0 absent
1 absent
2 absent
3 absent
4 absent
5 absent
6 absent
7 absent

Left
none
Best: none

Right
none
Best: none

Constant
0 0000000000 a
1 1111111111 a match 7

Matching output with Constant
0 absent
1 absent
2 absent
3 absent
4 absent
5 absent
6 absent
7 C1

Left
none
Best: none

Right
1
Best: C1: 1

AND
01 10 0001101111 6
12 21 0100001111 5
23 32 0100001011 4
34 43 0000100011 3
45 54 0000000011 2
56 65 1000000001 2
67 76 1000101101 5
70 07 0000101101 4

02 20 0000001111 4
13 31 0101101011 6
24 42 0000000111 3
35 53 0100000011 3
46 64 0000100101 3
57 75 1000000001 2
60 06 0001101101 5
71 17 0000101101 4

03 30 0001101011 5
14 41 0000100111 4
25 52 0100000011 3
36 63 0001101001 4
47 74 0000100101 3
50 05 0000000011 2
61 16 0001101101 5
72 27 0000001101 3

04 40 0000110111 5
15 51 0100000011 3
26 62 0000001101 3
37 73 0000101001 3

Matching output with AND
0 absent
1 absent
2 absent
3 absent
4 absent
5 absent
6 absent
7 absent

Left
none
Best: none

Right
none
Best: none

OR
01 10 0101111111 8
12 21 0101101111 7
23 32 0101101111 7
34 43 0101111111 8
45 54 1100110111 7
56 65 1101101111 8
67 76 1011101101 7
70 07 1011111111 9 match 6

02 20 0101111111 8
13 31 0101101111 7
24 42 0100111111 7
35 53 1101101011 7
46 64 1001111111 8
57 75 1110101111 8
60 06 1001111111 8
71 17 1111101111 9

03 30 0101111111 8
14 41 0101111111 8
25 52 1100001111 6
36 63 1101101111 8
47 74 1010111111 8
50 05 1101111111 9
61 16 1101101111 8
72 27 1110101111 8

04 40 0001111111 7
15 51 1101101111 8
26 62 1101101111 8
37 73 1111101111 9

Matching output with OR
0 absent
1 absent
2 absent
3 absent
4 absent
5 absent
6 07 70
7 absent

Left
none
Best: none

Right
none
Best: none

XOR
01 10 0100010000 2
12 21 0001100000 2
23 32 0001100100 3
34 43 0101011100 5
45 54 1100110100 5
56 65 0101101110 6
67 76 0011000000 2
70 07 1011010010 5

02 20 0101110000 4
13 31 0000000100 1
24 42 0100111000 4
35 53 1001101000 4
46 64 1001011010 5
57 75 0110101110 6
60 06 1000010010 3
71 17 1111000010 5

03 30 0100010100 3
14 41 0101011000 4
25 52 1000001100 3
36 63 1100000110 4
47 74 1010011010 5
50 05 1101111100 7
61 16 1100000010 3
72 27 1110100010 5

04 40 0001001000 2
15 51 1001101100 5
26 62 1101100010 5
37 73 1111000110 6

Matching output with XOR
0 absent
1 absent
2 absent
3 absent
4 absent
5 absent
6 absent
7 absent

Left
none
Best: none

Right
none
Best: none

AND-NOT
01 0000010000 1
12 0001100000 2
23 0000000100 1
34 0101001000 3
45 0000110100 3
56 0100000010 2
67 0001000000 1
70 1010000000 2

02 0001110000 3
13 0000000100 1
24 0100001000 2
35 0001101000 3
46 0000010010 2
57 0100000010 2
60 1000000000 1
71 1010000000 2

03 0000010100 2
14 0101001000 3
25 0000001100 2
36 0100000010 2
47 0000010010 2
50 1100000000 2
61 1000000000 1
72 1010100000 3

04 0001001000 2
15 0001101100 4
26 0100000010 2
37 0101000010 3
40 0000000000 a
51 1000000000 1
62 1001100000 3
73 1010000100 3

05 0001111100 5
16 0100000010 2
27 0100000010 2
30 0100000000 1
41 0000010000 1
52 1000000000 1
63 1000000100 2
74 1010001000 3

06 0000010010 2
17 0101000010 3
20 0100000000 1
31 0000000000 a
42 0000110000 2
53 1000000000 1
64 1001001000 3
75 0010101100 4

07 0001010010 3
10 0100000000 1
21 0000000000 a
32 0001100000 2
43 0000010100 2
54 1100000000 2
65 0001101100 4
76 0010000000 1

Matching output with AND-NOT
0 absent
1 absent
2 absent
3 absent
4 absent
5 absent
6 absent
7 absent

Left
none
Best: none

Right
none
Best: none

OR-NOT
01 1011111111 9 match 6
12 1111111111 a match 7
23 1110011111 8
34 1111101011 8
45 0011111111 8
56 1110010011 6
67 1101111111 9
70 1110101101 7

02 1011111111 9 match 6
13 1111111111 a match 7
24 1111001111 8
35 0111111111 9
46 0110110111 7
57 1101010011 6
60 1111101101 8
71 1010111101 7

03 1011111111 9 match 6
14 1111101111 9
25 0111111111 9
36 0111111011 8
47 0101110111 7
50 1110000011 5
61 1011111101 8
72 1011111101 8

04 1111111111 a match 7
15 0111111111 9
26 0110011111 7
37 0101111011 7
40 1110110111 8
51 1110010011 6
62 1011111101 8
73 1010111101 7

05 0011111111 8
16 0111111111 9
27 0101011111 7
30 1111101011 8
41 1010110111 7
52 1111110011 8
63 1011111101 8
74 1111101101 8

06 0111111111 9
17 0101111111 8
20 1110001111 7
31 1111111011 9
42 1011110111 8
53 1110010111 7
64 1111101101 8
75 1011111101 8

07 0101111111 8
10 1111101111 9
21 1110011111 8
32 1111111011 9
43 1010110111 7
54 1111001011 7
65 1011111101 8
76 1110111111 9

Matching output with OR-NOT
0 absent
1 absent
2 absent
3 absent
4 absent
5 absent
6 01 02 03
7 12 13 04

Left
none
Best: none

Right
12 01 70x
13 02 71x
04 73x
Best: OR-NOT12 OR-NOT01: 2

XOR-NOT
01 1011101111 8
12 1110011111 8
23 1110011011 7 match 0
34 1010100011 5 match 1
45 0011001011 5 match 2
56 1010010001 4 match 3
67 1100111111 8 match 4
70 0100101101 5 match 5

02 1010001111 6
13 1111111011 9
24 1011000111 6
35 0110010111 6
46 0110100101 5
57 1001010001 4
60 0111101101 7
71 0000111101 5

03 1011101011 7
14 1010100111 6
25 0111110011 7
36 0011111001 6
47 0101100101 5
50 0010000011 3
61 0011111101 7
72 0001011101 5

04 1110110111 8
15 0110010011 5
26 0010011101 5
37 0000111001 4
40 1110110111 8
51 0110010011 5
62 0010011101 5
73 0000111001 4

05 0010000011 3
16 0011111101 7
27 0001011101 5
30 1011101011 7
41 1010100111 6
52 0111110011 7
63 0011111001 6
74 0101100101 5

06 0111101101 7
17 0000111101 5
20 1010001111 6
31 1111111011 9
42 1011000111 6
53 0110010111 6
64 0110100101 5
75 1001010001 4

07 0100101101 5 match 5
10 1011101111 8
21 1110011111 8
32 1110011011 7 match 0
43 1010100011 5 match 1
54 0011001011 5 match 2
65 1010010001 4 match 3
76 1100111111 8 match 4

Matching output with XOR-NOT
0 23 32
1 34 43
2 45 54
3 56 65
4 67 76
5 70 07
6 absent
7 absent

Left
23 34 45 56 67 70 01x
32 43 54 65 76 07 10x
Best: XOR-NOT23 XOR-NOT34 XOR-NOT45 XOR-NOT56 XOR-NOT67 XOR-NOT70: 6

Right
none
Best: none

Selecting

Lefts
Identity none
NOT none
Constant none
AND none
OR none
XOR none
AND-NOT none
OR-NOT none
XOR-NOT XOR-NOT23 XOR-NOT34 XOR-NOT45 XOR-NOT56 XOR-NOT67 XOR-NOT70: 6

Rights
Identity none
NOT none
Constant C1: 1
AND none
OR none
XOR none
AND-NOT none
OR-NOT OR-NOT12 OR-NOT01: 2
XOR-NOT none

Left longest: 6
Right longest: 2

Left winner: Identity no, NOT no, Constant no, AND no, OR no, XOR no, AND-NOT no, OR-NOT no, XOR-NOT yes
Right winner: Identity no, NOT no, Constant no, AND no, OR no, XOR no, AND-NOT no, OR-NOT yes, XOR-NOT no

Best left: XOR-NOT23 XOR-NOT34 XOR-NOT45 XOR-NOT56 XOR-NOT67 XOR-NOT70: 6
Best right: OR-NOT12 OR-NOT01: 2

Truncated left: XOR-NOT23 XOR-NOT34 XOR-NOT45 XOR-NOT56 XOR-NOT67 XOR-NOT70: 6
Truncated right: OR-NOT12 OR-NOT01: 2

Tentative from right
7 OR-NOT12
6 OR-NOT01
5 pending
4 pending
3 pending
2 pending
1 pending
0 pending

Tentative
0 XOR-NOT23
1 XOR-NOT34
2 XOR-NOT45
3 XOR-NOT56
4 XOR-NOT67
5 XOR-NOT70
6 OR-NOT01
7 OR-NOT12

Preferred from left
0 XOR-NOT23
1 XOR-NOT34
2 XOR-NOT45
3 XOR-NOT56
4 XOR-NOT67
5 XOR-NOT70
6 OR-NOT01
7 OR-NOT12

Preferred
0 XOR-NOT23
1 XOR-NOT34
2 XOR-NOT45
3 XOR-NOT56
4 XOR-NOT67
5 XOR-NOT70
6 OR-NOT01
7 OR-NOT12

Matching
0 XOR-NOT23
1 XOR-NOT34
2 XOR-NOT45
3 XOR-NOT56
4 XOR-NOT67
5 XOR-NOT70
6 OR-NOT01
7 OR-NOT12

Perfect match
Identity no
NOT no
Constant no
AND no
OR no
XOR no
AND-NOT no
OR-NOT no
XOR-NOT no

Matched
0 XOR-NOT23
1 XOR-NOT34
2 XOR-NOT45
3 XOR-NOT56
4 XOR-NOT67
5 XOR-NOT70
6 OR-NOT01
7 OR-NOT12

Selected
0 XOR-NOT23
1 XOR-NOT34
2 XOR-NOT45
3 XOR-NOT56
4 XOR-NOT67
5 XOR-NOT70
6 OR-NOT01
7 OR-NOT12

Applying to 10001111
Input
0 1
1 0
2 0
3 0
4 1
5 1
6 1
7 1
Output
0 XOR-NOT23 = XOR(0,NOT(0)) = 1
1 XOR-NOT34 = XOR(0,NOT(1)) = 0
2 XOR-NOT45 = XOR(1,NOT(1)) = 1
3 XOR-NOT56 = XOR(1,NOT(1)) = 1
4 XOR-NOT67 = XOR(1,NOT(1)) = 1
5 XOR-NOT70 = XOR(1,NOT(1)) = 1
6 OR-NOT01 = OR(1,NOT(0)) = 1
7 OR-NOT12 = OR(0,NOT(0)) = 1

I will now return the answer in \boxed{}
The answer in \boxed is
\boxed{10111111}
</think>
\boxed{10111111}