We need to deduce the transformation by matching the example outputs.

Output 1: 00000001
0 0
1 0
2 0
3 0
4 0
5 0
6 0
7 1

Output 2: 00000000
0 0
1 0
2 0
3 0
4 0
5 0
6 0
7 0

Output 3: 00000000
0 0
1 0
2 0
3 0
4 0
5 0
6 0
7 0

Output 4: 00000000
0 0
1 0
2 0
3 0
4 0
5 0
6 0
7 0

Output 5: 00000000
0 0
1 0
2 0
3 0
4 0
5 0
6 0
7 0

Output 6: 00000000
0 0
1 0
2 0
3 0
4 0
5 0
6 0
7 0

Output 7: 00000000
0 0
1 0
2 0
3 0
4 0
5 0
6 0
7 0

Output 8: 00000000
0 0
1 0
2 0
3 0
4 0
5 0
6 0
7 0

Output bit columns (with bitsum as hash)
0 00000000 a
1 00000000 a
2 00000000 a
3 00000000 a
4 00000000 a
5 00000000 a
6 00000000 a
7 10000000 1

Input 1: 11101111
0 1
1 1
2 1
3 0
4 1
5 1
6 1
7 1

Input 2: 01100000
0 0
1 1
2 1
3 0
4 0
5 0
6 0
7 0

Input 3: 00111001
0 0
1 0
2 1
3 1
4 1
5 0
6 0
7 1

Input 4: 00110101
0 0
1 0
2 1
3 1
4 0
5 1
6 0
7 1

Input 5: 10000101
0 1
1 0
2 0
3 0
4 0
5 1
6 0
7 1

Input 6: 00001011
0 0
1 0
2 0
3 0
4 1
5 0
6 1
7 1

Input 7: 01110011
0 0
1 1
2 1
3 1
4 0
5 0
6 1
7 1

Input 8: 10000100
0 1
1 0
2 0
3 0
4 0
5 1
6 0
7 0

Identity
0 10001001 3
1 11000010 3
2 11110010 5
3 00110010 3
4 10100100 3
5 10011001 4
6 10000110 3
7 10111110 6

Matching output with Identity
0 absent
1 absent
2 absent
3 absent
4 absent
5 absent
6 absent
7 absent

Left
none
Best: none

Right
none
Best: none

NOT
0 01110110 5
1 00111101 5
2 00001101 3
3 11001101 5
4 01011011 5
5 01100110 4
6 01111001 5
7 01000001 2

Matching output with NOT
0 absent
1 absent
2 absent
3 absent
4 absent
5 absent
6 absent
7 absent

Left
none
Best: none

Right
none
Best: none

Constant
0 00000000 a match 0 1 2 3 4 5 6
1 11111111 a

Matching output with Constant
0 C0
1 C0
2 C0
3 C0
4 C0
5 C0
6 C0
7 absent

Left
0 0 0 0 0 0 0
Best: C0 C0 C0 C0 C0 C0 C0: 7

Right
none
Best: none

AND
01 10 10000000 1 match 7
12 21 11000010 3
23 32 00110010 3
34 43 00100000 1
45 54 10000000 1 match 7
56 65 10000000 1 match 7
67 76 10000110 3
70 07 10001000 2

02 20 10000000 1 match 7
13 31 00000010 1
24 42 10100000 2
35 53 00010000 1
46 64 10000100 2
57 75 10011000 3
60 06 10000000 1 match 7
71 17 10000010 2

03 30 00000000 a match 0 1 2 3 4 5 6
14 41 10000000 1 match 7
25 52 10010000 2
36 63 00000010 1
47 74 10100100 3
50 05 10001001 3
61 16 10000010 2
72 27 10110010 4

04 40 10000000 1 match 7
15 51 10000000 1 match 7
26 62 10000010 2
37 73 00110010 3

Matching output with AND
0 03 30
1 03 30
2 03 30
3 03 30
4 03 30
5 03 30
6 03 30
7 01 10 45 54 56 65 02 20 06 60 14 41 04 40 15 51

Left
03 14x
30 41x
Best: AND03: 1

Right
01 70x
10 07x
45 34x
54 43x
56 45x
65 54x
02 71x
20 17x
06 75x
60 57x
14 03 72x
41 30 27x
04 73x
40 37x
15 04x
51 40x
Best: AND14 AND03: 2

OR
01 10 11001011 5
12 21 11110010 5
23 32 11110010 5
34 43 10110110 5
45 54 10111101 6
56 65 10011111 6
67 76 10111110 6
70 07 10111111 7

02 20 11111011 7
13 31 11110010 5
24 42 11110110 6
35 53 10111011 6
46 64 10100110 4
57 75 10111111 7
60 06 10001111 5
71 17 11111110 7

03 30 10111011 6
14 41 11100110 5
25 52 11111011 7
36 63 10110110 5
47 74 10111110 6
50 05 10011001 4
61 16 11000110 4
72 27 11111110 7

04 40 10101101 5
15 51 11011011 6
26 62 11110110 6
37 73 10111110 6

Matching output with OR
0 absent
1 absent
2 absent
3 absent
4 absent
5 absent
6 absent
7 absent

Left
none
Best: none

Right
none
Best: none

XOR
01 10 01001011 4
12 21 00110000 2
23 32 11000000 2
34 43 10010110 4
45 54 00111101 5
56 65 00011111 5
67 76 00111000 3
70 07 00110111 5

02 20 01111011 6
13 31 11110000 4
24 42 01010110 4
35 53 10101011 5
46 64 00100010 2
57 75 00100111 4
60 06 00001111 4
71 17 01111100 5

03 30 10111011 6
14 41 01100110 4
25 52 01101011 5
36 63 10110100 4
47 74 00011010 3
50 05 00010000 1
61 16 01000100 2
72 27 01001100 3

04 40 00101101 4
15 51 01011011 5
26 62 01110100 4
37 73 10001100 3

Matching output with XOR
0 absent
1 absent
2 absent
3 absent
4 absent
5 absent
6 absent
7 absent

Left
none
Best: none

Right
none
Best: none

AND-NOT
01 00001001 2
12 00000000 a match 0 1 2 3 4 5 6
23 11000000 2
34 00010010 2
45 00100100 2
56 00011001 3
67 00000000 a match 0 1 2 3 4 5 6
70 00110110 4

02 00001001 2
13 11000000 2
24 01010010 3
35 00100010 2
46 00100000 1
57 00000001 1
60 00000110 2
71 00111100 4

03 10001001 3
14 01000010 2
25 01100010 3
36 00110000 2
47 00000000 a match 0 1 2 3 4 5 6
50 00010000 1
61 00000100 1
72 00001100 2

04 00001001 2
15 01000010 2
26 01110000 3
37 00000000 a match 0 1 2 3 4 5 6
40 00100100 2
51 00011001 3
62 00000100 1
73 10001100 3

05 00000000 a match 0 1 2 3 4 5 6
16 01000000 1
27 01000000 1
30 00110010 3
41 00100100 2
52 00001001 2
63 10000100 2
74 00011010 3

06 00001001 2
17 01000000 1
20 01110010 4
31 00110000 2
42 00000100 1
53 10001001 3
64 00000010 1
75 00100110 3

07 00000001 1
10 01000010 2
21 00110000 2
32 00000000 a match 0 1 2 3 4 5 6
43 10000100 2
54 00011001 3
65 00000110 2
76 00111000 3

Matching output with AND-NOT
0 12 67 47 37 05 32
1 12 67 47 37 05 32
2 12 67 47 37 05 32
3 12 67 47 37 05 32
4 12 67 47 37 05 32
5 12 67 47 37 05 32
6 12 67 47 37 05 32
7 absent

Left
12 23x
67 70x
47 50x
37 40x
05 16x
32 43x
Best: AND-NOT12: 1

Right
none
Best: none

OR-NOT
01 10111101 6
12 11001111 6
23 11111111 a
34 01111011 6
45 11100110 5
56 11111001 6
67 11000111 5
70 11111110 7

02 10001101 4
13 11001111 6
24 11111011 7
35 01110110 5
46 11111101 7
57 11011001 5
60 11110110 6
71 10111111 7

03 11001101 5
14 11011011 6
25 11110110 6
36 01111011 6
47 11100101 5
50 11111111 a
61 10111111 7
72 10111111 7

04 11011011 6
15 11100110 5
26 11111011 7
37 01110011 5
40 11110110 6
51 10111101 6
62 10001111 5
73 11111111 a

05 11101111 7
16 11111011 7
27 11110011 6
30 01110110 5
41 10111101 6
52 10011101 5
63 11001111 6
74 11111111 a

06 11111001 6
17 11000011 4
20 11110110 6
31 00111111 6
42 10101101 5
53 11011101 6
64 11011111 7
75 11111110 7

07 11001001 4
10 11110110 6
21 11111111 a
32 00111111 6
43 11101101 6
54 11011011 6
65 11100110 5
76 11111111 a

Matching output with OR-NOT
0 absent
1 absent
2 absent
3 absent
4 absent
5 absent
6 absent
7 absent

Left
none
Best: none

Right
none
Best: none

XOR-NOT
01 10110100 4
12 11001111 6
23 00111111 6
34 01101001 4
45 11000010 3
56 11100000 3
67 11000111 5
70 11001000 3

02 10000100 2
13 00001111 4
24 10101001 4
35 01010100 3
46 11011101 6
57 11011000 4
60 11110000 4
71 10000011 3

03 01000100 2
14 10011001 4
25 10010100 3
36 01001011 4
47 11100101 5
50 11101111 7
61 10111011 6
72 10110011 5

04 11010010 4
15 10100100 3
26 10001011 4
37 01110011 5
40 11010010 4
51 10100100 3
62 10001011 4
73 01110011 5

05 11101111 7
16 10111011 6
27 10110011 5
30 01000100 2
41 10011001 4
52 10010100 3
63 01001011 4
74 11100101 5

06 11110000 4
17 10000011 3
20 10000100 2
31 00001111 4
42 10101001 4
53 01010100 3
64 11011101 6
75 11011000 4

07 11001000 3
10 10110100 4
21 11001111 6
32 00111111 6
43 01101001 4
54 11000010 3
65 11100000 3
76 11000111 5

Matching output with XOR-NOT
0 absent
1 absent
2 absent
3 absent
4 absent
5 absent
6 absent
7 absent

Left
none
Best: none

Right
none
Best: none

Selecting

Lefts
Identity none
NOT none
Constant C0 C0 C0 C0 C0 C0 C0: 7
AND AND03: 1
OR none
XOR none
AND-NOT AND-NOT12: 1
OR-NOT none
XOR-NOT none

Rights
Identity none
NOT none
Constant none
AND AND14 AND03: 2
OR none
XOR none
AND-NOT none
OR-NOT none
XOR-NOT none

Left longest: 7
Right longest: 2

Left winner: Identity no, NOT no, Constant yes, AND no, OR no, XOR no, AND-NOT no, OR-NOT no, XOR-NOT no
Right winner: Identity no, NOT no, Constant no, AND yes, OR no, XOR no, AND-NOT no, OR-NOT no, XOR-NOT no

Best left: C0 C0 C0 C0 C0 C0 C0: 7
Best right: AND14 AND03: 2

Truncated left: C0 C0 C0 C0 C0 C0 C0: 7
Truncated right: AND03: 1

Tentative from right
7 AND03
6 pending
5 pending
4 pending
3 pending
2 pending
1 pending
0 pending

Tentative
0 C0
1 C0
2 C0
3 C0
4 C0
5 C0
6 C0
7 AND03

Preferred from left
0 C0
1 C0
2 C0
3 C0
4 C0
5 C0
6 C0
7 AND03

Preferred
0 C0
1 C0
2 C0
3 C0
4 C0
5 C0
6 C0
7 AND03

Matching
0 C0
1 C0
2 C0
3 C0
4 C0
5 C0
6 C0
7 AND03

Perfect match
Identity no
NOT no
Constant no
AND no
OR no
XOR no
AND-NOT no
OR-NOT no
XOR-NOT no

Matched
0 C0
1 C0
2 C0
3 C0
4 C0
5 C0
6 C0
7 AND03

Selected
0 C0
1 C0
2 C0
3 C0
4 C0
5 C0
6 C0
7 AND03

Applying to 00010011
Input
0 0
1 0
2 0
3 1
4 0
5 0
6 1
7 1
Output
0 C0 = 0
1 C0 = 0
2 C0 = 0
3 C0 = 0
4 C0 = 0
5 C0 = 0
6 C0 = 0
7 AND03 = AND(0,1) = 0

I will now return the answer in \boxed{}
The answer in \boxed is
\boxed{00000000}
</think>
\boxed{00000000}