We need to deduce the transformation by matching the example outputs.

Output 1: 01100011
0 0
1 1
2 1
3 0
4 0
5 0
6 1
7 1

Output 2: 01100001
0 0
1 1
2 1
3 0
4 0
5 0
6 0
7 1

Output 3: 11000000
0 1
1 1
2 0
3 0
4 0
5 0
6 0
7 0

Output 4: 11100001
0 1
1 1
2 1
3 0
4 0
5 0
6 0
7 1

Output 5: 01000010
0 0
1 1
2 0
3 0
4 0
5 0
6 1
7 0

Output 6: 00100001
0 0
1 0
2 1
3 0
4 0
5 0
6 0
7 1

Output 7: 10000010
0 1
1 0
2 0
3 0
4 0
5 0
6 1
7 0

Output 8: 11000001
0 1
1 1
2 0
3 0
4 0
5 0
6 0
7 1

Output 9: 00100001
0 0
1 0
2 1
3 0
4 0
5 0
6 0
7 1

Output bit columns (with bitsum as hash)
0 001100110 4
1 111110010 6
2 110101001 5
3 000000000 a
4 000000000 a
5 000000000 a
6 100010100 3
7 110101011 6

Input 1: 11000011
0 1
1 1
2 0
3 0
4 0
5 0
6 1
7 1

Input 2: 01000011
0 0
1 1
2 0
3 0
4 0
5 0
6 1
7 1

Input 3: 00100110
0 0
1 0
2 1
3 0
4 0
5 1
6 1
7 0

Input 4: 01001111
0 0
1 1
2 0
3 0
4 1
5 1
6 1
7 1

Input 5: 10011010
0 1
1 0
2 0
3 1
4 1
5 0
6 1
7 0

Input 6: 01000001
0 0
1 1
2 0
3 0
4 0
5 0
6 0
7 1

Input 7: 10010100
0 1
1 0
2 0
3 1
4 0
5 1
6 0
7 0

Input 8: 01100110
0 0
1 1
2 1
3 0
4 0
5 1
6 1
7 0

Input 9: 01111001
0 0
1 1
2 1
3 1
4 1
5 0
6 0
7 1

Identity
0 100010100 3 match 6
1 110101011 6 match 7
2 001000011 3
3 000010101 3
4 000110001 3
5 001100110 4 match 0
6 111110010 6 match 1
7 110101001 5 match 2

Matching output with Identity
0 5
1 6
2 7
3 absent
4 absent
5 absent
6 0
7 1

Left
5 6 7 0x
Best: I5 I6 I7: 3

Right
1 0 7x
Best: I1 I0: 2

NOT
0 011101011 6
1 001010100 3
2 110111100 6
3 111101010 6
4 111001110 6
5 110011001 5
6 000001101 3
7 001010110 4

Matching output with NOT
0 absent
1 absent
2 absent
3 absent
4 absent
5 absent
6 absent
7 absent

Left
none
Best: none

Right
none
Best: none

Constant
0 000000000 a match 3 4 5
1 111111111 a

Matching output with Constant
0 absent
1 absent
2 absent
3 C0
4 C0
5 C0
6 absent
7 absent

Left
none
Best: none

Right
none
Best: none

AND
01 10 100000000 1
12 21 000000011 2
23 32 000000001 1
34 43 000010001 2
45 54 000100000 1
56 65 001100010 3
67 76 110100000 3
70 07 100000000 1

02 20 000000000 a match 3 4 5
13 31 000000001 1
24 42 000000001 1
35 53 000000100 1
46 64 000110000 2
57 75 000100000 1
60 06 100010000 2
71 17 110101001 5 match 2

03 30 000010100 2
14 41 000100001 2
25 52 001000010 2
36 63 000010000 1
47 74 000100001 2
50 05 000000100 1
61 16 110100010 4
72 27 000000001 1

04 40 000010000 1
15 51 000100010 2
26 62 001000010 2
37 73 000000001 1

Matching output with AND
0 absent
1 absent
2 17 71
3 02 20
4 02 20
5 02 20
6 absent
7 absent

Left
none
Best: none

Right
none
Best: none

OR
01 10 110111111 8
12 21 111101011 7
23 32 001010111 5
34 43 000110101 4
45 54 001110111 6
56 65 111110110 7
67 76 111111011 8
70 07 110111101 7

02 20 101010111 6
13 31 110111111 8
24 42 001110011 5
35 53 001110111 6
46 64 111110011 7
57 75 111101111 8
60 06 111110110 7
71 17 110101011 6 match 7

03 30 100010101 4
14 41 110111011 7
25 52 001100111 5
36 63 111110111 8
47 74 110111001 6
50 05 101110110 6
61 16 111111011 8
72 27 111101011 7

04 40 100110101 5
15 51 111101111 8
26 62 111110011 7
37 73 110111101 7

Matching output with OR
0 absent
1 absent
2 absent
3 absent
4 absent
5 absent
6 absent
7 17 71

Left
none
Best: none

Right
17 06x
71 60x
Best: OR17: 1

XOR
01 10 010111111 7
12 21 111101000 5
23 32 001010110 4
34 43 000100100 2
45 54 001010111 5
56 65 110010100 4
67 76 001011011 5
70 07 010111101 6

02 20 101010111 6
13 31 110111110 7
24 42 001110010 4
35 53 001110011 5
46 64 111000011 5
57 75 111001111 7
60 06 011100110 5
71 17 000000010 1

03 30 100000001 2
14 41 110011010 5
25 52 000100101 3
36 63 111100111 7
47 74 110011000 4
50 05 101110010 5
61 16 001011001 4
72 27 111101010 6

04 40 100100101 4
15 51 111001101 6
26 62 110110001 5
37 73 110111100 6

Matching output with XOR
0 absent
1 absent
2 absent
3 absent
4 absent
5 absent
6 absent
7 absent

Left
none
Best: none

Right
none
Best: none

AND-NOT
01 000010100 2
12 110101000 4
23 001000010 2
34 000000100 1
45 000010001 2
56 000000100 1
67 001010010 3
70 010101001 4

02 100010100 3 match 6
13 110101010 5
24 001000010 2
35 000010001 2
46 000000001 1
57 001000110 3
60 011100010 4
71 000000000 a match 3 4 5

03 100000000 1
14 110001010 4
25 000000001 1
36 000000101 2
47 000010000 1
50 001100010 3
61 001010000 2
72 110101000 4

04 100000100 2
15 110001001 4
26 000000001 1
37 000010100 2
40 000100001 2
51 001000100 2
62 110110000 4
73 110101000 4

05 100010000 2
16 000001001 2
27 001000010 2
30 000000001 1
41 000010000 1
52 000100100 2
63 111100010 5
74 110001000 3

06 000000100 1
17 000000010 1
20 001000011 3
31 000010100 2
42 000110000 2
53 001100010 3
64 111000010 4
75 110001001 4

07 000010100 2
10 010101011 5
21 001000000 1
32 000010100 2
43 000100000 1
54 001000110 3
65 110010000 3
76 000001001 2

Matching output with AND-NOT
0 absent
1 absent
2 absent
3 71
4 71
5 71
6 02
7 absent

Left
none
Best: none

Right
none
Best: none

OR-NOT
01 101010100 4
12 110111111 8
23 111101011 7
34 111011111 8
45 110111001 6
56 001101111 6
67 111110110 7
70 111101011 7

02 110111100 6
13 111101011 7
24 111001111 7
35 110011101 6
46 000111101 5
57 001110110 5
60 111111011 8
71 111111101 8

03 111111110 8
14 111101111 8
25 111011011 7
36 000011101 4
47 001110111 6
50 011101111 7
61 111110110 7
72 110111101 7

04 111011110 7
15 110111011 7
26 001001111 5
37 001010111 5
40 011111011 7
51 001110110 5
62 111111110 8
73 111101011 7

05 110011101 6
16 110101111 7
27 001010111 5
30 011111111 8
41 001110101 5
52 111111110 8
63 111111010 7
74 111101111 8

06 100011101 5
17 111111111 a
20 011101011 6
31 001010101 4
42 110111101 7
53 111101110 7
64 111111110 8
75 110111001 6

07 101010110 5
10 111101011 7
21 001010111 5
32 110111101 7
43 111111011 8
54 111101110 7
65 111111011 8
76 110101101 6

Matching output with OR-NOT
0 absent
1 absent
2 absent
3 absent
4 absent
5 absent
6 absent
7 absent

Left
none
Best: none

Right
none
Best: none

XOR-NOT
01 101000000 2
12 000010111 4
23 110101001 5 match 2
34 111011011 7
45 110101000 4
56 001101011 5
67 110100100 4
70 101000010 3

02 010101000 3
13 001000001 2
24 110001101 5
35 110001100 4
46 000111100 4
57 000110000 2
60 100011001 4
71 111111101 8

03 011111110 7
14 001100101 4
25 111011010 6
36 000011000 2
47 001100111 5
50 010001101 4
61 110100110 5
72 000010101 3

04 011011010 5
15 000110010 3
26 001001110 4
37 001000011 3
40 011011010 5
51 000110010 3
62 001001110 4
73 001000011 3

05 010001101 4
16 110100110 5
27 000010101 3
30 011111110 7
41 001100101 4
52 111011010 6
63 000011000 2
74 001100111 5

06 100011001 4
17 111111101 8
20 010101000 3
31 001000001 2
42 110001101 5
53 110001100 4
64 000111100 4
75 000110000 2

07 101000010 3
10 101000000 2
21 000010111 4
32 110101001 5 match 2
43 111011011 7
54 110101000 4
65 001101011 5
76 110100100 4

Matching output with XOR-NOT
0 absent
1 absent
2 23 32
3 absent
4 absent
5 absent
6 absent
7 absent

Left
none
Best: none

Right
none
Best: none

Selecting

Lefts
Identity I5 I6 I7: 3
NOT none
Constant none
AND none
OR none
XOR none
AND-NOT none
OR-NOT none
XOR-NOT none

Rights
Identity I1 I0: 2
NOT none
Constant none
AND none
OR OR17: 1
XOR none
AND-NOT none
OR-NOT none
XOR-NOT none

Left longest: 3
Right longest: 2

Left winner: Identity yes, NOT no, Constant no, AND no, OR no, XOR no, AND-NOT no, OR-NOT no, XOR-NOT no
Right winner: Identity yes, NOT no, Constant no, AND no, OR no, XOR no, AND-NOT no, OR-NOT no, XOR-NOT no

Best left: I5 I6 I7: 3
Best right: I1 I0: 2

Truncated left: I5 I6 I7: 3
Truncated right: I1 I0: 2

Tentative from right
7 I1
6 I0
5 pending
4 pending
3 pending
2 pending
1 pending
0 pending

Tentative
0 I5
1 I6
2 I7
3 pending
4 pending
5 pending
6 I0
7 I1

Preferred from left
0 I5
1 I6
2 I7
3 ?0?
4 ?1?
5 ?2?
6 I0
7 I1

Preferred
0 I5
1 I6
2 I7
3 ?05
4 ?16
5 ?27
6 I0
7 I1

Matching
0 I5
1 I6
2 I7
3 ?05 - Identity absent, NOT absent, Constant C0, AND absent, OR absent, XOR absent, AND-NOT absent, OR-NOT absent, XOR-NOT absent
4 ?16 - Identity absent, NOT absent, Constant C0, AND absent, OR absent, XOR absent, AND-NOT absent, OR-NOT absent, XOR-NOT absent
5 ?27 - Identity absent, NOT absent, Constant C0, AND absent, OR absent, XOR absent, AND-NOT absent, OR-NOT absent, XOR-NOT absent
6 I0
7 I1

Perfect match
Identity no
NOT no
Constant yes
AND no
OR no
XOR no
AND-NOT no
OR-NOT no
XOR-NOT no

Matched
0 I5
1 I6
2 I7
3 C0
4 C0
5 C0
6 I0
7 I1

Selected
0 I5
1 I6
2 I7
3 C0
4 C0
5 C0
6 I0
7 I1

Applying to 00011101
Input
0 0
1 0
2 0
3 1
4 1
5 1
6 0
7 1
Output
0 I5 = 1
1 I6 = 0
2 I7 = 1
3 C0 = 0
4 C0 = 0
5 C0 = 0
6 I0 = 0
7 I1 = 0

I will now return the answer in \boxed{}
The answer in \boxed is
\boxed{10100000}
</think>
\boxed{10100000}