We need to deduce the transformation by matching the example outputs.

Output 1: 00100000
0 0
1 0
2 1
3 0
4 0
5 0
6 0
7 0

Output 2: 11001100
0 1
1 1
2 0
3 0
4 1
5 1
6 0
7 0

Output 3: 10011000
0 1
1 0
2 0
3 1
4 1
5 0
6 0
7 0

Output 4: 00000000
0 0
1 0
2 0
3 0
4 0
5 0
6 0
7 0

Output 5: 01100000
0 0
1 1
2 1
3 0
4 0
5 0
6 0
7 0

Output 6: 00000000
0 0
1 0
2 0
3 0
4 0
5 0
6 0
7 0

Output 7: 10000000
0 1
1 0
2 0
3 0
4 0
5 0
6 0
7 0

Output bit columns (with bitsum as hash)
0 0110001 3
1 0100100 2
2 1000100 2
3 0010000 1
4 0110000 2
5 0100000 1
6 0000000 a
7 0000000 a

Input 1: 01011000
0 0
1 1
2 0
3 1
4 1
5 0
6 0
7 0

Input 2: 11110111
0 1
1 1
2 1
3 1
4 0
5 1
6 1
7 1

Input 3: 11101110
0 1
1 1
2 1
3 0
4 1
5 1
6 1
7 0

Input 4: 11010100
0 1
1 1
2 0
3 1
4 0
5 1
6 0
7 0

Input 5: 10111010
0 1
1 0
2 1
3 1
4 1
5 0
6 1
7 0

Input 6: 01001001
0 0
1 1
2 0
3 0
4 1
5 0
6 0
7 1

Input 7: 01101001
0 0
1 1
2 1
3 0
4 1
5 0
6 0
7 1

Identity
0 0111100 4
1 1111011 6
2 0110101 4
3 1101100 4
4 1010111 5
5 0111000 3
6 0110100 3
7 0100011 3

Matching output with Identity
0 absent
1 absent
2 absent
3 absent
4 absent
5 absent
6 absent
7 absent

Left
none
Best: none

Right
none
Best: none

NOT
0 1000011 3
1 0000100 1
2 1001010 3
3 0010011 3
4 0101000 2
5 1000111 4
6 1001011 4
7 1011100 4

Matching output with NOT
0 absent
1 absent
2 absent
3 absent
4 absent
5 absent
6 absent
7 absent

Left
none
Best: none

Right
none
Best: none

Constant
0 0000000 a match 6 7
1 1111111 a

Matching output with Constant
0 absent
1 absent
2 absent
3 absent
4 absent
5 absent
6 C0
7 C0

Left
none
Best: none

Right
0 0
Best: C0 C0: 2

AND
01 10 0111000 3
12 21 0110001 3 match 0
23 32 0100100 2 match 1
34 43 1000100 2 match 2
45 54 0010000 1 match 3
56 65 0110000 2 match 4
67 76 0100000 1 match 5
70 07 0100000 1 match 5

02 20 0110100 3
13 31 1101000 3
24 42 0010101 3
35 53 0101000 2
46 64 0010100 2
57 75 0100000 1 match 5
60 06 0110100 3
71 17 0100011 3

03 30 0101100 3
14 41 1010011 4
25 52 0110000 2 match 4
36 63 0100100 2 match 1
47 74 0000011 2
50 05 0111000 3
61 16 0110000 2 match 4
72 27 0100001 2

04 40 0010100 2
15 51 0111000 3
26 62 0110100 3
37 73 0100000 1 match 5

Matching output with AND
0 12 21
1 23 32 36 63
2 34 43
3 45 54
4 56 65 25 52 16 61
5 67 76 07 70 57 75 37 73
6 absent
7 absent

Left
12 23 34 45 56 67 70x
21 32 43 54 65 76 07x
Best: AND12 AND23 AND34 AND45 AND56 AND67: 6

Right
none
Best: none

OR
01 10 1111111 a
12 21 1111111 a
23 32 1111101 6
34 43 1111111 a
45 54 1111111 a
56 65 0111100 4
67 76 0110111 5
70 07 0111111 6

02 20 0111101 5
13 31 1111111 a
24 42 1110111 6
35 53 1111100 5
46 64 1110111 6
57 75 0111011 5
60 06 0111100 4
71 17 1111011 6

03 30 1111100 5
14 41 1111111 a
25 52 0111101 5
36 63 1111100 5
47 74 1110111 6
50 05 0111100 4
61 16 1111111 a
72 27 0110111 5

04 40 1111111 a
15 51 1111011 6
26 62 0110101 4
37 73 1101111 6

Matching output with OR
0 absent
1 absent
2 absent
3 absent
4 absent
5 absent
6 absent
7 absent

Left
none
Best: none

Right
none
Best: none

XOR
01 10 1000111 4
12 21 1001110 4
23 32 1011001 4
34 43 0111011 5
45 54 1101111 6
56 65 0001100 2
67 76 0010111 4
70 07 0011111 5

02 20 0001001 2
13 31 0010111 4
24 42 1100010 3
35 53 1010100 3
46 64 1100011 4
57 75 0011011 4
60 06 0001000 1
71 17 1011000 3

03 30 1010000 2
14 41 0101100 3
25 52 0001101 3
36 63 1011000 3
47 74 1110100 4
50 05 0000100 1
61 16 1001111 5
72 27 0010110 3

04 40 1101011 5
15 51 1000011 3
26 62 0000001 1
37 73 1001111 5

Matching output with XOR
0 absent
1 absent
2 absent
3 absent
4 absent
5 absent
6 absent
7 absent

Left
none
Best: none

Right
none
Best: none

AND-NOT
01 0000100 1
12 1001010 3
23 0010001 2
34 0101000 2
45 1000111 4
56 0001000 1
67 0010100 2
70 0000011 2

02 0001000 1
13 0010011 3
24 0100000 1 match 5
35 1000100 2 match 2
46 1000011 3
57 0011000 2
60 0000000 a match 6 7
71 0000000 a match 6 7

03 0010000 1 match 3
14 0101000 2
25 0000101 2
36 1001000 2
47 1010100 3
50 0000000 a match 6 7
61 0000100 1
72 0000010 1

04 0101000 2
15 1000011 3
26 0000001 1
37 1001100 3
40 1000011 3
51 0000000 a match 6 7
62 0000000 a match 6 7
73 0000011 2

05 0000100 1
16 1001011 4
27 0010100 2
30 1000000 1
41 0000100 1
52 0001000 1
63 0010000 1 match 3
74 0100000 1 match 5

06 0001000 1
17 1011000 3
20 0000001 1
31 0000100 1
42 1000010 2
53 0010000 1 match 3
64 0100000 1 match 5
75 0000011 2

07 0011100 3
10 1000011 3
21 0000100 1
32 1001000 2
43 0010011 3
54 0101000 2
65 0000100 1
76 0000011 2

Matching output with AND-NOT
0 absent
1 absent
2 35
3 03 63 53
4 absent
5 24 74 64
6 60 71 50 51 62
7 60 71 50 51 62

Left
none
Best: none

Right
60 57x
71 60 57x
50 47x
51 40x
62 51 40x
Best: AND-NOT71 AND-NOT60: 2

OR-NOT
01 0111100 4
12 1111011 6
23 0110111 5
34 1101100 4
45 1010111 5
56 1111011 6
67 1111100 5
70 1100011 4

02 1111110 6
13 1111011 6
24 0111101 5
35 1101111 6
46 1011111 6
57 1111100 5
60 1110111 6
71 0100111 4

03 0111111 6
14 1111011 6
25 1110111 6
36 1101111 6
47 1011111 6
50 1111011 6
61 0110100 3
72 1101011 5

04 0111100 4
15 1111111 a
26 1111111 a
37 1111100 5
40 1010111 5
51 0111100 4
62 1111110 6
73 0110011 4

05 1111111 a
16 1111011 6
27 1111101 6
30 1101111 6
41 1010111 5
52 1111010 5
63 0110111 5
74 0101011 4

06 1111111 a
17 1111111 a
20 1110111 6
31 1101100 4
42 1011111 6
53 0111011 5
64 0111100 4
75 1100111 5

07 1111100 5
10 1111011 6
21 0110101 4
32 1101110 5
43 1010111 5
54 0111000 3
65 1110111 6
76 1101011 5

Matching output with OR-NOT
0 absent
1 absent
2 absent
3 absent
4 absent
5 absent
6 absent
7 absent

Left
none
Best: none

Right
none
Best: none

XOR-NOT
01 0111000 3
12 0110001 3 match 0
23 0100110 3
34 1000100 2 match 2
45 0010000 1 match 3
56 1110011 5
67 1101000 3
70 1100000 2

02 1110110 5
13 1101000 3
24 0011101 4
35 0101011 4
46 0011100 3
57 1100100 3
60 1110111 6
71 0100111 4

03 0101111 5
14 1010011 4
25 1110010 4
36 0100111 4
47 0001011 3
50 1111011 6
61 0110000 2 match 4
72 1101001 4

04 0010100 2
15 0111100 4
26 1111110 6
37 0110000 2 match 4
40 0010100 2
51 0111100 4
62 1111110 6
73 0110000 2 match 4

05 1111011 6
16 0110000 2 match 4
27 1101001 4
30 0101111 5
41 1010011 4
52 1110010 4
63 0100111 4
74 0001011 3

06 1110111 6
17 0100111 4
20 1110110 5
31 1101000 3
42 0011101 4
53 0101011 4
64 0011100 3
75 1100100 3

07 1100000 2
10 0111000 3
21 0110001 3 match 0
32 0100110 3
43 1000100 2 match 2
54 0010000 1 match 3
65 1110011 5
76 1101000 3

Matching output with XOR-NOT
0 12 21
1 absent
2 34 43
3 45 54
4 61 37 73 16
5 absent
6 absent
7 absent

Left
12 23x
21 32x
Best: XOR-NOT12: 1

Right
none
Best: none

Selecting

Lefts
Identity none
NOT none
Constant none
AND AND12 AND23 AND34 AND45 AND56 AND67: 6
OR none
XOR none
AND-NOT none
OR-NOT none
XOR-NOT XOR-NOT12: 1

Rights
Identity none
NOT none
Constant C0 C0: 2
AND none
OR none
XOR none
AND-NOT AND-NOT71 AND-NOT60: 2
OR-NOT none
XOR-NOT none

Left longest: 6
Right longest: 2

Left winner: Identity no, NOT no, Constant no, AND yes, OR no, XOR no, AND-NOT no, OR-NOT no, XOR-NOT no
Right winner: Identity no, NOT no, Constant yes, AND no, OR no, XOR no, AND-NOT no, OR-NOT no, XOR-NOT no

Best left: AND12 AND23 AND34 AND45 AND56 AND67: 6
Best right: C0 C0: 2

Truncated left: AND12 AND23 AND34 AND45 AND56 AND67: 6
Truncated right: C0 C0: 2

Tentative from right
7 C0
6 C0
5 pending
4 pending
3 pending
2 pending
1 pending
0 pending

Tentative
0 AND12
1 AND23
2 AND34
3 AND45
4 AND56
5 AND67
6 C0
7 C0

Preferred from left
0 AND12
1 AND23
2 AND34
3 AND45
4 AND56
5 AND67
6 C0
7 C0

Preferred
0 AND12
1 AND23
2 AND34
3 AND45
4 AND56
5 AND67
6 C0
7 C0

Matching
0 AND12
1 AND23
2 AND34
3 AND45
4 AND56
5 AND67
6 C0
7 C0

Perfect match
Identity no
NOT no
Constant no
AND no
OR no
XOR no
AND-NOT no
OR-NOT no
XOR-NOT no

Matched
0 AND12
1 AND23
2 AND34
3 AND45
4 AND56
5 AND67
6 C0
7 C0

Selected
0 AND12
1 AND23
2 AND34
3 AND45
4 AND56
5 AND67
6 C0
7 C0

Applying to 11001001
Input
0 1
1 1
2 0
3 0
4 1
5 0
6 0
7 1
Output
0 AND12 = AND(1,0) = 0
1 AND23 = AND(0,0) = 0
2 AND34 = AND(0,1) = 0
3 AND45 = AND(1,0) = 0
4 AND56 = AND(0,0) = 0
5 AND67 = AND(0,1) = 0
6 C0 = 0
7 C0 = 0

I will now return the answer in \boxed{}
The answer in \boxed is
\boxed{00000000}
</think>
\boxed{00000000}