We need to deduce the transformation by matching the example outputs.

Output 1: 10000001
0 1
1 0
2 0
3 0
4 0
5 0
6 0
7 1

Output 2: 00000010
0 0
1 0
2 0
3 0
4 0
5 0
6 1
7 0

Output 3: 00000000
0 0
1 0
2 0
3 0
4 0
5 0
6 0
7 0

Output 4: 00000000
0 0
1 0
2 0
3 0
4 0
5 0
6 0
7 0

Output 5: 00000011
0 0
1 0
2 0
3 0
4 0
5 0
6 1
7 1

Output 6: 00000000
0 0
1 0
2 0
3 0
4 0
5 0
6 0
7 0

Output 7: 00000010
0 0
1 0
2 0
3 0
4 0
5 0
6 1
7 0

Output 8: 10000000
0 1
1 0
2 0
3 0
4 0
5 0
6 0
7 0

Output 9: 00000000
0 0
1 0
2 0
3 0
4 0
5 0
6 0
7 0

Output 10: 00000010
0 0
1 0
2 0
3 0
4 0
5 0
6 1
7 0

Output bit columns (with bitsum as hash)
0 1000000100 2
1 0000000000 a
2 0000000000 a
3 0000000000 a
4 0000000000 a
5 0000000000 a
6 0100101001 4
7 1000100000 2

Input 1: 01110110
0 0
1 1
2 1
3 1
4 0
5 1
6 1
7 0

Input 2: 10100100
0 1
1 0
2 1
3 0
4 0
5 1
6 0
7 0

Input 3: 00011010
0 0
1 0
2 0
3 1
4 1
5 0
6 1
7 0

Input 4: 00010100
0 0
1 0
2 0
3 1
4 0
5 1
6 0
7 0

Input 5: 11101100
0 1
1 1
2 1
3 0
4 1
5 1
6 0
7 0

Input 6: 00100000
0 0
1 0
2 1
3 0
4 0
5 0
6 0
7 0

Input 7: 10100001
0 1
1 0
2 1
3 0
4 0
5 0
6 0
7 1

Input 8: 00101111
0 0
1 0
2 1
3 0
4 1
5 1
6 1
7 1

Input 9: 00000110
0 0
1 0
2 0
3 0
4 0
5 1
6 1
7 0

Input 10: 10011100
0 1
1 0
2 0
3 1
4 1
5 1
6 0
7 0

Identity
0 0100101001 4 match 6
1 1000100000 2 match 7
2 1100111100 6
3 1011000001 4
4 0010100101 4
5 1101100111 7
6 1010000110 4
7 0000001100 2

Matching output with Identity
0 absent
1 absent
2 absent
3 absent
4 absent
5 absent
6 0
7 1

Left
none
Best: none

Right
1 0 7x
Best: I1 I0: 2

NOT
0 1011010110 6
1 0111011111 8
2 0011000011 4
3 0100111110 6
4 1101011010 6
5 0010011000 3
6 0101111001 6
7 1111110011 8

Matching output with NOT
0 absent
1 absent
2 absent
3 absent
4 absent
5 absent
6 absent
7 absent

Left
none
Best: none

Right
none
Best: none

Constant
0 0000000000 a match 1 2 3 4 5
1 1111111111 a

Matching output with Constant
0 absent
1 C0
2 C0
3 C0
4 C0
5 C0
6 absent
7 absent

Left
none
Best: none

Right
none
Best: none

AND
01 10 0000100000 1
12 21 1000100000 2 match 7
23 32 1000000000 1
34 43 0010000001 2
45 54 0000100101 3
56 65 1000000110 3
67 76 0000000100 1
70 07 0000001000 1

02 20 0100101000 3
13 31 1000000000 1
24 42 0000100100 2
35 53 1001000001 3
46 64 0010000100 2
57 75 0000000100 1
60 06 0000000000 a match 1 2 3 4 5
71 17 0000000000 a match 1 2 3 4 5

03 30 0000000001 1
14 41 0000100000 1
25 52 1100100100 4
36 63 1010000000 2
47 74 0000000100 1
50 05 0100100001 3
61 16 1000000000 1
72 27 0000001100 2

04 40 0000100001 2
15 51 1000100000 2 match 7
26 62 1000000100 2 match 0
37 73 0000000000 a match 1 2 3 4 5

Matching output with AND
0 26 62
1 06 60 17 71 37 73
2 06 60 17 71 37 73
3 06 60 17 71 37 73
4 06 60 17 71 37 73
5 06 60 17 71 37 73
6 absent
7 12 21 15 51

Left
26 37 40x
62 73 04x
Best: AND26 AND37: 2

Right
12 01x
21 10x
15 04x
51 40x
Best: AND12: 1

OR
01 10 1100101001 5
12 21 1100111100 6
23 32 1111111101 9
34 43 1011100101 6
45 54 1111100111 8
56 65 1111100111 8
67 76 1010001110 5
70 07 0100101101 5

02 20 1100111101 7
13 31 1011100001 5
24 42 1110111101 8
35 53 1111100111 8
46 64 1010100111 6
57 75 1101101111 8
60 06 1110101111 8
71 17 1000101100 4

03 30 1111101001 7
14 41 1010100101 5
25 52 1101111111 9
36 63 1011000111 6
47 74 0010101101 5
50 05 1101101111 8
61 16 1010100110 5
72 27 1100111100 6

04 40 0110101101 6
15 51 1101100111 7
26 62 1110111110 8
37 73 1011001101 6

Matching output with OR
0 absent
1 absent
2 absent
3 absent
4 absent
5 absent
6 absent
7 absent

Left
none
Best: none

Right
none
Best: none

XOR
01 10 1100001001 4
12 21 0100011100 4
23 32 0111111101 8
34 43 1001100100 4
45 54 1111000010 5
56 65 0111100001 5
67 76 1010001010 4
70 07 0100100101 4

02 20 1000010101 4
13 31 0011100001 4
24 42 1110011001 6
35 53 0110100110 5
46 64 1000100011 4
57 75 1101101011 7
60 06 1110101111 8
71 17 1000101100 4

03 30 1111101000 6
14 41 1010000101 4
25 52 0001011011 5
36 63 0001000111 4
47 74 0010101001 4
50 05 1001001110 5
61 16 0010100110 4
72 27 1100110000 4

04 40 0110001100 4
15 51 0101000111 5
26 62 0110111010 6
37 73 1011001101 6

Matching output with XOR
0 absent
1 absent
2 absent
3 absent
4 absent
5 absent
6 absent
7 absent

Left
none
Best: none

Right
none
Best: none

AND-NOT
01 0100001001 3
12 0000000000 a match 1 2 3 4 5
23 0100111100 5
34 1001000000 2
45 0010000000 1
56 0101100001 4
67 1010000010 3
70 0000000100 1

02 0000000001 1
13 0000100000 1
24 1100011000 4
35 0010000000 1
46 0000100001 2
57 1101100011 6
60 1010000110 4
71 0000001100 2

03 0100101000 3
14 1000000000 1
25 0000011000 2
36 0001000001 2
47 0010100001 3
50 1001000110 4
61 0010000110 3
72 0000000000 a match 1 2 3 4 5

04 0100001000 2
15 0000000000 a match 1 2 3 4 5
26 0100111000 4
37 1011000001 4
40 0010000100 2
51 0101000111 5
62 0010000010 2
73 0000001100 2

05 0000001000 1
16 0000100000 1
27 1100110000 4
30 1011000000 3
41 0010000101 3
52 0001000011 3
63 0000000110 2
74 0000001000 1

06 0100101001 4 match 6
17 1000100000 2 match 7
20 1000010100 3
31 0011000001 3
42 0010000001 2
53 0100100110 4
64 1000000010 2
75 0000001000 1

07 0100100001 3
10 1000000000 1
21 0100011100 4
32 0011000001 3
43 0000100100 2
54 1101000010 4
65 0010000000 1
76 0000001000 1

Matching output with AND-NOT
0 absent
1 12 72 15
2 12 72 15
3 12 72 15
4 12 72 15
5 12 72 15
6 06
7 17

Left
none
Best: none

Right
17 06 75x
Best: AND-NOT17 AND-NOT06: 2

OR-NOT
01 0111111111 9
12 1011100011 6
23 1100111110 7
34 1111011011 8
45 0010111101 6
56 1101111111 9
67 1111110111 9
70 1011011110 7

02 0111101011 7
13 1100111110 7
24 1101111110 8
35 1011011001 6
46 0111111101 8
57 1111110111 9
60 1011010110 6
71 0111011111 8

03 0100111111 7
14 1101111010 7
25 1110111100 7
36 1111111001 8
47 1111110111 9
50 1111110111 9
61 1111011111 9
72 0011001111 6

04 1101111011 8
15 1010111000 5
26 1101111101 8
37 1111110011 8
40 1011110111 8
51 1111111111 a
62 1011000111 6
73 0100111110 6

05 0110111001 6
16 1101111001 7
27 1111111111 a
30 1011010111 7
41 0111111111 9
52 1111100111 8
63 1110111110 8
74 1101011110 7

06 0101111001 6
17 1111110011 8
20 1111111110 9
31 1111011111 9
42 0011100111 6
53 1101111111 9
64 1111011110 8
75 0010011100 4

07 1111111011 9
10 1011110110 7
21 1111111111 a
32 1011000011 5
43 0110111111 8
54 1101111111 9
65 1010011110 6
76 0101111101 7

Matching output with OR-NOT
0 absent
1 absent
2 absent
3 absent
4 absent
5 absent
6 absent
7 absent

Left
none
Best: none

Right
none
Best: none

XOR-NOT
01 0011110110 6
12 1011100011 6
23 1000000010 2
34 0110011011 6
45 0000111101 5
56 1000011110 5
67 0101110101 6
70 1011011010 6

02 0111101010 6
13 1100011110 6
24 0001100110 4
35 1001011001 5
46 0111011100 6
57 0010010100 3
60 0001010000 2
71 0111010011 6

03 0000010111 4
14 0101111010 6
25 1110100100 5
36 1110111000 6
47 1101010110 6
50 0110110001 5
61 1101011001 6
72 0011001111 6

04 1001110011 6
15 1010111000 5
26 1001000101 4
37 0100110010 4
40 1001110011 6
51 1010111000 5
62 1001000101 4
73 0100110010 4

05 0110110001 5
16 1101011001 6
27 0011001111 6
30 0000010111 4
41 0101111010 6
52 1110100100 5
63 1110111000 6
74 1101010110 6

06 0001010000 2
17 0111010011 6
20 0111101010 6
31 1100011110 6
42 0001100110 4
53 1001011001 5
64 0111011100 6
75 0010010100 3

07 1011011010 6
10 0011110110 6
21 1011100011 6
32 1000000010 2
43 0110011011 6
54 0000111101 5
65 1000011110 5
76 0101110101 6

Matching output with XOR-NOT
0 absent
1 absent
2 absent
3 absent
4 absent
5 absent
6 absent
7 absent

Left
none
Best: none

Right
none
Best: none

Selecting

Lefts
Identity none
NOT none
Constant none
AND AND26 AND37: 2
OR none
XOR none
AND-NOT none
OR-NOT none
XOR-NOT none

Rights
Identity I1 I0: 2
NOT none
Constant none
AND AND12: 1
OR none
XOR none
AND-NOT AND-NOT17 AND-NOT06: 2
OR-NOT none
XOR-NOT none

Left longest: 2
Right longest: 2

Left winner: Identity no, NOT no, Constant no, AND yes, OR no, XOR no, AND-NOT no, OR-NOT no, XOR-NOT no
Right winner: Identity yes, NOT no, Constant no, AND no, OR no, XOR no, AND-NOT no, OR-NOT no, XOR-NOT no

Best left: AND26 AND37: 2
Best right: I1 I0: 2

Truncated left: AND26 AND37: 2
Truncated right: I1 I0: 2

Tentative from right
7 I1
6 I0
5 pending
4 pending
3 pending
2 pending
1 pending
0 pending

Tentative
0 AND26
1 AND37
2 pending
3 pending
4 pending
5 pending
6 I0
7 I1

Preferred from left
0 AND26
1 AND37
2 ?40
3 ?51
4 ?62
5 ?73
6 I0
7 I1

Preferred
0 AND26
1 AND37
2 ?40
3 ?51
4 ?62
5 ?73
6 I0
7 I1

Matching
0 AND26
1 AND37
2 ?40 - Identity absent, NOT absent, Constant C0, AND absent, OR absent, XOR absent, AND-NOT absent, OR-NOT absent, XOR-NOT absent
3 ?51 - Identity absent, NOT absent, Constant C0, AND absent, OR absent, XOR absent, AND-NOT15, OR-NOT absent, XOR-NOT absent
4 ?62 - Identity absent, NOT absent, Constant C0, AND absent, OR absent, XOR absent, AND-NOT absent, OR-NOT absent, XOR-NOT absent
5 ?73 - Identity absent, NOT absent, Constant C0, AND73, OR absent, XOR absent, AND-NOT absent, OR-NOT absent, XOR-NOT absent
6 I0
7 I1

Perfect match
Identity no
NOT no
Constant yes
AND no
OR no
XOR no
AND-NOT no
OR-NOT no
XOR-NOT no

Matched
0 AND26
1 AND37
2 C0
3 C0
4 C0
5 C0
6 I0
7 I1

Selected
0 AND26
1 AND37
2 C0
3 C0
4 C0
5 C0
6 I0
7 I1

Applying to 11011000
Input
0 1
1 1
2 0
3 1
4 1
5 0
6 0
7 0
Output
0 AND26 = AND(0,0) = 0
1 AND37 = AND(1,0) = 0
2 C0 = 0
3 C0 = 0
4 C0 = 0
5 C0 = 0
6 I0 = 1
7 I1 = 1

I will now return the answer in \boxed{}
The answer in \boxed is
\boxed{00000011}
</think>
\boxed{00000011}