We need to deduce the transformation by matching the example outputs.

Output 1: 01101100
0 0
1 1
2 1
3 0
4 1
5 1
6 0
7 0

Output 2: 00111110
0 0
1 0
2 1
3 1
4 1
5 1
6 1
7 0

Output 3: 01111010
0 0
1 1
2 1
3 1
4 1
5 0
6 1
7 0

Output 4: 00101111
0 0
1 0
2 1
3 0
4 1
5 1
6 1
7 1

Output 5: 01100111
0 0
1 1
2 1
3 0
4 0
5 1
6 1
7 1

Output 6: 00001101
0 0
1 0
2 0
3 0
4 1
5 1
6 0
7 1

Output 7: 00010000
0 0
1 0
2 0
3 1
4 0
5 0
6 0
7 0

Output 8: 00111110
0 0
1 0
2 1
3 1
4 1
5 1
6 1
7 0

Output 9: 01001110
0 0
1 1
2 0
3 0
4 1
5 1
6 1
7 0

Output bit columns (with bitsum as hash)
0 000000000 a
1 101010001 4
2 111110010 6
3 011000110 4
4 111101011 7
5 110111011 7
6 011110011 6
7 000111000 3

Input 1: 11011000
0 1
1 1
2 0
3 1
4 1
5 0
6 0
7 0

Input 2: 01111101
0 0
1 1
2 1
3 1
4 1
5 1
6 0
7 1

Input 3: 11110101
0 1
1 1
2 1
3 1
4 0
5 1
6 0
7 1

Input 4: 01011110
0 0
1 1
2 0
3 1
4 1
5 1
6 1
7 0

Input 5: 11001111
0 1
1 1
2 0
3 0
4 1
5 1
6 1
7 1

Input 6: 00011010
0 0
1 0
2 0
3 1
4 1
5 0
6 1
7 0

Input 7: 00100000
0 0
1 0
2 1
3 0
4 0
5 0
6 0
7 0

Input 8: 01111100
0 0
1 1
2 1
3 1
4 1
5 1
6 0
7 0

Input 9: 10011100
0 1
1 0
2 0
3 1
4 1
5 1
6 0
7 0

Identity
0 101010001 4 match 1
1 111110010 6 match 2
2 011000110 4 match 3
3 111101011 7 match 4
4 110111011 7 match 5
5 011110011 6 match 6
6 000111000 3 match 7
7 011010000 3

Matching output with Identity
0 absent
1 0
2 1
3 2
4 3
5 4
6 5
7 6

Left
none
Best: none

Right
6 5 4 3 2 1 0 7x
Best: I6 I5 I4 I3 I2 I1 I0: 7

NOT
0 010101110 5
1 000001101 3
2 100111001 5
3 000010100 2
4 001000100 2
5 100001100 3
6 111000111 6
7 100101111 6

Matching output with NOT
0 absent
1 absent
2 absent
3 absent
4 absent
5 absent
6 absent
7 absent

Left
none
Best: none

Right
none
Best: none

Constant
0 000000000 a match 0
1 111111111 a

Matching output with Constant
0 C0
1 absent
2 absent
3 absent
4 absent
5 absent
6 absent
7 absent

Left
0
Best: C0: 1

Right
none
Best: none

AND
01 10 101010000 3
12 21 011000010 3
23 32 011000010 3
34 43 110101011 6
45 54 010110011 5
56 65 000110000 2
67 76 000010000 1
70 07 001010000 2

02 20 001000000 1
13 31 111100010 5
24 42 010000010 2
35 53 011100011 5
46 64 000111000 3 match 7
57 75 011010000 3
60 06 000010000 1
71 17 011010000 3

03 30 101000001 3
14 41 110110010 5
25 52 011000010 3
36 63 000101000 2
47 74 010010000 2
50 05 001010001 3
61 16 000110000 2
72 27 011000000 2

04 40 100010001 3
15 51 011110010 5
26 62 000000000 a match 0
37 73 011000000 2

Matching output with AND
0 26 62
1 absent
2 absent
3 absent
4 absent
5 absent
6 absent
7 46 64

Left
26 37x
62 73x
Best: AND26: 1

Right
46 35x
64 53x
Best: AND46: 1

OR
01 10 111110011 7
12 21 111110110 7
23 32 111101111 8
34 43 111111011 8
45 54 111111011 8
56 65 011111011 7
67 76 011111000 5
70 07 111010001 5

02 20 111010111 7
13 31 111111011 8
24 42 111111111 a
35 53 111111011 8
46 64 110111011 7 match 5
57 75 011110011 6 match 6
60 06 101111001 6
71 17 111110010 6 match 2

03 30 111111011 8
14 41 111111011 8
25 52 011110111 7
36 63 111111011 8
47 74 111111011 8
50 05 111110011 7
61 16 111111010 7
72 27 011010110 5

04 40 111111011 8
15 51 111110011 7
26 62 011111110 7
37 73 111111011 8

Matching output with OR
0 absent
1 absent
2 17 71
3 absent
4 absent
5 46 64
6 57 75
7 absent

Left
none
Best: none

Right
none
Best: none

XOR
01 10 010100011 4
12 21 100110100 4
23 32 100101101 5
34 43 001010000 2
45 54 101001000 3
56 65 011001011 5
67 76 011101000 4
70 07 110000001 3

02 20 110010111 6
13 31 000011001 3
24 42 101111101 7
35 53 100011000 3
46 64 110000011 4
57 75 000100011 3
60 06 101101001 5
71 17 100100010 3

03 30 010111010 5
14 41 001001001 3
25 52 000110101 4
36 63 111010011 6
47 74 101101011 6
50 05 110100010 4
61 16 111001010 5
72 27 000010110 3

04 40 011101010 5
15 51 100000001 2
26 62 011111110 7
37 73 100111011 6

Matching output with XOR
0 absent
1 absent
2 absent
3 absent
4 absent
5 absent
6 absent
7 absent

Left
none
Best: none

Right
none
Best: none

AND-NOT
01 000000001 1
12 100110000 3
23 000000100 1
34 001000000 1
45 100001000 2
56 011000011 4
67 000101000 2
70 010000000 1

02 100010001 3
13 000010000 1
24 001000100 2
35 100001000 2
46 110000011 4
57 000100011 3
60 000101000 2
71 000000000 a match 0

03 000010000 1
14 001000000 1
25 000000100 1
36 111000011 5
47 100101011 5
50 010100010 3
61 000001000 1
72 000010000 1

04 001000000 1
15 100000000 1
26 011000110 4 match 3
37 100101011 5
40 010101010 4
51 000000001 1
62 000111000 3 match 7
73 000010000 1

05 100000000 1
16 111000010 4
27 000000110 2
30 010101010 4
41 000001001 2
52 000110001 3
63 000010000 1
74 001000000 1

06 101000001 3
17 100100010 3
20 010000110 3
31 000001001 2
42 100111001 5
53 000010000 1
64 000000000 a match 0
75 000000000 a match 0

07 100000001 2
10 010100010 3
21 000000100 1
32 100101001 4
43 000010000 1
54 001000000 1
65 000001000 1
76 011000000 2

Matching output with AND-NOT
0 71 64 75
1 absent
2 absent
3 26
4 absent
5 absent
6 absent
7 62

Left
71 02x
64 75x
75 06x
Best: AND-NOT71: 1

Right
62 51x
Best: AND-NOT62: 1

OR-NOT
01 101011101 6
12 111111011 8
23 011010110 5
34 111101111 8
45 110111111 8
56 111110111 8
67 100111111 7
70 011111110 7

02 101111001 6
13 111110110 7
24 011000110 4 match 3
35 111101111 8
46 111111111 a
57 111111111 a
60 010111110 6
71 011011101 6

03 101010101 5
14 111110110 7
25 111001110 6
36 111101111 8
47 110111111 8
50 011111111 8
61 000111101 5
72 111111001 7

04 101010101 5
15 111111110 8
26 111000111 6
37 111101111 8
40 110111111 8
51 011111111 8
62 100111001 5
73 011010100 4

05 101011101 6
16 111110111 8
27 111101111 8
30 111101111 8
41 110111111 8
52 111111011 8
63 000111100 4
74 011010100 4

06 111010111 7
17 111111111 a
20 011101110 6
31 111101111 8
42 110111011 7 match 5
53 011110111 7
64 001111100 5
75 111011100 6

07 101111111 8
10 111111110 8
21 011001111 6
32 111111011 8
43 110111111 8
54 011110111 7
65 100111100 5
76 111010111 7

Matching output with OR-NOT
0 absent
1 absent
2 absent
3 24
4 absent
5 42
6 absent
7 absent

Left
none
Best: none

Right
none
Best: none

XOR-NOT
01 101011100 5
12 011001011 5
23 011010010 4
34 110101111 7
45 010110111 6
56 100110100 4
67 100010111 5
70 001111110 6

02 001101000 3
13 111100110 6
24 010000010 2
35 011100111 6
46 001111100 5
57 111011100 6
60 010010110 4
71 011011101 6

03 101000101 4
14 110110110 6
25 111001010 5
36 000101100 3
47 010010100 3
50 001011101 5
61 000110101 4
72 111101001 6

04 100010101 4
15 011111110 7
26 100000001 2
37 011000100 3
40 100010101 4
51 011111110 7
62 100000001 2
73 011000100 3

05 001011101 5
16 000110101 4
27 111101001 6
30 101000101 4
41 110110110 6
52 111001010 5
63 000101100 3
74 010010100 3

06 010010110 4
17 011011101 6
20 001101000 3
31 111100110 6
42 010000010 2
53 011100111 6
64 001111100 5
75 111011100 6

07 001111110 6
10 101011100 5
21 011001011 5
32 011010010 4
43 110101111 7
54 010110111 6
65 100110100 4
76 100010111 5

Matching output with XOR-NOT
0 absent
1 absent
2 absent
3 absent
4 absent
5 absent
6 absent
7 absent

Left
none
Best: none

Right
none
Best: none

Selecting

Lefts
Identity none
NOT none
Constant C0: 1
AND AND26: 1
OR none
XOR none
AND-NOT AND-NOT71: 1
OR-NOT none
XOR-NOT none

Rights
Identity I6 I5 I4 I3 I2 I1 I0: 7
NOT none
Constant none
AND AND46: 1
OR none
XOR none
AND-NOT AND-NOT62: 1
OR-NOT none
XOR-NOT none

Left longest: 1
Right longest: 7

Right winner: Identity yes, NOT no, Constant no, AND no, OR no, XOR no, AND-NOT no, OR-NOT no, XOR-NOT no
Left winner: Identity no, NOT no, Constant yes, AND no, OR no, XOR no, AND-NOT no, OR-NOT no, XOR-NOT no

Best right: I6 I5 I4 I3 I2 I1 I0: 7
Best left: C0: 1

Truncated right: I6 I5 I4 I3 I2 I1 I0: 7
Truncated left: C0: 1

Tentative from right
7 I6
6 I5
5 I4
4 I3
3 I2
2 I1
1 I0
0 pending

Tentative
0 C0
1 I0
2 I1
3 I2
4 I3
5 I4
6 I5
7 I6

Preferred from right
7 I6
6 I5
5 I4
4 I3
3 I2
2 I1
1 I0
0 C0

Preferred
0 C0
1 I0
2 I1
3 I2
4 I3
5 I4
6 I5
7 I6

Matching
0 C0
1 I0
2 I1
3 I2
4 I3
5 I4
6 I5
7 I6

Perfect match
Identity no
NOT no
Constant no
AND no
OR no
XOR no
AND-NOT no
OR-NOT no
XOR-NOT no

Matched
0 C0
1 I0
2 I1
3 I2
4 I3
5 I4
6 I5
7 I6

Selected
0 C0
1 I0
2 I1
3 I2
4 I3
5 I4
6 I5
7 I6

Applying to 00001011
Input
0 0
1 0
2 0
3 0
4 1
5 0
6 1
7 1
Output
0 C0 = 0
1 I0 = 0
2 I1 = 0
3 I2 = 0
4 I3 = 0
5 I4 = 1
6 I5 = 0
7 I6 = 1

I will now return the answer in \boxed{}
The answer in \boxed is
\boxed{00000101}
</think>
\boxed{00000101}