We need to deduce the transformation by matching the example outputs.

Output 1: 11111101
0 1
1 1
2 1
3 1
4 1
5 1
6 0
7 1

Output 2: 11111011
0 1
1 1
2 1
3 1
4 1
5 0
6 1
7 1

Output 3: 11111011
0 1
1 1
2 1
3 1
4 1
5 0
6 1
7 1

Output 4: 11111101
0 1
1 1
2 1
3 1
4 1
5 1
6 0
7 1

Output 5: 11111111
0 1
1 1
2 1
3 1
4 1
5 1
6 1
7 1

Output 6: 11111111
0 1
1 1
2 1
3 1
4 1
5 1
6 1
7 1

Output 7: 11111101
0 1
1 1
2 1
3 1
4 1
5 1
6 0
7 1

Output 8: 11111110
0 1
1 1
2 1
3 1
4 1
5 1
6 1
7 0

Output 9: 11111111
0 1
1 1
2 1
3 1
4 1
5 1
6 1
7 1

Output bit columns (with bitsum as hash)
0 111111111 a
1 111111111 a
2 111111111 a
3 111111111 a
4 111111111 a
5 100111111 7
6 011011011 6
7 111111101 8

Input 1: 11001110
0 1
1 1
2 0
3 0
4 1
5 1
6 1
7 0

Input 2: 10111101
0 1
1 0
2 1
3 1
4 1
5 1
6 0
7 1

Input 3: 10001101
0 1
1 0
2 0
3 0
4 1
5 1
6 0
7 1

Input 4: 11000011
0 1
1 1
2 0
3 0
4 0
5 0
6 1
7 1

Input 5: 00000110
0 0
1 0
2 0
3 0
4 0
5 1
6 1
7 0

Input 6: 11111101
0 1
1 1
2 1
3 1
4 1
5 1
6 0
7 1

Input 7: 01001001
0 0
1 1
2 0
3 0
4 1
5 0
6 0
7 1

Input 8: 01100100
0 0
1 1
2 1
3 0
4 0
5 1
6 0
7 0

Input 9: 00110101
0 0
1 0
2 1
3 1
4 0
5 1
6 0
7 1

Identity
0 111101000 5
1 100101110 5
2 010001011 4
3 010001001 3
4 111001100 5
5 111011011 7
6 100110000 3
7 011101101 6

Matching output with Identity
0 absent
1 absent
2 absent
3 absent
4 absent
5 absent
6 absent
7 absent

Left
none
Best: none

Right
none
Best: none

NOT
0 000010111 4
1 011010001 4
2 101110100 5
3 101110110 6
4 000110011 4
5 000100100 2
6 011001111 6
7 100010010 3

Matching output with NOT
0 absent
1 absent
2 absent
3 absent
4 absent
5 absent
6 absent
7 absent

Left
none
Best: none

Right
none
Best: none

Constant
0 000000000 a
1 111111111 a match 0 1 2 3 4

Matching output with Constant
0 C1
1 C1
2 C1
3 C1
4 C1
5 absent
6 absent
7 absent

Left
1 1 1 1 1
Best: C1 C1 C1 C1 C1: 5

Right
none
Best: none

AND
01 10 100101000 3
12 21 000001010 2
23 32 010001001 3
34 43 010001000 2
45 54 111001000 4
56 65 100010000 2
67 76 000100000 1
70 07 011101000 4

02 20 010001000 2
13 31 000001000 1
24 42 010001000 2
35 53 010001001 3
46 64 100000000 1
57 75 011001001 4
60 06 100100000 2
71 17 000101100 3

03 30 010001000 2
14 41 100001100 3
25 52 010001011 4
36 63 000000000 a
47 74 011001100 4
50 05 111001000 4
61 16 100100000 2
72 27 010001001 3

04 40 111001000 4
15 51 100001010 3
26 62 000000000 a
37 73 010001001 3

Matching output with AND
0 absent
1 absent
2 absent
3 absent
4 absent
5 absent
6 absent
7 absent

Left
none
Best: none

Right
none
Best: none

OR
01 10 111101110 7
12 21 110101111 7
23 32 010001011 4
34 43 111001101 6
45 54 111011111 8
56 65 111111011 8
67 76 111111101 8 match 7
70 07 111101101 7

02 20 111101011 7
13 31 110101111 7
24 42 111001111 7
35 53 111011011 7
46 64 111111100 7
57 75 111111111 a match 0 1 2 3 4
60 06 111111000 6
71 17 111101111 8

03 30 111101001 6
14 41 111101110 7
25 52 111011011 7
36 63 110111001 6
47 74 111101101 7
50 05 111111011 8
61 16 100111110 6
72 27 011101111 7

04 40 111101100 6
15 51 111111111 a match 0 1 2 3 4
26 62 110111011 7
37 73 011101101 6

Matching output with OR
0 57 75 15 51
1 57 75 15 51
2 57 75 15 51
3 57 75 15 51
4 57 75 15 51
5 absent
6 absent
7 67 76

Left
57 60x
75 06x
15 26x
51 62x
Best: OR57: 1

Right
67 56x
76 65x
Best: OR67: 1

XOR
01 10 011000110 4
12 21 110100101 5
23 32 000000010 1
34 43 101000101 4
45 54 000010111 4
56 65 011101011 6
67 76 111011101 7
70 07 100000101 3

02 20 101100011 5
13 31 110100111 6
24 42 101000111 5
35 53 101010010 4
46 64 011111100 6
57 75 100110110 5
60 06 011011000 4
71 17 111000011 5

03 30 101100001 4
14 41 011100010 4
25 52 101010000 3
36 63 110111001 6
47 74 100100001 3
50 05 000110011 4
61 16 000011110 4
72 27 001100110 4

04 40 000100100 2
15 51 011110101 6
26 62 110111011 7
37 73 001100100 3

Matching output with XOR
0 absent
1 absent
2 absent
3 absent
4 absent
5 absent
6 absent
7 absent

Left
none
Best: none

Right
none
Best: none

AND-NOT
01 011000000 2
12 100100100 3
23 000000010 1
34 000000001 1
45 000000100 1
56 011001011 5
67 100010000 2
70 000000101 2

02 101100000 3
13 100100110 4
24 000000011 2
35 000000000 a
46 011001100 4
57 100010010 3
60 000010000 1
71 011000001 3

03 101100000 3
14 000100010 2
25 000000000 a
36 010001001 3
47 100000000 1
50 000010011 3
61 000010000 1
72 001100100 3

04 000100000 1
15 000100100 2
26 010001011 4
37 000000000 a
40 000000100 1
51 011010001 4
62 100110000 3
73 001100100 3

05 000100000 1
16 000001110 3
27 000000010 1
30 000000001 1
41 011000000 2
52 101010000 3
63 100110000 3
74 000100001 2

06 011001000 3
17 100000010 2
20 000000011 2
31 010000001 2
42 101000100 3
53 101010010 4
64 000110000 2
75 000100100 2

07 100000000 1
10 000000110 2
21 010000001 2
32 000000000 a
43 101000100 3
54 000010011 3
65 000100000 1
76 011001101 5

Matching output with AND-NOT
0 absent
1 absent
2 absent
3 absent
4 absent
5 absent
6 absent
7 absent

Left
none
Best: none

Right
none
Best: none

OR-NOT
01 111111001 7
12 101111110 7
23 111111111 a match 0 1 2 3 4
34 010111011 6
45 111101100 6
56 111011111 8
67 100110010 4
70 011111111 8

02 111111100 7
13 101111110 7
24 010111011 6
35 010101101 5
46 111001111 7
57 111011011 7
60 100110111 6
71 011111101 7

03 111111110 8
14 100111111 7 match 5
25 010101111 6
36 011001111 6
47 111011110 7
50 111011111 8
61 111110001 6
72 111111101 8 match 7

04 111111011 8
15 100101110 5
26 011001111 6
37 110011011 6
40 111011111 8
51 111011011 7
62 101110100 5
73 111111111 a match 0 1 2 3 4

05 111101100 6
16 111101111 8
27 110011011 6
30 010011111 6
41 111011101 7
52 111111111 a match 0 1 2 3 4
63 101110110 6
74 011111111 8

06 111101111 8
17 100111110 6
20 010011111 6
31 011011001 5
42 111111100 7
53 111111111 a match 0 1 2 3 4
64 100110011 5
75 011101101 6

07 111111010 7
10 100111111 7 match 5
21 011011011 6 match 6
32 111111101 8 match 7
43 111111110 8
54 111111011 8
65 100110100 4
76 011101111 7

Matching output with OR-NOT
0 23 73 52 53
1 23 73 52 53
2 23 73 52 53
3 23 73 52 53
4 23 73 52 53
5 14 10
6 21
7 72 32

Left
23 34x
73 04x
52 63x
53 64x
Best: OR-NOT23: 1

Right
72 61x
32 21 10 07x
Best: OR-NOT32 OR-NOT21 OR-NOT10: 3

XOR-NOT
01 100111001 5
12 001011010 4
23 111111101 8 match 7
34 010111010 5
45 111101000 5
56 100010100 3
67 000100010 2
70 011111010 6

02 010011100 4
13 001011000 3
24 010111000 4
35 010101101 5
46 100000011 3
57 011001001 4
60 100100111 5
71 000111100 4

03 010011110 5
14 100011101 5
25 010101111 6
36 001000110 3
47 011011110 6
50 111001100 5
61 111100001 5
72 110011001 5

04 111011011 7
15 100001010 3
26 001000100 2
37 110011011 6
40 111011011 7
51 100001010 3
62 001000100 2
73 110011011 6

05 111001100 5
16 111100001 5
27 110011001 5
30 010011110 5
41 100011101 5
52 010101111 6
63 001000110 3
74 011011110 6

06 100100111 5
17 000111100 4
20 010011100 4
31 001011000 3
42 010111000 4
53 010101101 5
64 100000011 3
75 011001001 4

07 011111010 6
10 100111001 5
21 001011010 4
32 111111101 8 match 7
43 010111010 5
54 111101000 5
65 100010100 3
76 000100010 2

Matching output with XOR-NOT
0 absent
1 absent
2 absent
3 absent
4 absent
5 absent
6 absent
7 23 32

Left
none
Best: none

Right
23 12x
32 21x
Best: XOR-NOT23: 1

Selecting

Lefts
Identity none
NOT none
Constant C1 C1 C1 C1 C1: 5
AND none
OR OR57: 1
XOR none
AND-NOT none
OR-NOT OR-NOT23: 1
XOR-NOT none

Rights
Identity none
NOT none
Constant none
AND none
OR OR67: 1
XOR none
AND-NOT none
OR-NOT OR-NOT32 OR-NOT21 OR-NOT10: 3
XOR-NOT XOR-NOT23: 1

Left longest: 5
Right longest: 3

Left winner: Identity no, NOT no, Constant yes, AND no, OR no, XOR no, AND-NOT no, OR-NOT no, XOR-NOT no
Right winner: Identity no, NOT no, Constant no, AND no, OR no, XOR no, AND-NOT no, OR-NOT yes, XOR-NOT no

Best left: C1 C1 C1 C1 C1: 5
Best right: OR-NOT32 OR-NOT21 OR-NOT10: 3

Truncated left: C1 C1 C1 C1 C1: 5
Truncated right: OR-NOT32 OR-NOT21 OR-NOT10: 3

Tentative from right
7 OR-NOT32
6 OR-NOT21
5 OR-NOT10
4 pending
3 pending
2 pending
1 pending
0 pending

Tentative
0 C1
1 C1
2 C1
3 C1
4 C1
5 OR-NOT10
6 OR-NOT21
7 OR-NOT32

Preferred from left
0 C1
1 C1
2 C1
3 C1
4 C1
5 OR-NOT10
6 OR-NOT21
7 OR-NOT32

Preferred
0 C1
1 C1
2 C1
3 C1
4 C1
5 OR-NOT10
6 OR-NOT21
7 OR-NOT32

Matching
0 C1
1 C1
2 C1
3 C1
4 C1
5 OR-NOT10
6 OR-NOT21
7 OR-NOT32

Perfect match
Identity no
NOT no
Constant no
AND no
OR no
XOR no
AND-NOT no
OR-NOT no
XOR-NOT no

Matched
0 C1
1 C1
2 C1
3 C1
4 C1
5 OR-NOT10
6 OR-NOT21
7 OR-NOT32

Selected
0 C1
1 C1
2 C1
3 C1
4 C1
5 OR-NOT10
6 OR-NOT21
7 OR-NOT32

Applying to 10010101
Input
0 1
1 0
2 0
3 1
4 0
5 1
6 0
7 1
Output
0 C1 = 1
1 C1 = 1
2 C1 = 1
3 C1 = 1
4 C1 = 1
5 OR-NOT10 = OR(0,NOT(1)) = 0
6 OR-NOT21 = OR(0,NOT(0)) = 1
7 OR-NOT32 = OR(1,NOT(0)) = 1

I will now return the answer in \boxed{}
The answer in \boxed is
\boxed{11111011}
</think>
\boxed{11111011}