We need to deduce the transformation by matching the example outputs.

Output 1: 00000000
0 0
1 0
2 0
3 0
4 0
5 0
6 0
7 0

Output 2: 00000000
0 0
1 0
2 0
3 0
4 0
5 0
6 0
7 0

Output 3: 10011000
0 1
1 0
2 0
3 1
4 1
5 0
6 0
7 0

Output 4: 00000000
0 0
1 0
2 0
3 0
4 0
5 0
6 0
7 0

Output 5: 00010000
0 0
1 0
2 0
3 1
4 0
5 0
6 0
7 0

Output 6: 00100000
0 0
1 0
2 1
3 0
4 0
5 0
6 0
7 0

Output 7: 10001000
0 1
1 0
2 0
3 0
4 1
5 0
6 0
7 0

Output 8: 01000000
0 0
1 1
2 0
3 0
4 0
5 0
6 0
7 0

Output 9: 01000000
0 0
1 1
2 0
3 0
4 0
5 0
6 0
7 0

Output bit columns (with bitsum as hash)
0 001000100 2
1 000000011 2
2 000001000 1
3 001010000 2
4 001000100 2
5 000000000 a
6 000000000 a
7 000000000 a

Input 1: 11100001
0 1
1 1
2 1
3 0
4 0
5 0
6 0
7 1

Input 2: 00010000
0 0
1 0
2 0
3 1
4 0
5 0
6 0
7 0

Input 3: 10110111
0 1
1 0
2 1
3 1
4 0
5 1
6 1
7 1

Input 4: 01000001
0 0
1 1
2 0
3 0
4 0
5 0
6 0
7 1

Input 5: 00101111
0 0
1 0
2 1
3 0
4 1
5 1
6 1
7 1

Input 6: 11110100
0 1
1 1
2 1
3 1
4 0
5 1
6 0
7 0

Input 7: 01110001
0 0
1 1
2 1
3 1
4 0
5 0
6 0
7 1

Input 8: 10001100
0 1
1 0
2 0
3 0
4 1
5 1
6 0
7 0

Input 9: 10001111
0 1
1 0
2 0
3 0
4 1
5 1
6 1
7 1

Identity
0 101001011 5
1 100101100 4
2 101011100 5
3 011001100 4
4 000010011 3
5 001011011 5
6 001010001 3
7 101110101 6

Matching output with Identity
0 absent
1 absent
2 absent
3 absent
4 absent
5 absent
6 absent
7 absent

Left
none
Best: none

Right
none
Best: none

NOT
0 010110100 4
1 011010011 5
2 010100011 4
3 100110011 5
4 111101100 6
5 110100100 4
6 110101110 6
7 010001010 3

Matching output with NOT
0 absent
1 absent
2 absent
3 absent
4 absent
5 absent
6 absent
7 absent

Left
none
Best: none

Right
none
Best: none

Constant
0 000000000 a match 5 6 7
1 111111111 a

Matching output with Constant
0 absent
1 absent
2 absent
3 absent
4 absent
5 C0
6 C0
7 C0

Left
none
Best: none

Right
0 0 0
Best: C0 C0 C0: 3

AND
01 10 100001000 2
12 21 100001100 3
23 32 001001100 3
34 43 000000000 a match 5 6 7
45 54 000010011 3
56 65 001010001 3
67 76 001010001 3
70 07 101000001 3

02 20 101001000 3
13 31 000001100 2
24 42 000010000 1
35 53 001001000 2
46 64 000010001 2
57 75 001010001 3
60 06 001000001 2
71 17 100100100 3

03 30 001001000 2
14 41 000000000 a match 5 6 7
25 52 001011000 3
36 63 001000000 1
47 74 000010001 2
50 05 001001011 4
61 16 000000000 a match 5 6 7
72 27 101010100 4

04 40 000000011 2 match 1
15 51 000001000 1 match 2
26 62 001010000 2 match 3
37 73 001000100 2 match 0 4

Matching output with AND
0 37 73
1 04 40
2 15 51
3 26 62
4 37 73
5 34 43 14 41 16 61
6 34 43 14 41 16 61
7 34 43 14 41 16 61

Left
37 40 51 62 73 04x
73 04 15 26 37 40x
Best: AND37 AND40 AND51 AND62 AND73: 5

Right
34 23x
43 32x
14 03x
41 30x
16 05x
61 50x
Best: AND34: 1

OR
01 10 101101111 7
12 21 101111100 6
23 32 111011100 6
34 43 011011111 7
45 54 001011011 5
56 65 001011011 5
67 76 101110101 6
70 07 101111111 8

02 20 101011111 7
13 31 111101100 6
24 42 101011111 7
35 53 011011111 7
46 64 001010011 4
57 75 101111111 8
60 06 101011011 6
71 17 101111101 7

03 30 111001111 7
14 41 100111111 7
25 52 101011111 7
36 63 011011101 6
47 74 101110111 7
50 05 101011011 6
61 16 101111101 7
72 27 101111101 7

04 40 101011011 6
15 51 101111111 8
26 62 101011101 6
37 73 111111101 8

Matching output with OR
0 absent
1 absent
2 absent
3 absent
4 absent
5 absent
6 absent
7 absent

Left
none
Best: none

Right
none
Best: none

XOR
01 10 001100111 5
12 21 001110000 3
23 32 110010000 3
34 43 011011111 7
45 54 001001000 2
56 65 000001010 2
67 76 100100100 3
70 07 000111110 5

02 20 000010111 4
13 31 111100000 4
24 42 101001111 6
35 53 010010111 5
46 64 001000010 2
57 75 100101110 5
60 06 100011010 4
71 17 001011001 4

03 30 110000111 5
14 41 100111111 7
25 52 100000111 4
36 63 010011101 5
47 74 101100110 5
50 05 100010000 2
61 16 101111101 7
72 27 000101001 3

04 40 101011000 4
15 51 101110111 7
26 62 100001101 4
37 73 110111001 6

Matching output with XOR
0 absent
1 absent
2 absent
3 absent
4 absent
5 absent
6 absent
7 absent

Left
none
Best: none

Right
none
Best: none

AND-NOT
01 001000011 3
12 000100000 1
23 100010000 2
34 011001100 4
45 000000000 a match 5 6 7
56 000001010 2
67 000000000 a match 5 6 7
70 000110100 3

02 000000011 2 match 1
13 100100000 2
24 101001100 4
35 010000100 2
46 000000010 1
57 000001010 2
60 000010000 1
71 001010001 3

03 100000011 3
14 100101100 4
25 100000100 2
36 010001100 3
47 000000010 1
50 000010000 1
61 001010001 3
72 000100001 2

04 101001000 3
15 100100100 3
26 100001100 3
37 010001000 2
40 000010000 1
51 001010011 4
62 000000001 1
73 100110001 4

05 100000000 1
16 100101100 4
27 000001000 1 match 2
30 010000100 2
41 000010011 3
52 000000011 2 match 1
63 000010001 2
74 101100100 4

06 100001010 3
17 000001000 1 match 2
20 000010100 2
31 011000000 2
42 000000011 2 match 1
53 000010011 3
64 001000000 1
75 100100100 3

07 000001010 2
10 000100100 2
21 001010000 2 match 3
32 010000000 1
43 000010011 3
54 001001000 2
65 000000000 a match 5 6 7
76 100100100 3

Matching output with AND-NOT
0 absent
1 02 52 42
2 27 17
3 21
4 absent
5 45 67 65
6 45 67 65
7 45 67 65

Left
none
Best: none

Right
45 34x
67 56x
65 54x
Best: AND-NOT45: 1

OR-NOT
01 111011011 7
12 110101111 7
23 101111111 8
34 111101100 6
45 110110111 7
56 111111111 a
67 011011011 6
70 111110101 7

02 111101011 7
13 100111111 7
24 111111100 7
35 111101100 6
46 110111111 8
57 011011011 6
60 011110101 6
71 111110111 8

03 101111011 7
14 111101100 6
25 111111100 7
36 111101110 7
47 010011011 5
50 011111111 8
61 011010011 5
72 111110111 8

04 111101111 8
15 110101100 5
26 111111110 8
37 011001110 5
40 010110111 6
51 011011011 6
62 011110011 6
73 101110111 7

05 111101111 8
16 110101110 6
27 111011110 7
30 011111100 6
41 011010011 5
52 011111011 7
63 101110011 6
74 111111101 8

06 111101111 8
17 110101110 6
20 111111100 7
31 011011111 7
42 010110011 5
53 101111011 7
64 111111101 8
75 111110101 7

07 111001011 6
10 110111100 6
21 111011111 8
32 011101111 7
43 100110011 5
54 111111111 a
65 111110101 7
76 111111111 a

Matching output with OR-NOT
0 absent
1 absent
2 absent
3 absent
4 absent
5 absent
6 absent
7 absent

Left
none
Best: none

Right
none
Best: none

XOR-NOT
01 110011000 4
12 110001111 6
23 001101111 6
34 100100000 2
45 110110111 7
56 111110101 7
67 011011011 6
70 111000001 4

02 111101000 5
13 000011111 5
24 010110000 3
35 101101000 4
46 110111101 7
57 011010001 4
60 011100101 5
71 110100110 5

03 001111000 4
14 011000000 2
25 011111000 5
36 101100010 4
47 010011001 4
50 011101111 7
61 010000010 2
72 111010110 6

04 010100111 5
15 010001000 2
26 011110010 5
37 001000110 3
40 010100111 5
51 010001000 2
62 011110010 5
73 001000110 3

05 011101111 7
16 010000010 2
27 111010110 6
30 001111000 4
41 011000000 2
52 011111000 5
63 101100010 4
74 010011001 4

06 011100101 5
17 110100110 5
20 111101000 5
31 000011111 5
42 010110000 3
53 101101000 4
64 110111101 7
75 011010001 4

07 111000001 4
10 110011000 4
21 110001111 6
32 001101111 6
43 100100000 2
54 110110111 7
65 111110101 7
76 011011011 6

Matching output with XOR-NOT
0 absent
1 absent
2 absent
3 absent
4 absent
5 absent
6 absent
7 absent

Left
none
Best: none

Right
none
Best: none

Selecting

Lefts
Identity none
NOT none
Constant none
AND AND37 AND40 AND51 AND62 AND73: 5
OR none
XOR none
AND-NOT none
OR-NOT none
XOR-NOT none

Rights
Identity none
NOT none
Constant C0 C0 C0: 3
AND AND34: 1
OR none
XOR none
AND-NOT AND-NOT45: 1
OR-NOT none
XOR-NOT none

Left longest: 5
Right longest: 3

Left winner: Identity no, NOT no, Constant no, AND yes, OR no, XOR no, AND-NOT no, OR-NOT no, XOR-NOT no
Right winner: Identity no, NOT no, Constant yes, AND no, OR no, XOR no, AND-NOT no, OR-NOT no, XOR-NOT no

Best left: AND37 AND40 AND51 AND62 AND73: 5
Best right: C0 C0 C0: 3

Truncated left: AND37 AND40 AND51 AND62 AND73: 5
Truncated right: C0 C0 C0: 3

Tentative from right
7 C0
6 C0
5 C0
4 pending
3 pending
2 pending
1 pending
0 pending

Tentative
0 AND37
1 AND40
2 AND51
3 AND62
4 AND73
5 C0
6 C0
7 C0

Preferred from left
0 AND37
1 AND40
2 AND51
3 AND62
4 AND73
5 C0
6 C0
7 C0

Preferred
0 AND37
1 AND40
2 AND51
3 AND62
4 AND73
5 C0
6 C0
7 C0

Matching
0 AND37
1 AND40
2 AND51
3 AND62
4 AND73
5 C0
6 C0
7 C0

Perfect match
Identity no
NOT no
Constant no
AND no
OR no
XOR no
AND-NOT no
OR-NOT no
XOR-NOT no

Matched
0 AND37
1 AND40
2 AND51
3 AND62
4 AND73
5 C0
6 C0
7 C0

Selected
0 AND37
1 AND40
2 AND51
3 AND62
4 AND73
5 C0
6 C0
7 C0

Applying to 10000110
Input
0 1
1 0
2 0
3 0
4 0
5 1
6 1
7 0
Output
0 AND37 = AND(0,0) = 0
1 AND40 = AND(0,1) = 0
2 AND51 = AND(1,0) = 0
3 AND62 = AND(1,0) = 0
4 AND73 = AND(0,0) = 0
5 C0 = 0
6 C0 = 0
7 C0 = 0

I will now return the answer in \boxed{}
The answer in \boxed is
\boxed{00000000}
</think>
\boxed{00000000}