We need to deduce the transformation by matching the example outputs.

Output 1: 01100001
0 0
1 1
2 1
3 0
4 0
5 0
6 0
7 1

Output 2: 10010100
0 1
1 0
2 0
3 1
4 0
5 1
6 0
7 0

Output 3: 11000011
0 1
1 1
2 0
3 0
4 0
5 0
6 1
7 1

Output 4: 00110111
0 0
1 0
2 1
3 1
4 0
5 1
6 1
7 1

Output 5: 10111001
0 1
1 0
2 1
3 1
4 1
5 0
6 0
7 1

Output 6: 10111011
0 1
1 0
2 1
3 1
4 1
5 0
6 1
7 1

Output 7: 01100010
0 0
1 1
2 1
3 0
4 0
5 0
6 1
7 0

Output bit columns (with bitsum as hash)
0 0110110 4
1 1010001 3
2 1001111 5
3 0101110 4
4 0000110 2
5 0101000 2
6 0011011 4
7 1011110 5

Input 1: 11101111
0 1
1 1
2 1
3 0
4 1
5 1
6 1
7 1

Input 2: 10111001
0 1
1 0
2 1
3 1
4 1
5 0
6 0
7 1

Input 3: 01011111
0 0
1 1
2 0
3 1
4 1
5 1
6 1
7 1

Input 4: 11110110
0 1
1 1
2 1
3 1
4 0
5 1
6 1
7 0

Input 5: 11001011
0 1
1 1
2 0
3 0
4 1
5 0
6 1
7 1

Input 6: 01001011
0 0
1 1
2 0
3 0
4 1
5 0
6 1
7 1

Input 7: 10010000
0 1
1 0
2 0
3 1
4 0
5 0
6 0
7 0

Identity
0 1101101 5
1 1011110 5 match 7
2 1101000 3
3 0111001 4
4 1110110 5
5 1011000 3
6 1011110 5 match 7
7 1110110 5

Matching output with Identity
0 absent
1 absent
2 absent
3 absent
4 absent
5 absent
6 absent
7 1 6

Left
none
Best: none

Right
1 0x
6 5x
Best: I1: 1

NOT
0 0010010 2
1 0100001 2
2 0010111 4
3 1000110 3
4 0001001 2
5 0100111 4
6 0100001 2
7 0001001 2

Matching output with NOT
0 absent
1 absent
2 absent
3 absent
4 absent
5 absent
6 absent
7 absent

Left
none
Best: none

Right
none
Best: none

Constant
0 0000000 a
1 1111111 a

Matching output with Constant
0 absent
1 absent
2 absent
3 absent
4 absent
5 absent
6 absent
7 absent

Left
none
Best: none

Right
none
Best: none

AND
01 10 1001100 3
12 21 1001000 2
23 32 0101000 2 match 5
34 43 0110000 2
45 54 1010000 2
56 65 1011000 3
67 76 1010110 4
70 07 1100100 3

02 20 1101000 3
13 31 0011000 2
24 42 1100000 2
35 53 0011000 2
46 64 1010110 4
57 75 1010000 2
60 06 1001100 3
71 17 1010110 4

03 30 0101001 3
14 41 1010110 4
25 52 1001000 2
36 63 0011000 2
47 74 1110110 5
50 05 1001000 2
61 16 1011110 5 match 7
72 27 1100000 2

04 40 1100100 3
15 51 1011000 3
26 62 1001000 2
37 73 0110000 2

Matching output with AND
0 absent
1 absent
2 absent
3 absent
4 absent
5 23 32
6 absent
7 16 61

Left
none
Best: none

Right
16 05x
61 50x
Best: AND16: 1

OR
01 10 1111111 a
12 21 1111110 6
23 32 1111001 5
34 43 1111111 a
45 54 1111110 6
56 65 1011110 5 match 7
67 76 1111110 6
70 07 1111111 a

02 20 1101101 5
13 31 1111111 a
24 42 1111110 6
35 53 1111001 5
46 64 1111110 6
57 75 1111110 6
60 06 1111111 a
71 17 1111110 6

03 30 1111101 6
14 41 1111110 6
25 52 1111000 4
36 63 1111111 a
47 74 1110110 5
50 05 1111101 6
61 16 1011110 5 match 7
72 27 1111110 6

04 40 1111111 a
15 51 1011110 5 match 7
26 62 1111110 6
37 73 1111111 a

Matching output with OR
0 absent
1 absent
2 absent
3 absent
4 absent
5 absent
6 absent
7 56 65 16 61 15 51

Left
none
Best: none

Right
56 45x
65 54x
16 05x
61 50x
15 04x
51 40x
Best: OR56: 1

XOR
01 10 0110011 4
12 21 0110110 4 match 0
23 32 1010001 3 match 1
34 43 1001111 5 match 2
45 54 0101110 4 match 3
56 65 0000110 2 match 4
67 76 0101000 2 match 5
70 07 0011011 4 match 6

02 20 0000101 2
13 31 1100111 5
24 42 0011110 4
35 53 1100001 3
46 64 0101000 2 match 5
57 75 0101110 4 match 3
60 06 0110011 4
71 17 0101000 2 match 5

03 30 1010100 3
14 41 0101000 2 match 5
25 52 0110000 2
36 63 1100111 5
47 74 0000000 a
50 05 0110101 4
61 16 0000000 a
72 27 0011110 4

04 40 0011011 4 match 6
15 51 0000110 2 match 4
26 62 0110110 4 match 0
37 73 1001111 5 match 2

Matching output with XOR
0 12 21 26 62
1 23 32
2 34 43 37 73
3 45 54 57 75
4 56 65 15 51
5 67 76 46 64 17 71 14 41
6 07 70 04 40
7 absent

Left
12 23 34 45 56 67 70 01x
21 32 43 54 65 76 07 10x
26 37x
62 73x
Best: XOR12 XOR23 XOR34 XOR45 XOR56 XOR67 XOR70: 7

Right
none
Best: none

AND-NOT
01 0100001 2
12 0010110 3
23 1000000 1
34 0001001 2
45 0100110 3
56 0000000 a
67 0001000 1
70 0010010 2

02 0000101 2
13 1000110 3
24 0001000 1
35 0100001 2
46 0100000 1
57 0001000 1
60 0010010 2
71 0100000 1

03 1000100 2
14 0001000 1
25 0100000 1
36 0100001 2
47 0000000 a
50 0010000 1
61 0000000 a
72 0010110 3

04 0001001 2
15 0000110 2 match 4
26 0100000 1
37 0001001 2
40 0010010 2
51 0000000 a
62 0010110 3
73 1000110 3

05 0100101 3
16 0000000 a
27 0001000 1
30 0010000 1
41 0100000 1
52 0010000 1
63 1000110 3
74 0000000 a

06 0100001 2
17 0001000 1
20 0000000 a
31 0100001 2
42 0010110 3
53 1000000 1
64 0001000 1
75 0100110 3

07 0001001 2
10 0010010 2
21 0100000 1
32 0010001 2
43 1000110 3
54 0001000 1
65 0000110 2 match 4
76 0100000 1

Matching output with AND-NOT
0 absent
1 absent
2 absent
3 absent
4 15 65
5 absent
6 absent
7 absent

Left
none
Best: none

Right
none
Best: none

OR-NOT
01 1101101 5
12 1011111 6
23 1101110 5
34 0111001 4
45 1110111 6
56 1111001 5
67 1011111 6
70 1110110 5

02 1111111 a
13 1011110 5 match 7
24 1101001 4
35 0111111 6
46 1110111 6
57 1011001 4
60 1011110 5 match 7
71 1110111 6

03 1101111 6
14 1011111 6
25 1101111 6
36 0111001 4
47 1111111 a
50 1011010 4
61 1111111 a
72 1110111 6

04 1101101 5
15 1111111 a
26 1101001 4
37 0111001 4
40 1110110 5
51 1111001 5
62 1011111 6
73 1110110 5

05 1101111 6
16 1111111 a
27 1101001 4
30 0111011 5
41 1110111 6
52 1011111 6
63 1011110 5 match 7
74 1111111 a

06 1101101 5
17 1011111 6
20 1111010 5
31 0111001 4
42 1110111 6
53 1011110 5 match 7
64 1011111 6
75 1110111 6

07 1101101 5
10 1011110 5 match 7
21 1101001 4
32 0111111 6
43 1110110 5
54 1011001 4
65 1111111 a
76 1110111 6

Matching output with OR-NOT
0 absent
1 absent
2 absent
3 absent
4 absent
5 absent
6 absent
7 13 60 63 53 10

Left
none
Best: none

Right
13 02x
60 57x
63 52x
53 42x
10 07x
Best: OR-NOT13: 1

XOR-NOT
01 1001100 3
12 1001001 3
23 0101110 4 match 3
34 0110000 2
45 1010001 3 match 1
56 1111001 5
67 1010111 5
70 1100100 3

02 1111010 5
13 0011000 2
24 1100001 3
35 0011110 4
46 1010111 5
57 1010001 3 match 1
60 1001100 3
71 1010111 5

03 0101011 4
14 1010111 5
25 1001111 5 match 2
36 0011000 2
47 1111111 a
50 1001010 3
61 1111111 a
72 1100001 3

04 1100100 3
15 1111001 5
26 1001001 3
37 0110000 2
40 1100100 3
51 1111001 5
62 1001001 3
73 0110000 2

05 1001010 3
16 1111111 a
27 1100001 3
30 0101011 4
41 1010111 5
52 1001111 5 match 2
63 0011000 2
74 1111111 a

06 1001100 3
17 1010111 5
20 1111010 5
31 0011000 2
42 1100001 3
53 0011110 4
64 1010111 5
75 1010001 3 match 1

07 1100100 3
10 1001100 3
21 1001001 3
32 0101110 4 match 3
43 0110000 2
54 1010001 3 match 1
65 1111001 5
76 1010111 5

Matching output with XOR-NOT
0 absent
1 45 57 75 54
2 25 52
3 23 32
4 absent
5 absent
6 absent
7 absent

Left
none
Best: none

Right
none
Best: none

Selecting

Lefts
Identity none
NOT none
Constant none
AND none
OR none
XOR XOR12 XOR23 XOR34 XOR45 XOR56 XOR67 XOR70: 7
AND-NOT none
OR-NOT none
XOR-NOT none

Rights
Identity I1: 1
NOT none
Constant none
AND AND16: 1
OR OR56: 1
XOR none
AND-NOT none
OR-NOT OR-NOT13: 1
XOR-NOT none

Left longest: 7
Right longest: 1

Left winner: Identity no, NOT no, Constant no, AND no, OR no, XOR yes, AND-NOT no, OR-NOT no, XOR-NOT no
Right winner: Identity yes, NOT no, Constant no, AND no, OR no, XOR no, AND-NOT no, OR-NOT no, XOR-NOT no

Best left: XOR12 XOR23 XOR34 XOR45 XOR56 XOR67 XOR70: 7
Best right: I1: 1

Truncated left: XOR12 XOR23 XOR34 XOR45 XOR56 XOR67 XOR70: 7
Truncated right: I1: 1

Tentative from right
7 I1
6 pending
5 pending
4 pending
3 pending
2 pending
1 pending
0 pending

Tentative
0 XOR12
1 XOR23
2 XOR34
3 XOR45
4 XOR56
5 XOR67
6 XOR70
7 I1

Preferred from left
0 XOR12
1 XOR23
2 XOR34
3 XOR45
4 XOR56
5 XOR67
6 XOR70
7 I1

Preferred
0 XOR12
1 XOR23
2 XOR34
3 XOR45
4 XOR56
5 XOR67
6 XOR70
7 I1

Matching
0 XOR12
1 XOR23
2 XOR34
3 XOR45
4 XOR56
5 XOR67
6 XOR70
7 I1

Perfect match
Identity no
NOT no
Constant no
AND no
OR no
XOR no
AND-NOT no
OR-NOT no
XOR-NOT no

Matched
0 XOR12
1 XOR23
2 XOR34
3 XOR45
4 XOR56
5 XOR67
6 XOR70
7 I1

Selected
0 XOR12
1 XOR23
2 XOR34
3 XOR45
4 XOR56
5 XOR67
6 XOR70
7 I1

Applying to 11110101
Input
0 1
1 1
2 1
3 1
4 0
5 1
6 0
7 1
Output
0 XOR12 = XOR(1,1) = 0
1 XOR23 = XOR(1,1) = 0
2 XOR34 = XOR(1,0) = 1
3 XOR45 = XOR(0,1) = 1
4 XOR56 = XOR(1,0) = 1
5 XOR67 = XOR(0,1) = 1
6 XOR70 = XOR(1,1) = 0
7 I1 = 1

I will now return the answer in \boxed{}
The answer in \boxed is
\boxed{00111101}
</think>
\boxed{00111101}