We need to deduce the transformation by matching the example outputs.

Output 1: 00000000
0 0
1 0
2 0
3 0
4 0
5 0
6 0
7 0

Output 2: 00000000
0 0
1 0
2 0
3 0
4 0
5 0
6 0
7 0

Output 3: 00000000
0 0
1 0
2 0
3 0
4 0
5 0
6 0
7 0

Output 4: 00000000
0 0
1 0
2 0
3 0
4 0
5 0
6 0
7 0

Output 5: 00000000
0 0
1 0
2 0
3 0
4 0
5 0
6 0
7 0

Output 6: 10000000
0 1
1 0
2 0
3 0
4 0
5 0
6 0
7 0

Output 7: 00000000
0 0
1 0
2 0
3 0
4 0
5 0
6 0
7 0

Output 8: 10000000
0 1
1 0
2 0
3 0
4 0
5 0
6 0
7 0

Output 9: 00000000
0 0
1 0
2 0
3 0
4 0
5 0
6 0
7 0

Output 10: 10000000
0 1
1 0
2 0
3 0
4 0
5 0
6 0
7 0

Output bit columns (with bitsum as hash)
0 0000010101 3
1 0000000000 a
2 0000000000 a
3 0000000000 a
4 0000000000 a
5 0000000000 a
6 0000000000 a
7 0000000000 a

Input 1: 11100100
0 1
1 1
2 1
3 0
4 0
5 1
6 0
7 0

Input 2: 00100001
0 0
1 0
2 1
3 0
4 0
5 0
6 0
7 1

Input 3: 11001011
0 1
1 1
2 0
3 0
4 1
5 0
6 1
7 1

Input 4: 00010110
0 0
1 0
2 0
3 1
4 0
5 1
6 1
7 0

Input 5: 00111110
0 0
1 0
2 1
3 1
4 1
5 1
6 1
7 0

Input 6: 10111011
0 1
1 0
2 1
3 1
4 1
5 0
6 1
7 1

Input 7: 10000001
0 1
1 0
2 0
3 0
4 0
5 0
6 0
7 1

Input 8: 01010011
0 0
1 1
2 0
3 1
4 0
5 0
6 1
7 1

Input 9: 11011100
0 1
1 1
2 0
3 1
4 1
5 1
6 0
7 0

Input 10: 11010011
0 1
1 1
2 0
3 1
4 0
5 0
6 1
7 1

Identity
0 1010011011 6
1 1010000111 5
2 1100110000 4
3 0001110111 6
4 0010110010 4
5 1001100010 4
6 0011110101 6
7 0110011101 6

Matching output with Identity
0 absent
1 absent
2 absent
3 absent
4 absent
5 absent
6 absent
7 absent

Left
none
Best: none

Right
none
Best: none

NOT
0 0101100100 4
1 0101111000 5
2 0011001111 6
3 1110001000 4
4 1101001101 6
5 0110011101 6
6 1100001010 4
7 1001100010 4

Matching output with NOT
0 absent
1 absent
2 absent
3 absent
4 absent
5 absent
6 absent
7 absent

Left
none
Best: none

Right
none
Best: none

Constant
0 0000000000 a match 1 2 3 4 5 6 7
1 1111111111 a

Matching output with Constant
0 absent
1 C0
2 C0
3 C0
4 C0
5 C0
6 C0
7 C0

Left
none
Best: none

Right
0 0 0 0 0 0 0
Best: C0 C0 C0 C0 C0 C0 C0: 7

AND
01 10 1010000011 4
12 21 1000000000 1
23 32 0000110000 2
34 43 0000110010 3
45 54 0000100010 2
56 65 0001100000 2
67 76 0010010101 4
70 07 0010011001 4

02 20 1000010000 2
13 31 0000000111 3
24 42 0000110000 2
35 53 0001100010 3
46 64 0010110000 3
57 75 0000000000 a match 1 2 3 4 5 6 7
60 06 0010010001 3
71 17 0010000101 3

03 30 0000010011 3
14 41 0010000010 2
25 52 1000100000 2
36 63 0001110101 5
47 74 0010010000 2
50 05 1000000010 2
61 16 0010000101 3
72 27 0100010000 2

04 40 0010010010 3
15 51 1000000010 2
26 62 0000110000 2
37 73 0000010101 3 match 0

Matching output with AND
0 37 73
1 57 75
2 57 75
3 57 75
4 57 75
5 57 75
6 57 75
7 57 75

Left
37 40x
73 04x
Best: AND37: 1

Right
57 46x
75 64x
Best: AND57: 1

OR
01 10 1010011111 7
12 21 1110110111 8
23 32 1101110111 8
34 43 0011110111 7
45 54 1011110010 6
56 65 1011110111 8
67 76 0111111101 8
70 07 1110011111 8

02 20 1110111011 8
13 31 1011110111 8
24 42 1110110010 6
35 53 1001110111 7
46 64 0011110111 7
57 75 1111111111 a
60 06 1011111111 9
71 17 1110011111 8

03 30 1011111111 9
14 41 1010110111 7
25 52 1101110010 6
36 63 0011110111 7
47 74 0110111111 8
50 05 1011111011 8
61 16 1011110111 8
72 27 1110111101 8

04 40 1010111011 7
15 51 1011100111 7
26 62 1111110101 8
37 73 0111111111 9

Matching output with OR
0 absent
1 absent
2 absent
3 absent
4 absent
5 absent
6 absent
7 absent

Left
none
Best: none

Right
none
Best: none

XOR
01 10 0000011100 3
12 21 0110110111 7
23 32 1101000111 6
34 43 0011000101 4
45 54 1011010000 4
56 65 1010010111 6
67 76 0101101000 4
70 07 1100000110 4

02 20 0110101011 6
13 31 1011110000 5
24 42 1110000010 4
35 53 1000010101 4
46 64 0001000111 4
57 75 1111111111 a
60 06 1001101110 6
71 17 1100011010 5

03 30 1011101100 6
14 41 1000110101 5
25 52 0101010010 4
36 63 0010000010 2
47 74 0100101111 6
50 05 0011111001 6
61 16 1001110010 5
72 27 1010101101 6

04 40 1000101001 4
15 51 0011100101 5
26 62 1111000101 6
37 73 0111101010 6

Matching output with XOR
0 absent
1 absent
2 absent
3 absent
4 absent
5 absent
6 absent
7 absent

Left
none
Best: none

Right
none
Best: none

AND-NOT
01 0000011000 2
12 0010000111 4
23 1100000000 2
34 0001000101 3
45 0010010000 2
56 1000000010 2
67 0001100000 2
70 0100000100 2

02 0010001011 4
13 1010000000 2
24 1100000000 2
35 0000010101 3 match 0
46 0000000010 1
57 1001100010 4
60 0001100100 3
71 0100011000 3

03 1010001000 3
14 1000000101 3
25 0100010000 2
36 0000000010 1
47 0000100010 2
50 0001100000 2
61 0001110000 3
72 0010001101 4

04 1000001001 3
15 0010000101 3
26 1100000000 2
37 0001100010 3
40 0000100000 1
51 0001100000 2
62 0011000101 4
73 0110001000 3

05 0010011001 4
16 1000000010 2
27 1000100000 2
30 0001100100 3
41 0000110000 2
52 0001000010 2
63 0010000000 1
74 0100001101 4

06 1000001010 3
17 1000000010 2
20 0100100000 2
31 0001110000 3
42 0010000010 2
53 1000000000 1
64 0001000101 3
75 0110011101 6

07 1000000010 2
10 0000000100 1
21 0100110000 3
32 0001000111 4
43 0010000000 1
54 1001000000 2
65 0010010101 4
76 0100001000 2

Matching output with AND-NOT
0 35
1 absent
2 absent
3 absent
4 absent
5 absent
6 absent
7 absent

Left
35 46x
Best: AND-NOT35: 1

Right
none
Best: none

OR-NOT
01 1111111011 9
12 1011001111 7
23 1110111000 6
34 1101111111 9
45 0110111111 8
56 1101101010 6
67 1011110111 8
70 0111111101 8

02 1011011111 8
13 1110001111 7
24 1101111101 8
35 0111111111 9
46 1110111010 7
57 1001100010 4
60 0111110101 7
71 0111111101 8

03 1110011011 7
14 1111001111 8
25 1110111101 8
36 1101111111 9
47 1011110010 6
50 1101100110 6
61 0111111101 8
72 0111011111 8

04 1111011111 9
15 1110011111 8
26 1100111010 6
37 1001110111 7
40 0111110110 7
51 1101111010 7
62 0011111111 8
73 1110011101 7

05 1110011111 8
16 1110001111 7
27 1101110010 6
30 0101110111 7
41 0111111010 7
52 1011101111 8
63 1111111101 9
74 1111011101 8

06 1110011011 7
17 1011100111 7
20 1101110100 6
31 0101111111 8
42 0011111111 8
53 1111101010 7
64 1111111101 9
75 0110011101 6

07 1011111011 8
10 1111100111 8
21 1101111000 6
32 0011111111 8
43 1110111010 7
54 1101101111 8
65 0111111101 8
76 1110011111 8

Matching output with OR-NOT
0 absent
1 absent
2 absent
3 absent
4 absent
5 absent
6 absent
7 absent

Left
none
Best: none

Right
none
Best: none

XOR-NOT
01 1111100011 7
12 1001001000 3
23 0010111000 4
34 1100111010 6
45 0100101111 6
56 0101101000 4
67 1010010111 6
70 0011111001 6

02 1001010100 4
13 0100001111 5
24 0001111101 6
35 0111101010 6
46 1110111000 6
57 0000000000 a match 1 2 3 4 5 6 7
60 0110010001 4
71 0011100101 5

03 0100010011 4
14 0111001010 5
25 1010101101 6
36 1101111101 8
47 1011010000 4
50 1100000110 4
61 0110001101 5
72 0101010010 4

04 0111010110 6
15 1100011010 5
26 0000111010 4
37 1000010101 4
40 0111010110 6
51 1100011010 5
62 0000111010 4
73 1000010101 4

05 1100000110 4
16 0110001101 5
27 0101010010 4
30 0100010011 4
41 0111001010 5
52 1010101101 6
63 1101111101 8
74 1011010000 4

06 0110010001 4
17 0011100101 5
20 1001010100 4
31 0100001111 5
42 0001111101 6
53 0111101010 6
64 1110111000 6
75 0000000000 a match 1 2 3 4 5 6 7

07 0011111001 6
10 1111100011 7
21 1001001000 3
32 0010111000 4
43 1100111010 6
54 0100101111 6
65 0101101000 4
76 1010010111 6

Matching output with XOR-NOT
0 absent
1 57 75
2 57 75
3 57 75
4 57 75
5 57 75
6 57 75
7 57 75

Left
none
Best: none

Right
57 46x
75 64x
Best: XOR-NOT57: 1

Selecting

Lefts
Identity none
NOT none
Constant none
AND AND37: 1
OR none
XOR none
AND-NOT AND-NOT35: 1
OR-NOT none
XOR-NOT none

Rights
Identity none
NOT none
Constant C0 C0 C0 C0 C0 C0 C0: 7
AND AND57: 1
OR none
XOR none
AND-NOT none
OR-NOT none
XOR-NOT XOR-NOT57: 1

Left longest: 1
Right longest: 7

Right winner: Identity no, NOT no, Constant yes, AND no, OR no, XOR no, AND-NOT no, OR-NOT no, XOR-NOT no
Left winner: Identity no, NOT no, Constant no, AND yes, OR no, XOR no, AND-NOT no, OR-NOT no, XOR-NOT no

Best right: C0 C0 C0 C0 C0 C0 C0: 7
Best left: AND37: 1

Truncated right: C0 C0 C0 C0 C0 C0 C0: 7
Truncated left: AND37: 1

Tentative from right
7 C0
6 C0
5 C0
4 C0
3 C0
2 C0
1 C0
0 pending

Tentative
0 AND37
1 C0
2 C0
3 C0
4 C0
5 C0
6 C0
7 C0

Preferred from right
7 C0
6 C0
5 C0
4 C0
3 C0
2 C0
1 C0
0 AND37

Preferred
0 AND37
1 C0
2 C0
3 C0
4 C0
5 C0
6 C0
7 C0

Matching
0 AND37
1 C0
2 C0
3 C0
4 C0
5 C0
6 C0
7 C0

Perfect match
Identity no
NOT no
Constant no
AND no
OR no
XOR no
AND-NOT no
OR-NOT no
XOR-NOT no

Matched
0 AND37
1 C0
2 C0
3 C0
4 C0
5 C0
6 C0
7 C0

Selected
0 AND37
1 C0
2 C0
3 C0
4 C0
5 C0
6 C0
7 C0

Applying to 00110011
Input
0 0
1 0
2 1
3 1
4 0
5 0
6 1
7 1
Output
0 AND37 = AND(1,1) = 1
1 C0 = 0
2 C0 = 0
3 C0 = 0
4 C0 = 0
5 C0 = 0
6 C0 = 0
7 C0 = 0

I will now return the answer in \boxed{}
The answer in \boxed is
\boxed{10000000}
</think>
\boxed{10000000}