We need to deduce the transformation by matching the example outputs.

Output 1: 01111000
0 0
1 1
2 1
3 1
4 1
5 0
6 0
7 0

Output 2: 01111001
0 0
1 1
2 1
3 1
4 1
5 0
6 0
7 1

Output 3: 10100001
0 1
1 0
2 1
3 0
4 0
5 0
6 0
7 1

Output 4: 11011101
0 1
1 1
2 0
3 1
4 1
5 1
6 0
7 1

Output 5: 10010110
0 1
1 0
2 0
3 1
4 0
5 1
6 1
7 0

Output 6: 11001101
0 1
1 1
2 0
3 0
4 1
5 1
6 0
7 1

Output 7: 10101000
0 1
1 0
2 1
3 0
4 1
5 0
6 0
7 0

Output 8: 00001111
0 0
1 0
2 0
3 0
4 1
5 1
6 1
7 1

Output 9: 10100111
0 1
1 0
2 1
3 0
4 0
5 1
6 1
7 1

Output 10: 01010000
0 0
1 1
2 0
3 1
4 0
5 0
6 0
7 0

Output bit columns (with bitsum as hash)
0 0011111010 6
1 1101010001 5
2 1110001010 5
3 1101100001 5
4 1101011100 6
5 0001110110 5
6 0000100110 3
7 0111010110 6

Input 1: 11110000
0 1
1 1
2 1
3 1
4 0
5 0
6 0
7 0

Input 2: 01110011
0 0
1 1
2 1
3 1
4 0
5 0
6 1
7 1

Input 3: 01000010
0 0
1 1
2 0
3 0
4 0
5 0
6 1
7 0

Input 4: 10111010
0 1
1 0
2 1
3 1
4 1
5 0
6 1
7 0

Input 5: 10101101
0 1
1 0
2 1
3 0
4 1
5 1
6 0
7 1

Input 6: 10011010
0 1
1 0
2 0
3 1
4 1
5 0
6 1
7 0

Input 7: 11010001
0 1
1 1
2 0
3 1
4 0
5 0
6 0
7 1

Input 8: 10011111
0 1
1 0
2 0
3 1
4 1
5 1
6 1
7 1

Input 9: 01001110
0 0
1 1
2 0
3 0
4 1
5 1
6 1
7 0

Input 10: 10100000
0 1
1 0
2 1
3 0
4 0
5 0
6 0
7 0

Identity
0 1001111101 7
1 1110001010 5 match 2
2 1101100001 5 match 3
3 1101011100 6 match 4
4 0001110110 5 match 5
5 0000100110 3 match 6
6 0111010110 6 match 7
7 0100101100 4

Matching output with Identity
0 absent
1 absent
2 1
3 2
4 3
5 4
6 5
7 6

Left
none
Best: none

Right
6 5 4 3 2 1 0x
Best: I6 I5 I4 I3 I2 I1: 6

NOT
0 0110000010 3
1 0001110101 5
2 0010011110 5
3 0010100011 4
4 1110001001 5
5 1111011001 7
6 1000101001 4
7 1011010011 6

Matching output with NOT
0 absent
1 absent
2 absent
3 absent
4 absent
5 absent
6 absent
7 absent

Left
none
Best: none

Right
none
Best: none

Constant
0 0000000000 a
1 1111111111 a

Matching output with Constant
0 absent
1 absent
2 absent
3 absent
4 absent
5 absent
6 absent
7 absent

Left
none
Best: none

Right
none
Best: none

AND
01 10 1000001000 2
12 21 1100000000 2
23 32 1101000000 3
34 43 0001010100 3
45 54 0000100110 3 match 6
56 65 0000000110 2
67 76 0100000100 2
70 07 0000101100 3

02 20 1001100001 4
13 31 1100001000 3
24 42 0001100000 2
35 53 0000000100 1
46 64 0001010110 4
57 75 0000100100 2
60 06 0001010100 3
71 17 0100001000 2

03 30 1001011100 5
14 41 0000000010 1
25 52 0000100000 1
36 63 0101010100 4
47 74 0000100100 2
50 05 0000100100 2
61 16 0110000010 3
72 27 0100100000 2

04 40 0001110100 4
15 51 0000000010 1
26 62 0101000000 2
37 73 0100001100 3

Matching output with AND
0 absent
1 absent
2 absent
3 absent
4 absent
5 absent
6 45 54
7 absent

Left
none
Best: none

Right
none
Best: none

OR
01 10 1111111111 a
12 21 1111101011 8
23 32 1101111101 8
34 43 1101111110 8
45 54 0001110110 5 match 5
56 65 0111110110 7
67 76 0111111110 8
70 07 1101111101 8

02 20 1101111101 8
13 31 1111011110 8
24 42 1101110111 8
35 53 1101111110 8
46 64 0111110110 7
57 75 0100101110 5
60 06 1111111111 a
71 17 1110101110 7

03 30 1101111101 8
14 41 1111111110 9
25 52 1101100111 7
36 63 1111011110 8
47 74 0101111110 7
50 05 1001111111 8
61 16 1111011110 8
72 27 1101101101 7

04 40 1001111111 8
15 51 1110101110 7
26 62 1111110111 9
37 73 1101111100 7

Matching output with OR
0 absent
1 absent
2 absent
3 absent
4 absent
5 45 54
6 absent
7 absent

Left
none
Best: none

Right
none
Best: none

XOR
01 10 0111110111 8
12 21 0011101011 6
23 32 0000111101 5
34 43 1100101010 5
45 54 0001010000 2
56 65 0111110000 5
67 76 0011111010 6 match 0
70 07 1101010001 5 match 1

02 20 0100011100 4
13 31 0011010110 5
24 42 1100010111 6
35 53 1101111010 7
46 64 0110100000 3
57 75 0100001010 3
60 06 1110101011 7
71 17 1010100110 5

03 30 0100100001 3
14 41 1111111100 8
25 52 1101000111 6
36 63 1010001010 4
47 74 0101011010 5
50 05 1001011011 6
61 16 1001011100 5
72 27 1001001101 5

04 40 1000001011 4
15 51 1110101100 6
26 62 1010110111 7
37 73 1001110000 4

Matching output with XOR
0 67 76
1 07 70
2 absent
3 absent
4 absent
5 absent
6 absent
7 absent

Left
67 70 01x
76 07 10x
Best: XOR67 XOR70: 2

Right
none
Best: none

AND-NOT
01 0001110101 5
12 0010001010 3
23 0000100001 2
34 1100001000 3
45 0001010000 2
56 0000100000 1
67 0011010010 4
70 0100000000 1

02 0000011100 3
13 0010000010 2
24 1100000001 3
35 1101011000 5
46 0000100000 1
57 0000000010 1
60 0110000010 3
71 0000100100 2

03 0000100001 2
14 1110001000 4
25 1101000001 4
36 1000001000 2
47 0001010010 3
50 0000000010 1
61 0001010100 3
72 0000001100 2

04 1000001001 3
15 1110001000 4
26 1000100001 3
37 1001010000 3
40 0000000010 1
51 0000100100 2
62 0010010110 4
73 0000100000 1

05 1001011001 5
16 1000001000 2
27 1001000001 3
30 0100000000 1
41 0001110100 4
52 0000000110 2
63 0010000010 2
74 0100001000 2

06 1000101001 4
17 1010000010 3
20 0100000000 1
31 0001010100 3
42 0000010110 3
53 0000100010 2
64 0110000000 2
75 0100001000 2

07 1001010001 4
10 0110000010 3
21 0001100001 3
32 0000011100 3
43 0000100010 2
54 0000000000 a
65 0111010000 4
76 0000101000 2

Matching output with AND-NOT
0 absent
1 absent
2 absent
3 absent
4 absent
5 absent
6 absent
7 absent

Left
none
Best: none

Right
none
Best: none

OR-NOT
01 1001111101 7
12 1110011110 7
23 1111100011 7
34 1111011101 8
45 1111111111 a
56 1000101111 6
67 1111010111 8
70 0110101110 6

02 1011111111 9
13 1110101011 7
24 1111101001 7
35 1111011101 8
46 1001111111 8
57 1011110111 8
60 0111010110 6 match 7
71 0101111101 7

03 1011111111 9
14 1110001011 6
25 1111111001 8
36 1101111101 8
47 1011110111 8
50 0110100110 5
61 0111110111 8
72 0110111110 7

04 1111111101 9
15 1111011011 8
26 1101101001 6
37 1111011111 9
40 0111110110 7
51 0001110111 6
62 0111011110 7
73 0110101111 7

05 1111111101 9
16 1110101011 7
27 1111110011 8
30 1111011110 8
41 0001110111 6
52 0010111110 6
63 0111110111 8
74 1110101101 7

06 1001111101 7
17 1111011011 8
20 1111100011 7
31 1101111101 8
42 0011111110 7
53 0010100111 5
64 1111011111 9
75 1111111101 9

07 1011111111 9
10 1110001010 5 match 2
21 1101110101 7
32 1111011110 8
43 0011110111 7
54 1110101111 8
65 1111011111 9
76 1100101101 6

Matching output with OR-NOT
0 absent
1 absent
2 10
3 absent
4 absent
5 absent
6 absent
7 60

Left
none
Best: none

Right
60 57x
Best: OR-NOT60: 1

XOR-NOT
01 1000001000 2
12 1100010100 4
23 1111000010 5
34 0011010101 5
45 1110101111 8
56 1000001111 5
67 1100000101 4
70 0010101110 5

02 1011100011 6
13 1100101001 5
24 0011101000 4
35 0010000101 3
46 1001011111 7
57 1011110101 7
60 0001010100 3
71 0101011001 5

03 1011011110 7
14 0000000011 2
25 0010111000 4
36 0101110101 6
47 1010100101 5
50 0110100100 4
61 0110100011 5
72 0110110010 5

04 0111110100 6
15 0001010011 4
26 0101001000 3
37 0110001111 6
40 0111110100 6
51 0001010011 4
62 0101001000 3
73 0110001111 6

05 0110100100 4
16 0110100011 5
27 0110110010 5
30 1011011110 7
41 0000000011 2
52 0010111000 4
63 0101110101 6
74 1010100101 5

06 0001010100 3
17 0101011001 5
20 1011100011 6
31 1100101001 5
42 0011101000 4
53 0010000101 3
64 1001011111 7
75 1011110101 7

07 0010101110 5
10 1000001000 2
21 1100010100 4
32 1111000010 5
43 0011010101 5
54 1110101111 8
65 1000001111 5
76 1100000101 4

Matching output with XOR-NOT
0 absent
1 absent
2 absent
3 absent
4 absent
5 absent
6 absent
7 absent

Left
none
Best: none

Right
none
Best: none

Selecting

Lefts
Identity none
NOT none
Constant none
AND none
OR none
XOR XOR67 XOR70: 2
AND-NOT none
OR-NOT none
XOR-NOT none

Rights
Identity I6 I5 I4 I3 I2 I1: 6
NOT none
Constant none
AND none
OR none
XOR none
AND-NOT none
OR-NOT OR-NOT60: 1
XOR-NOT none

Left longest: 2
Right longest: 6

Right winner: Identity yes, NOT no, Constant no, AND no, OR no, XOR no, AND-NOT no, OR-NOT no, XOR-NOT no
Left winner: Identity no, NOT no, Constant no, AND no, OR no, XOR yes, AND-NOT no, OR-NOT no, XOR-NOT no

Best right: I6 I5 I4 I3 I2 I1: 6
Best left: XOR67 XOR70: 2

Truncated right: I6 I5 I4 I3 I2 I1: 6
Truncated left: XOR67 XOR70: 2

Tentative from right
7 I6
6 I5
5 I4
4 I3
3 I2
2 I1
1 pending
0 pending

Tentative
0 XOR67
1 XOR70
2 I1
3 I2
4 I3
5 I4
6 I5
7 I6

Preferred from right
7 I6
6 I5
5 I4
4 I3
3 I2
2 I1
1 XOR70
0 XOR67

Preferred
0 XOR67
1 XOR70
2 I1
3 I2
4 I3
5 I4
6 I5
7 I6

Matching
0 XOR67
1 XOR70
2 I1
3 I2
4 I3
5 I4
6 I5
7 I6

Perfect match
Identity no
NOT no
Constant no
AND no
OR no
XOR no
AND-NOT no
OR-NOT no
XOR-NOT no

Matched
0 XOR67
1 XOR70
2 I1
3 I2
4 I3
5 I4
6 I5
7 I6

Selected
0 XOR67
1 XOR70
2 I1
3 I2
4 I3
5 I4
6 I5
7 I6

Applying to 00001010
Input
0 0
1 0
2 0
3 0
4 1
5 0
6 1
7 0
Output
0 XOR67 = XOR(1,0) = 1
1 XOR70 = XOR(0,0) = 0
2 I1 = 0
3 I2 = 0
4 I3 = 0
5 I4 = 1
6 I5 = 0
7 I6 = 1

I will now return the answer in \boxed{}
The answer in \boxed is
\boxed{10000101}
</think>
\boxed{10000101}