We need to deduce the transformation by matching the example outputs.

Output 1: 01000001
0 0
1 1
2 0
3 0
4 0
5 0
6 0
7 1

Output 2: 01000000
0 0
1 1
2 0
3 0
4 0
5 0
6 0
7 0

Output 3: 00000000
0 0
1 0
2 0
3 0
4 0
5 0
6 0
7 0

Output 4: 00000000
0 0
1 0
2 0
3 0
4 0
5 0
6 0
7 0

Output 5: 00000000
0 0
1 0
2 0
3 0
4 0
5 0
6 0
7 0

Output 6: 00000000
0 0
1 0
2 0
3 0
4 0
5 0
6 0
7 0

Output 7: 10000000
0 1
1 0
2 0
3 0
4 0
5 0
6 0
7 0

Output 8: 10000010
0 1
1 0
2 0
3 0
4 0
5 0
6 1
7 0

Output 9: 00000000
0 0
1 0
2 0
3 0
4 0
5 0
6 0
7 0

Output bit columns (with bitsum as hash)
0 000000110 2
1 110000000 2
2 000000000 a
3 000000000 a
4 000000000 a
5 000000000 a
6 000000010 1
7 100000000 1

Input 1: 10101001
0 1
1 0
2 1
3 0
4 1
5 0
6 0
7 1

Input 2: 00110011
0 0
1 0
2 1
3 1
4 0
5 0
6 1
7 1

Input 3: 00010011
0 0
1 0
2 0
3 1
4 0
5 0
6 1
7 1

Input 4: 00101010
0 0
1 0
2 1
3 0
4 1
5 0
6 1
7 0

Input 5: 00010100
0 0
1 0
2 0
3 1
4 0
5 1
6 0
7 0

Input 6: 00000000
0 0
1 0
2 0
3 0
4 0
5 0
6 0
7 0

Input 7: 01100010
0 0
1 1
2 1
3 0
4 0
5 0
6 1
7 0

Input 8: 01010111
0 0
1 1
2 0
3 1
4 0
5 1
6 1
7 1

Input 9: 11001000
0 1
1 1
2 0
3 0
4 1
5 0
6 0
7 0


Identity
0 100000001 2
1 000000111 3
2 110100100 4
3 011010010 4
4 100100001 3
5 000010010 2
6 011100110 5
7 111000010 4

Matching output with Identity
0 absent
1 absent
2 absent
3 absent
4 absent
5 absent
6 absent
7 absent

Left
none
Best: none

Right
none
Best: none

NOT
0 011111110 7
1 111111000 6
2 001011011 5
3 100101101 5
4 011011110 6
5 111101101 7
6 100011001 4
7 000111101 5

Matching output with NOT
0 absent
1 absent
2 absent
3 absent
4 absent
5 absent
6 absent
7 absent

Left
none
Best: none

Right
none
Best: none

Constant
0 000000000 a match 2 3 4 5
1 111111111 a

Matching output with Constant
0 absent
1 absent
2 C0
3 C0
4 C0
5 C0
6 absent
7 absent

Left
none
Best: none

Right
none
Best: none

AND
01 10 000000001 1
12 21 000000100 1
23 32 010000000 1
34 43 000000000 a match 2 3 4 5
45 54 000000000 a match 2 3 4 5
56 65 000000010 1 match 6
67 76 011000010 3
70 07 100000000 1 match 7

02 20 100000000 1 match 7
13 31 000000010 1 match 6
24 42 100100000 2
35 53 000010010 2
46 64 000100000 1
57 75 000000010 1 match 6
60 06 000000000 a match 2 3 4 5
71 17 000000010 1 match 6

03 30 000000000 a match 2 3 4 5
14 41 000000001 1
25 52 000000000 a match 2 3 4 5
36 63 011000010 3
47 74 100000000 1 match 7
50 05 000000000 a match 2 3 4 5
61 16 000000110 2 match 0
72 27 110000000 2 match 1

04 40 100000001 2
15 51 000000010 1 match 6
26 62 010100100 3
37 73 011000010 3

Matching output with AND
0 61 16
1 72 27
2 34 43 45 54 60 06 03 30 25 52 50 05
3 34 43 45 54 60 06 03 30 25 52 50 05
4 34 43 45 54 60 06 03 30 25 52 50 05
5 34 43 45 54 60 06 03 30 25 52 50 05
6 56 65 13 31 57 75 71 17 15 51
7 70 07 02 20 47 74

Left
61 72 03 14x
16 27 30 41x
Best: AND61 72 03: 3

Right
70 67x
07 76x
02 71 60 57y
20 17 06 75y
47 36x
74 63x
Best: AND02 71 60: 3

OR
01 10 100000111 4
12 21 110100111 6
23 32 111110110 7
34 43 111110011 7
45 54 100110011 5
56 65 011110110 6
67 76 111100110 6
70 07 111000011 5

02 20 110100101 5
13 31 011010111 6
24 42 110100101 5
35 53 011010010 4
46 64 111100111 7
57 75 111010010 5
60 06 111100111 7
71 17 111000111 6

03 30 111010011 6
14 41 100100111 5
25 52 110110110 6
36 63 011110110 6
47 74 111100011 6
50 05 100010011 4
61 16 011100111 6
72 27 111100110 6

04 40 100100001 3
15 51 000010111 4
26 62 111100110 6
37 73 111010010 5

Matching output with OR
0 absent
1 absent
2 absent
3 absent
4 absent
5 absent
6 absent
7 absent

Left
none
Best: none

Right
none
Best: none

XOR
01 10 100000110 3
12 21 110100011 5
23 32 101110110 6
34 43 111110011 7
45 54 100110011 5
56 65 011110100 5
67 76 100100100 3
70 07 011000011 4

02 20 010100101 4
13 31 011010101 5
24 42 010000101 3
35 53 011000000 2
46 64 111000111 6
57 75 111010000 4
60 06 111100111 7
71 17 111000101 5

03 30 111010011 6
14 41 100100110 4
25 52 110110110 6
36 63 000110100 3
47 74 011100011 5
50 05 100010011 4
61 16 011100001 4
72 27 001100110 4

04 40 000100000 1
15 51 000010101 3
26 62 101000010 3
37 73 100010000 2

Matching output with XOR
0 absent
1 absent
2 absent
3 absent
4 absent
5 absent
6 absent
7 absent

Left
none
Best: none

Right
none
Best: none

AND-NOT
01 100000000 1 match 7
12 000000011 2
23 100100100 3
34 011010010 4
45 100100001 3
56 000010000 1
67 000100100 2
70 011000010 3

02 000000001 1
13 000000101 2
24 010000100 2
35 011000000 2
46 100000001 2
57 000010000 1
60 011100110 5
71 111000000 3

03 100000001 2
14 000000110 2 match 0
25 110100100 4
36 000010000 1
47 000100001 2
50 000010010 2
61 011100000 3
72 001000010 2

04 000000000 a match 2 3 4 5
15 000000101 2
26 100000000 1 match 7
37 000010000 1
40 000100000 1
51 000010000 1
62 001000010 2
73 100000000 1 match 7

05 100000001 2
16 000000001 1
27 000100100 2
30 011010010 4
41 100100000 2
52 000010010 2
63 000100100 2
74 011000010 3

06 100000001 2
17 000000101 2
20 010100100 3
31 011010000 3
42 000000001 1
53 000000000 a match 2 3 4 5
64 011000110 4
75 111000000 3

07 000000001 1
10 000000110 2 match 0
21 110100000 3
32 001010010 3
43 100100001 3
54 000010010 2
65 011100100 4
76 100000000 1 match 7

Matching output with AND-NOT
0 14 10
1 absent
2 04 53
3 04 53
4 04 53
5 04 53
6 absent
7 01 26 73 76

Left
14 25x
10 21x
Best: AND-NOT14: 1

Right
01 70x
26 15x
73 62x
76 65x
Best: AND-NOT01: 1

OR-NOT
01 111111001 7
12 001011111 6
23 110101101 6
34 011011110 6
45 111101101 7
56 100011011 5
67 011111111 8
70 111111110 8

02 101011011 6
13 100101111 6
24 111111110 8
35 111111111 a
46 100111001 5
57 000111111 6
60 011111110 7
71 111111010 7

03 100101101 5
14 011011111 7
25 111101101 7
36 111011011 7
47 100111101 6
50 011111110 7
61 111111110 8
72 111011011 7

04 111011111 8
15 111101111 8
26 110111101 7
37 011111111 8
40 111111111 a
51 111111010 7
62 011111111 8
73 111101111 8

05 111101101 7
16 100011111 6
27 110111101 7
30 011111110 7
41 111111001 7
52 001011011 5
63 111101111 8
74 111011110 7

06 100011001 4
17 000111111 6
20 111111110 8
31 111111010 7
42 101111011 7
53 100111111 7
64 011111110 7
75 111101111 8

07 100111101 6
10 011111111 8
21 111111100 7
32 011011011 6
43 100101101 5
54 011011110 6
65 111101111 8
76 111011011 7

Matching output with OR-NOT
0 absent
1 absent
2 absent
3 absent
4 absent
5 absent
6 absent
7 absent

Left
none
Best: none

Right
none
Best: none

XOR-NOT
01 011111001 6
12 001011100 4
23 010001001 3
34 000001100 2
45 011001100 4
56 100001011 4
67 011011011 6
70 100111100 5

02 101011010 5
13 100101010 4
24 101111010 6
35 100111111 7
46 000111000 3
57 000101111 5
60 000011000 2
71 000111010 4

03 000101100 3
14 011011001 5
25 001001001 3
36 111001011 6
47 100011100 4
50 011101100 5
61 100011110 5
72 110011001 5

04 111011111 8
15 111101010 6
26 010111101 6
37 011101111 7
40 111011111 8
51 111101010 6
62 010111101 6
73 011101111 7

05 011101100 5
16 100011110 5
27 110011001 5
30 000101100 3
41 011011001 5
52 001001001 3
63 111001011 6
74 100011100 4

06 000011000 2
17 000111010 4
20 101011010 5
31 100101010 4
42 101111010 6
53 100111111 7
64 000111000 3
75 000101111 5

07 100111100 5
10 011111001 6
21 001011100 4
32 010001001 3
43 000001100 2
54 011001100 4
65 100001011 4
76 011011011 6

Matching output with XOR-NOT
0 absent
1 absent
2 absent
3 absent
4 absent
5 absent
6 absent
7 absent

Left
none
Best: none

Right
none
Best: none

Selecting

Lefts
Identity none
NOT none
Constant none
AND AND61 72 03: 3
OR none
XOR none
AND-NOT AND-NOT14: 1
OR-NOT none
XOR-NOT none

Rights
Identity none
NOT none
Constant none
AND AND02 71 60: 3
OR none
XOR none
AND-NOT AND-NOT01: 1
OR-NOT none
XOR-NOT none

Left longest: 3
Right longest: 3

Left winner: Identity no, NOT no, Constant no, AND yes, OR no, XOR no, AND-NOT no, OR-NOT no, XOR-NOT no
Right winner: Identity no, NOT no, Constant no, AND yes, OR no, XOR no, AND-NOT no, OR-NOT no, XOR-NOT no

Best left: AND61 72 03: 3
Best right: AND02 71 60: 3

Truncated left: AND61 72 03: 3
Truncated right: AND02 71 60: 3

Tentative from right
7 AND02
6 AND71
5 AND60
4 pending
3 pending
2 pending
1 pending
0 pending

Tentative
0 AND61
1 AND72
2 AND03
3 pending
4 pending
5 AND60
6 AND71
7 AND02

Preferred from left
0 AND61
1 AND72
2 AND03
3 ?14
4 ?25
5 AND60
6 AND71
7 AND02

Preferred from right
7 AND02
6 AND71
5 AND60
4 ?25
3 ?14
2 AND03
1 AND72
0 AND61

Preferred
0 AND61
1 AND72
2 AND03
3 ?14 ?41
4 ?25 ?52
5 AND60
6 AND71
7 AND02

Matching
0 AND61
1 AND72
2 AND03
3 ?14 ?41 - Identity absent, NOT absent, Constant C0, AND absent, OR absent, XOR absent, AND-NOT absent, OR-NOT absent, XOR-NOT absent
4 ?25 ?52 - Identity absent, NOT absent, Constant C0, AND25, OR absent, XOR absent, AND-NOT absent, OR-NOT absent, XOR-NOT absent
5 AND60
6 AND71
7 AND02

Perfect match
Identity no
NOT no
Constant yes
AND no
OR no
XOR no
AND-NOT no
OR-NOT no
XOR-NOT no

Matched
0 AND61
1 AND72
2 AND03
3 C0
4 C0
5 AND60
6 AND71
7 AND02


Reselect (whole-word coverage)
0 AND16
1 AND27
2 C0
3 C0
4 C0
5 AND03
6 AND13
7 AND02
Selected
0 AND16
1 AND27
2 C0
3 C0
4 C0
5 AND03
6 AND13
7 AND02

Applying to 11111011
Input
0 1
1 1
2 1
3 1
4 1
5 0
6 1
7 1
Output
0 AND16 = AND(1,1) = 1
1 AND27 = AND(1,1) = 1
2 C0 = 0
3 C0 = 0
4 C0 = 0
5 AND03 = AND(1,1) = 1
6 AND13 = AND(1,1) = 1
7 AND02 = AND(1,1) = 1

I will now return the answer in \boxed{}
The answer in \boxed is
\boxed{11000111}
</think>
\boxed{11000111}