We need to deduce the transformation by matching the example outputs.

Output 1: 10011001
0 1
1 0
2 0
3 1
4 1
5 0
6 0
7 1

Output 2: 00100110
0 0
1 0
2 1
3 0
4 0
5 1
6 1
7 0

Output 3: 10101000
0 1
1 0
2 1
3 0
4 1
5 0
6 0
7 0

Output 4: 10100001
0 1
1 0
2 1
3 0
4 0
5 0
6 0
7 1

Output 5: 11110100
0 1
1 1
2 1
3 1
4 0
5 1
6 0
7 0

Output 6: 01100000
0 0
1 1
2 1
3 0
4 0
5 0
6 0
7 0

Output 7: 11101000
0 1
1 1
2 1
3 0
4 1
5 0
6 0
7 0

Output 8: 00110000
0 0
1 0
2 1
3 1
4 0
5 0
6 0
7 0

Output 9: 01111100
0 0
1 1
2 1
3 1
4 1
5 1
6 0
7 0

Output 10: 11010001
0 1
1 1
2 0
3 1
4 0
5 0
6 0
7 1

Output bit columns (with bitsum as hash)
0 1011101001 6
1 0000111011 5
2 0111111110 8
3 1000100111 5
4 1010001010 4
5 0100100010 3
6 0100000000 1
7 1001000001 3

Input 1: 10110011
0 1
1 0
2 1
3 1
4 0
5 0
6 1
7 1

Input 2: 11100100
0 1
1 1
2 1
3 0
4 0
5 1
6 0
7 0

Input 3: 00010101
0 0
1 0
2 0
3 1
4 0
5 1
6 0
7 1

Input 4: 10110100
0 1
1 0
2 1
3 1
4 0
5 1
6 0
7 0

Input 5: 11011110
0 1
1 1
2 0
3 1
4 1
5 1
6 1
7 0

Input 6: 10001100
0 1
1 0
2 0
3 0
4 1
5 1
6 0
7 0

Input 7: 00011101
0 0
1 0
2 0
3 1
4 1
5 1
6 0
7 1

Input 8: 00100110
0 0
1 0
2 1
3 0
4 0
5 1
6 1
7 0

Input 9: 11001111
0 1
1 1
2 0
3 0
4 1
5 1
6 1
7 1

Input 10: 10111010
0 1
1 0
2 1
3 1
4 1
5 0
6 1
7 0

Identity
0 1101110011 7
1 0100100010 3 match 5
2 1101000101 5
3 1011101001 6 match 0
4 0000111011 5 match 1
5 0111111110 8 match 2
6 1000100111 5 match 3
7 1010001010 4 match 4

Matching output with Identity
0 3
1 4
2 5
3 6
4 7
5 1
6 absent
7 absent

Left
3 4 5 6 7 0x
Best: I3 I4 I5 I6 I7: 5

Right
none
Best: none

NOT
0 0010001100 3
1 1011011101 7
2 0010111010 5
3 0100010110 4
4 1111000100 5
5 1000000001 2
6 0111011000 5
7 0101110101 6

Matching output with NOT
0 absent
1 absent
2 absent
3 absent
4 absent
5 absent
6 absent
7 absent

Left
none
Best: none

Right
none
Best: none

Constant
0 0000000000 a
1 1111111111 a

Matching output with Constant
0 absent
1 absent
2 absent
3 absent
4 absent
5 absent
6 absent
7 absent

Left
none
Best: none

Right
none
Best: none

AND
01 10 0100100010 3 match 5
12 21 0100000000 1 match 6
23 32 1001000001 3 match 7
34 43 0000101001 3
45 54 0000111010 4
56 65 0000100110 3
67 76 1000000010 2
70 07 1000000010 2

02 20 1101000001 4
13 31 0000100000 1
24 42 0000000001 1
35 53 0011101000 4
46 64 0000100011 3
57 75 0010001010 3
60 06 1000100011 4
71 17 0000000010 1

03 30 1001100001 4
14 41 0000100010 2
25 52 0101000100 3
36 63 1000100001 3
47 74 0000001010 2
50 05 0101110010 5
61 16 0000100010 2
72 27 1000000000 1

04 40 0000110011 4
15 51 0100100010 3 match 5
26 62 1000000101 3
37 73 1010001000 3

Matching output with AND
0 absent
1 absent
2 absent
3 absent
4 absent
5 01 10 15 51
6 12 21
7 23 32

Left
none
Best: none

Right
23 12 01 70x
32 21 10 07x
Best: AND23 AND12 AND01: 3

OR
01 10 1101110011 7
12 21 1101100111 7
23 32 1111101101 8
34 43 1011111011 8
45 54 0111111111 9
56 65 1111111111 a
67 76 1010101111 7
70 07 1111111011 9

02 20 1101110111 8
13 31 1111101011 8
24 42 1101111111 9
35 53 1111111111 a
46 64 1000111111 7
57 75 1111111110 9
60 06 1101110111 8
71 17 1110101010 6

03 30 1111111011 9
14 41 0100111011 6
25 52 1111111111 a
36 63 1011101111 8
47 74 1010111011 7
50 05 1111111111 a
61 16 1100100111 6
72 27 1111001111 8

04 40 1101111011 8
15 51 0111111110 8 match 2
26 62 1101100111 7
37 73 1011101011 7

Matching output with OR
0 absent
1 absent
2 15 51
3 absent
4 absent
5 absent
6 absent
7 absent

Left
none
Best: none

Right
none
Best: none

XOR
01 10 1001010001 4
12 21 1001100111 6
23 32 0110101100 5
34 43 1011010010 5
45 54 0111000101 5
56 65 1111011001 7
67 76 0010101101 5
70 07 0111111001 7

02 20 0000110110 4
13 31 1111001011 7
24 42 1101111110 8
35 53 1100010111 6
46 64 1000011100 4
57 75 1101110100 6
60 06 0101010100 4
71 17 1110101000 5

03 30 0110011010 5
14 41 0100011001 4
25 52 1010111011 7
36 63 0011001110 5
47 74 1010110001 5
50 05 1010001101 5
61 16 1100000101 4
72 27 0111001111 7

04 40 1101001000 4
15 51 0011011100 5
26 62 0101100010 4
37 73 0001100011 4

Matching output with XOR
0 absent
1 absent
2 absent
3 absent
4 absent
5 absent
6 absent
7 absent

Left
none
Best: none

Right
none
Best: none

AND-NOT
01 1001010001 4
12 0000100010 2
23 0100000100 2
34 1011000000 3
45 0000000001 1
56 0111011000 5
67 0000100101 3
70 0010001000 2

02 0000110010 3
13 0100000010 2
24 1101000100 4
35 1000000001 2
46 0000011000 2
57 0101110100 5
60 0000000100 1
71 1010001000 3

03 0100010010 3
14 0100000000 1 match 6
25 1000000001 2
36 0011001000 3
47 0000110001 3
50 0010001100 3
61 1000000101 3
72 0010001010 3

04 1101000000 3
15 0000000000 a
26 0101000000 2
37 0001100001 3
40 0000001000 1
51 0011011100 5
62 0000100010 2
73 0000000010 1

05 1000000001 2
16 0100000000 1 match 6
27 0101000101 4
30 0010001000 2
41 0000011001 3
52 0010111010 5
63 0000000110 2
74 1010000000 2

06 0101010000 3
17 0100100000 2
20 0000000100 1
31 1011001001 5
42 0000111010 4
53 0100010110 4
64 1000000100 2
75 1000000000 1

07 0101110001 5
10 0000000000 a
21 1001000101 4
32 0010101000 3
43 0000010010 2
54 0111000100 4
65 1000000001 2
76 0010001000 2

Matching output with AND-NOT
0 absent
1 absent
2 absent
3 absent
4 absent
5 absent
6 14 16
7 absent

Left
none
Best: none

Right
none
Best: none

OR-NOT
01 1111111111 a
12 0110111010 6
23 1101010111 7
34 1111101101 8
45 1000111011 6
56 0111111110 8 match 2
67 1101110111 8
70 1010001110 5

02 1111111011 9
13 0100110110 5
24 1111000101 6
35 1011101001 6 match 0
46 0111111011 8
57 0111111111 9
60 1010101111 7
71 1011011111 8

03 1101110111 8
14 1111100110 7
25 1101000101 5
36 1111111001 8
47 0101111111 8
50 0111111110 8 match 2
61 1011111111 9
72 1010111010 6

04 1111110111 9
15 1100100011 5
26 1111011101 8
37 1111111101 9
40 0010111111 7
51 1111111111 a
62 1010111111 8
73 1110011110 7

05 1101110011 7
16 0111111010 7
27 1101110101 7
30 1011101101 7
41 1011111111 9
52 0111111110 8 match 2
63 1100110111 7
74 1111001110 7

06 1111111011 9
17 0101110111 7
20 1111001101 7
31 1011111101 8
42 0010111011 6
53 0111111110 8 match 2
64 1111100111 8
75 1010001011 5

07 1101110111 8
10 0110101110 6
21 1111011101 8
32 1011111011 8
43 0100111111 7
54 1111111110 9
65 1000100111 5 match 3
76 1111011010 7

Matching output with OR-NOT
0 35
1 absent
2 56 50 52 53
3 65
4 absent
5 absent
6 absent
7 absent

Left
35 46x
Best: OR-NOT35: 1

Right
none
Best: none

XOR-NOT
01 0110101110 6
12 0110011000 4
23 1001010011 5
34 0100101101 5
45 1000111010 5
56 0000100110 3
67 1101010010 5
70 1000000110 3

02 1111001001 6
13 0000110100 3
24 0010000001 2
35 0011101000 4
46 0111100011 6
57 0010001011 4
60 1010101011 6
71 0001010111 5

03 1001100101 5
14 1011100110 6
25 0101000100 3
36 1100110001 5
47 0101001110 5
50 0101110010 5
61 0011111010 6
72 1000110000 3

04 0010110111 6
15 1100100011 5
26 1010011101 6
37 1110011100 6
40 0010110111 6
51 1100100011 5
62 1010011101 6
73 1110011100 6

05 0101110010 5
16 0011111010 6
27 1000110000 3
30 1001100101 5
41 1011100110 6
52 0101000100 3
63 1100110001 5
74 0101001110 5

06 1010101011 6
17 0001010111 5
20 1111001001 6
31 0000110100 3
42 0010000001 2
53 0011101000 4
64 0111100011 6
75 0010001011 4

07 1000000110 3
10 0110101110 6
21 0110011000 4
32 1001010011 5
43 0100101101 5
54 1000111010 5
65 0000100110 3
76 1101010010 5

Matching output with XOR-NOT
0 absent
1 absent
2 absent
3 absent
4 absent
5 absent
6 absent
7 absent

Left
none
Best: none

Right
none
Best: none

Selecting

Lefts
Identity I3 I4 I5 I6 I7: 5
NOT none
Constant none
AND none
OR none
XOR none
AND-NOT none
OR-NOT OR-NOT35: 1
XOR-NOT none

Rights
Identity none
NOT none
Constant none
AND AND23 AND12 AND01: 3
OR none
XOR none
AND-NOT none
OR-NOT none
XOR-NOT none

Left longest: 5
Right longest: 3

Left winner: Identity yes, NOT no, Constant no, AND no, OR no, XOR no, AND-NOT no, OR-NOT no, XOR-NOT no
Right winner: Identity no, NOT no, Constant no, AND yes, OR no, XOR no, AND-NOT no, OR-NOT no, XOR-NOT no

Best left: I3 I4 I5 I6 I7: 5
Best right: AND23 AND12 AND01: 3

Truncated left: I3 I4 I5 I6 I7: 5
Truncated right: AND23 AND12 AND01: 3

Tentative from right
7 AND23
6 AND12
5 AND01
4 pending
3 pending
2 pending
1 pending
0 pending

Tentative
0 I3
1 I4
2 I5
3 I6
4 I7
5 AND01
6 AND12
7 AND23

Preferred from left
0 I3
1 I4
2 I5
3 I6
4 I7
5 AND01
6 AND12
7 AND23

Preferred
0 I3
1 I4
2 I5
3 I6
4 I7
5 AND01
6 AND12
7 AND23

Matching
0 I3
1 I4
2 I5
3 I6
4 I7
5 AND01
6 AND12
7 AND23

Perfect match
Identity no
NOT no
Constant no
AND no
OR no
XOR no
AND-NOT no
OR-NOT no
XOR-NOT no

Matched
0 I3
1 I4
2 I5
3 I6
4 I7
5 AND01
6 AND12
7 AND23

Selected
0 I3
1 I4
2 I5
3 I6
4 I7
5 AND01
6 AND12
7 AND23

Applying to 01010001
Input
0 0
1 1
2 0
3 1
4 0
5 0
6 0
7 1
Output
0 I3 = 1
1 I4 = 0
2 I5 = 0
3 I6 = 0
4 I7 = 1
5 AND01 = AND(0,1) = 0
6 AND12 = AND(1,0) = 0
7 AND23 = AND(0,1) = 0

I will now return the answer in \boxed{}
The answer in \boxed is
\boxed{10001000}
</think>
\boxed{10001000}