We need to deduce the transformation by matching the example outputs.

Output 1: 10000001
0 1
1 0
2 0
3 0
4 0
5 0
6 0
7 1

Output 2: 10100100
0 1
1 0
2 1
3 0
4 0
5 1
6 0
7 0

Output 3: 10000100
0 1
1 0
2 0
3 0
4 0
5 1
6 0
7 0

Output 4: 01110100
0 0
1 1
2 1
3 1
4 0
5 1
6 0
7 0

Output 5: 01111101
0 0
1 1
2 1
3 1
4 1
5 1
6 0
7 1

Output 6: 10101000
0 1
1 0
2 1
3 0
4 1
5 0
6 0
7 0

Output 7: 01111100
0 0
1 1
2 1
3 1
4 1
5 1
6 0
7 0

Output bit columns (with bitsum as hash)
0 1110010 4
1 0001101 3
2 0101111 5
3 0001101 3
4 0000111 3
5 0111101 5
6 0000000 a
7 1000100 2

Input 1: 11100000
0 1
1 1
2 1
3 0
4 0
5 0
6 0
7 0

Input 2: 00101001
0 0
1 0
2 1
3 0
4 1
5 0
6 0
7 1

Input 3: 01100001
0 0
1 1
2 1
3 0
4 0
5 0
6 0
7 1

Input 4: 01011101
0 0
1 1
2 0
3 1
4 1
5 1
6 0
7 1

Input 5: 11011111
0 1
1 1
2 0
3 1
4 1
5 1
6 1
7 1

Input 6: 00101010
0 0
1 0
2 1
3 0
4 1
5 0
6 1
7 0

Input 7: 01011111
0 0
1 1
2 0
3 1
4 1
5 1
6 1
7 1

Identity
0 1000100 2 match 7
1 1011101 5
2 1110010 4 match 0
3 0001101 3 match 1 3
4 0101111 5 match 2
5 0001101 3 match 1 3
6 0000111 3 match 4
7 0111101 5 match 5

Matching output with Identity
0 2
1 3 5
2 4
3 3 5
4 6
5 7
6 absent
7 0

Left
2 3 4 5 6 7 0x
Best: I2 I3 I4 I5 I6 I7: 6

Right
0 7x
Best: I0: 1

NOT
0 0111011 5
1 0100010 2
2 0001101 3 match 1 3
3 1110010 4 match 0
4 1010000 2
5 1110010 4 match 0
6 1111000 4
7 1000010 2

Matching output with NOT
0 3 5
1 2
2 absent
3 2
4 absent
5 absent
6 absent
7 absent

Left
3 4x
5 6x
Best: NOT3: 1

Right
none
Best: none

Constant
0 0000000 a match 6
1 1111111 a

Matching output with Constant
0 absent
1 absent
2 absent
3 absent
4 absent
5 absent
6 C0
7 absent

Left
none
Best: none

Right
none
Best: none

AND
01 10 1000100 2 match 7
12 21 1010000 2
23 32 0000000 a match 6
34 43 0001101 3 match 1 3
45 54 0001101 3 match 1 3
56 65 0000101 2
67 76 0000101 2
70 07 0000100 1

02 20 1000000 1
13 31 0001101 3 match 1 3
24 42 0100010 2
35 53 0001101 3 match 1 3
46 64 0000111 3 match 4
57 75 0001101 3 match 1 3
60 06 0000100 1
71 17 0011101 4

03 30 0000100 1
14 41 0001101 3 match 1 3
25 52 0000000 a match 6
36 63 0000101 2
47 74 0101101 4
50 05 0000100 1
61 16 0000101 2
72 27 0110000 2

04 40 0000100 1
15 51 0001101 3 match 1 3
26 62 0000010 1
37 73 0001101 3 match 1 3

Matching output with AND
0 absent
1 34 43 45 54 13 31 35 53 57 75 14 41 15 51 37 73
2 absent
3 34 43 45 54 13 31 35 53 57 75 14 41 15 51 37 73
4 46 64
5 absent
6 23 32 25 52
7 01 10

Left
none
Best: none

Right
01 70x
10 07x
Best: AND01: 1

OR
01 10 1011101 5
12 21 1111111 a
23 32 1111111 a
34 43 0101111 5 match 2
45 54 0101111 5 match 2
56 65 0001111 4
67 76 0111111 6
70 07 1111101 6

02 20 1110110 5
13 31 1011101 5
24 42 1111111 a
35 53 0001101 3 match 1 3
46 64 0101111 5 match 2
57 75 0111101 5 match 5
60 06 1000111 4
71 17 1111101 6

03 30 1001101 4
14 41 1111111 a
25 52 1111111 a
36 63 0001111 4
47 74 0111111 6
50 05 1001101 4
61 16 1011111 6
72 27 1111111 a

04 40 1101111 6
15 51 1011101 5
26 62 1110111 6
37 73 0111101 5 match 5

Matching output with OR
0 absent
1 35 53
2 34 43 45 54 46 64
3 35 53
4 absent
5 57 75 37 73
6 absent
7 absent

Left
none
Best: none

Right
none
Best: none

XOR
01 10 0011001 3
12 21 0101111 5 match 2
23 32 1111111 a
34 43 0100010 2
45 54 0100010 2
56 65 0001010 2
67 76 0111010 4
70 07 1111001 5

02 20 0110110 4
13 31 1010000 2
24 42 1011101 5
35 53 0000000 a match 6
46 64 0101000 2
57 75 0110000 2
60 06 1000011 3
71 17 1100000 2

03 30 1001001 3
14 41 1110010 4 match 0
25 52 1111111 a
36 63 0001010 2
47 74 0010010 2
50 05 1001001 3
61 16 1011010 4
72 27 1001111 5

04 40 1101011 5
15 51 1010000 2
26 62 1110101 5
37 73 0110000 2

Matching output with XOR
0 14 41
1 absent
2 12 21
3 absent
4 absent
5 absent
6 35 53
7 absent

Left
14 25x
41 52x
Best: XOR14: 1

Right
none
Best: none

AND-NOT
01 0000000 a match 6
12 0001101 3 match 1 3
23 1110010 4 match 0
34 0000000 a match 6
45 0100010 2
56 0001000 1
67 0000010 1
70 0111001 4

02 0000100 1
13 1010000 2
24 1010000 2
35 0000000 a match 6
46 0101000 2
57 0000000 a match 6
60 0000011 2
71 0100000 1

03 1000000 1
14 1010000 2
25 1110010 4 match 0
36 0001000 1
47 0000010 1
50 0001001 2
61 0000010 1
72 0001101 3 match 1 3

04 1000000 1
15 1010000 2
26 1110000 3
37 0000000 a match 6
40 0101011 4
51 0000000 a match 6
62 0000101 2
73 0110000 2

05 1000000 1
16 1011000 3
27 1000010 2
30 0001001 2
41 0100010 2
52 0001101 3 match 1 3
63 0000010 1
74 0010000 1

06 1000000 1
17 1000000 1
20 0110010 3
31 0000000 a match 6
42 0001101 3 match 1 3
53 0000000 a match 6
64 0000000 a match 6
75 0110000 2

07 1000000 1
10 0011001 3
21 0100010 2
32 0001101 3 match 1 3
43 0100010 2
54 0000000 a match 6
65 0000010 1
76 0111000 3

Matching output with AND-NOT
0 23 25
1 12 72 52 42 32
2 absent
3 12 72 52 42 32
4 absent
5 absent
6 01 34 35 57 37 51 31 53 64 54
7 absent

Left
23 34x
25 36x
Best: AND-NOT23: 1

Right
none
Best: none

OR-NOT
01 1100110 4
12 1011101 5
23 1110010 4 match 0
34 1011101 5
45 1111111 a
56 1111101 6
67 1000111 4
70 0111111 6

02 1001101 4
13 1111111 a
24 1110010 4 match 0
35 1111111 a
46 1111111 a
57 1001111 5
60 0111111 6
71 0111111 6

03 1110110 5
14 1011101 5
25 1110010 4 match 0
36 1111101 6
47 1101111 6
50 0111111 6
61 0100111 4
72 0111101 5 match 5

04 1010100 3
15 1111111 a
26 1111010 5
37 1001111 5
40 0111111 6
51 0101111 5 match 2
62 0001111 4
73 1111111 a

05 1110110 5
16 1111101 6
27 1110010 4 match 0
30 0111111 6
41 0101111 5 match 2
52 0001101 3 match 1 3
63 1110111 6
74 1111101 6

06 1111100 5
17 1011111 6
20 1111011 6
31 0101111 5 match 2
42 0101111 5 match 2
53 1111111 a
64 1010111 5
75 1111111 a

07 1000110 3
10 1111111 a
21 1110010 4 match 0
32 0001101 3 match 1 3
43 1111111 a
54 1011101 5
65 1110111 6
76 1111101 6

Matching output with OR-NOT
0 23 24 25 27 21
1 52 32
2 51 41 31 42
3 52 32
4 absent
5 72
6 absent
7 absent

Left
23 34x
24 35x
25 36x
27 30x
21 32 43x
Best: OR-NOT21 OR-NOT32: 2

Right
none
Best: none

XOR-NOT
01 1100110 4
12 1010000 2
23 0000000 a match 6
34 1011101 5
45 1011101 5
56 1110101 5
67 1000101 3
70 0000110 2

02 1001001 3
13 0101111 5 match 2
24 0100010 2
35 1111111 a
46 1010111 5
57 1001111 5
60 0111100 4
71 0011111 5

03 0110110 4
14 0001101 3 match 1 3
25 0000000 a match 6
36 1110101 5
47 1101101 5
50 0110110 4
61 0100101 3
72 0110000 2

04 0010100 2
15 0101111 5 match 2
26 0001010 2
37 1001111 5
40 0010100 2
51 0101111 5 match 2
62 0001010 2
73 1001111 5

05 0110110 4
16 0100101 3
27 0110000 2
30 0110110 4
41 0001101 3 match 1 3
52 0000000 a match 6
63 1110101 5
74 1101101 5

06 0111100 4
17 0011111 5
20 1001001 3
31 0101111 5 match 2
42 0100010 2
53 1111111 a
64 1010111 5
75 1001111 5

07 0000110 2
10 1100110 4
21 1010000 2
32 0000000 a match 6
43 1011101 5
54 1011101 5
65 1110101 5
76 1000101 3

Matching output with XOR-NOT
0 absent
1 14 41
2 13 15 51 31
3 14 41
4 absent
5 absent
6 23 25 52 32
7 absent

Left
none
Best: none

Right
none
Best: none

Selecting

Lefts
Identity I2 I3 I4 I5 I6 I7: 6
NOT NOT3: 1
Constant none
AND none
OR none
XOR XOR14: 1
AND-NOT AND-NOT23: 1
OR-NOT OR-NOT21 OR-NOT32: 2
XOR-NOT none

Rights
Identity I0: 1
NOT none
Constant none
AND AND01: 1
OR none
XOR none
AND-NOT none
OR-NOT none
XOR-NOT none

Left longest: 6
Right longest: 1

Left winner: Identity yes, NOT no, Constant no, AND no, OR no, XOR no, AND-NOT no, OR-NOT no, XOR-NOT no
Right winner: Identity yes, NOT no, Constant no, AND no, OR no, XOR no, AND-NOT no, OR-NOT no, XOR-NOT no

Best left: I2 I3 I4 I5 I6 I7: 6
Best right: I0: 1

Truncated left: I2 I3 I4 I5 I6 I7: 6
Truncated right: I0: 1

Tentative from right
7 I0
6 pending
5 pending
4 pending
3 pending
2 pending
1 pending
0 pending

Tentative
0 I2
1 I3
2 I4
3 I5
4 I6
5 I7
6 pending
7 I0

Preferred from left
0 I2
1 I3
2 I4
3 I5
4 I6
5 I7
6 ?0?
7 I0

Preferred
0 I2
1 I3
2 I4
3 I5
4 I6
5 I7
6 ?07
7 I0

Matching
0 I2
1 I3
2 I4
3 I5
4 I6
5 I7
6 ?07 - Identity absent, NOT absent, Constant C0, AND absent, OR absent, XOR absent, AND-NOT absent, OR-NOT absent, XOR-NOT absent
7 I0

Perfect match
Identity no
NOT no
Constant yes
AND no
OR no
XOR no
AND-NOT no
OR-NOT no
XOR-NOT no

Matched
0 I2
1 I3
2 I4
3 I5
4 I6
5 I7
6 C0
7 I0

Selected
0 I2
1 I3
2 I4
3 I5
4 I6
5 I7
6 C0
7 I0

Applying to 11101111
Input
0 1
1 1
2 1
3 0
4 1
5 1
6 1
7 1
Output
0 I2 = 1
1 I3 = 0
2 I4 = 1
3 I5 = 1
4 I6 = 1
5 I7 = 1
6 C0 = 0
7 I0 = 1

I will now return the answer in \boxed{}
The answer in \boxed is
\boxed{10111101}
</think>
\boxed{10111101}