We need to deduce the transformation by matching the example outputs.

Output 1: 10000110
0 1
1 0
2 0
3 0
4 0
5 1
6 1
7 0

Output 2: 01000101
0 0
1 1
2 0
3 0
4 0
5 1
6 0
7 1

Output 3: 00000000
0 0
1 0
2 0
3 0
4 0
5 0
6 0
7 0

Output 4: 10000100
0 1
1 0
2 0
3 0
4 0
5 1
6 0
7 0

Output 5: 00000010
0 0
1 0
2 0
3 0
4 0
5 0
6 1
7 0

Output 6: 10000101
0 1
1 0
2 0
3 0
4 0
5 1
6 0
7 1

Output 7: 01000000
0 0
1 1
2 0
3 0
4 0
5 0
6 0
7 0

Output 8: 10000000
0 1
1 0
2 0
3 0
4 0
5 0
6 0
7 0

Output 9: 00000010
0 0
1 0
2 0
3 0
4 0
5 0
6 1
7 0

Output bit columns (with bitsum as hash)
0 100101010 4
1 010000100 2
2 000000000 a
3 000000000 a
4 000000000 a
5 110101000 4
6 100010001 3
7 010001000 2

Input 1: 11000011
0 1
1 1
2 0
3 0
4 0
5 0
6 1
7 1

Input 2: 10101111
0 1
1 0
2 1
3 0
4 1
5 1
6 1
7 1

Input 3: 01100100
0 0
1 1
2 1
3 0
4 0
5 1
6 0
7 0

Input 4: 11000010
0 1
1 1
2 0
3 0
4 0
5 0
6 1
7 0

Input 5: 11011101
0 1
1 1
2 0
3 1
4 1
5 1
6 0
7 1

Input 6: 11111110
0 1
1 1
2 1
3 1
4 1
5 1
6 1
7 0

Input 7: 00101101
0 0
1 0
2 1
3 0
4 1
5 1
6 0
7 1

Input 8: 01101010
0 0
1 1
2 1
3 0
4 1
5 0
6 1
7 0

Input 9: 11001101
0 1
1 1
2 0
3 0
4 1
5 1
6 0
7 1

Identity
0 110111001 6
1 101111011 7
2 011001110 5
3 000011000 2
4 010011111 6
5 011011101 6
6 110101010 5
7 110010101 5

Matching output with Identity
0 absent
1 absent
2 absent
3 absent
4 absent
5 absent
6 absent
7 absent

Left
none
Best: none

Right
none
Best: none

NOT
0 001000110 3
1 010000100 2 match 1
2 100110001 4
3 111100111 7
4 101100000 3
5 100100010 3
6 001010101 4
7 001101010 4

Matching output with NOT
0 absent
1 1
2 absent
3 absent
4 absent
5 absent
6 absent
7 absent

Left
none
Best: none

Right
none
Best: none

Constant
0 000000000 a match 2 3 4
1 111111111 a

Matching output with Constant
0 absent
1 absent
2 C0
3 C0
4 C0
5 absent
6 absent
7 absent

Left
none
Best: none

Right
none
Best: none

AND
01 10 100111001 5
12 21 001001010 3
23 32 000001000 1
34 43 000011000 2
45 54 010011101 5
56 65 010001000 2 match 7
67 76 110000000 2
70 07 110010001 4

02 20 010001000 2 match 7
13 31 000011000 2
24 42 010001110 4
35 53 000011000 2
46 64 010001010 3
57 75 010010101 4
60 06 110101000 4 match 5
71 17 100010001 3 match 6

03 30 000011000 2
14 41 000011011 4
25 52 011001100 4
36 63 000001000 1
47 74 010010101 4
50 05 010011001 4
61 16 100101010 4 match 0
72 27 010000100 2 match 1

04 40 010011001 4
15 51 001011001 4
26 62 010001010 3
37 73 000010000 1

Matching output with AND
0 16 61
1 27 72
2 absent
3 absent
4 absent
5 06 60
6 17 71
7 56 65 02 20

Left
16 27 30x
61 72 03x
Best: AND16 AND27: 2

Right
56 45x
65 54x
02 71 60 57x
20 17 06 75x
Best: AND02 AND71 AND60: 3

OR
01 10 111111011 8
12 21 111111111 a
23 32 011011110 6
34 43 010011111 6
45 54 011011111 7
56 65 111111111 a
67 76 110111111 8
70 07 110111101 7

02 20 111111111 a
13 31 101111011 7
24 42 011011111 7
35 53 011011101 6
46 64 110111111 8
57 75 111011101 7
60 06 110111011 7
71 17 111111111 a

03 30 110111001 6
14 41 111111111 a
25 52 011011111 7
36 63 110111010 6
47 74 110011111 7
50 05 111111101 8
61 16 111111011 8
72 27 111011111 8

04 40 110111111 8
15 51 111111111 a
26 62 111101110 7
37 73 110011101 6

Matching output with OR
0 absent
1 absent
2 absent
3 absent
4 absent
5 absent
6 absent
7 absent

Left
none
Best: none

Right
none
Best: none

XOR
01 10 011000010 3
12 21 110110101 6
23 32 011010110 5
34 43 010000111 4
45 54 001000010 2
56 65 101110111 7
67 76 000111111 6
70 07 000101100 3

02 20 101110111 7
13 31 101100011 5
24 42 001010001 3
35 53 011000101 4
46 64 100110101 5
57 75 101001000 3
60 06 000010011 3
71 17 011101110 6

03 30 110100001 4
14 41 111100100 5
25 52 000010011 3
36 63 110110010 5
47 74 100001010 3
50 05 101100100 4
61 16 011010001 4
72 27 101011011 6

04 40 100100110 4
15 51 110100110 5
26 62 101100100 4
37 73 110001101 5

Matching output with XOR
0 absent
1 absent
2 absent
3 absent
4 absent
5 absent
6 absent
7 absent

Left
none
Best: none

Right
none
Best: none

AND-NOT
01 010000000 1
12 100110001 4
23 011000110 4
34 000000000 a match 2 3 4
45 000000010 1
56 001010101 4
67 000101010 3
70 000000100 1

02 100110001 4
13 101100011 5
24 001000000 1
35 000000000 a match 2 3 4
46 000010101 3
57 001001000 2
60 000000010 1
71 010000100 2 match 1

03 110100001 4
14 101100000 3
25 000000010 1
36 000010000 1
47 000001010 2
50 001000100 2
61 010000000 1
72 100010001 3 match 6

04 100100000 2
15 100100010 3
26 001000100 2
37 000001000 1
40 000000110 2
51 010000100 2 match 1
62 100100000 2
73 110000101 4

05 100100000 2
16 001010001 3
27 001001010 3
30 000000000 a match 2 3 4
41 010000100 2 match 1
52 000010001 2
63 110100010 4
74 100000000 1

06 000010001 2
17 001101010 4
20 001000110 3
31 000000000 a match 2 3 4
42 000010001 2
53 011000101 4
64 100100000 2
75 100000000 1

07 000101000 2
10 001000010 2
21 010000100 2 match 1
32 000010000 1
43 010000111 4
54 001000000 1
65 100100010 3
76 000010101 3

Matching output with AND-NOT
0 absent
1 71 51 41 21
2 34 35 30 31
3 34 35 30 31
4 34 35 30 31
5 absent
6 72
7 absent

Left
none
Best: none

Right
none
Best: none

OR-NOT
01 110111101 7
12 101111011 7
23 111101111 8
34 101111000 5
45 110111111 8
56 011011101 6
67 111101010 6
70 111010111 7

02 110111001 6
13 111111111 a
24 111101110 7
35 100111010 5
46 011011111 7
57 011111111 8
60 111101110 7
71 110010101 5

03 111111111 a
14 101111011 7
25 111101110 7
36 001011101 5
47 011111111 8
50 011011111 7
61 110101110 6
72 110110101 6

04 111111001 7
15 101111011 7
26 011011111 7
37 001111010 5
40 011011111 7
51 011011101 6
62 110111011 7
73 111110111 8

05 110111011 7
16 101111111 8
27 011101110 6
30 001011110 5
41 010011111 6
52 111111101 8
63 111101111 8
74 111110101 7

06 111111101 8
17 101111011 7
20 011001110 5
31 010011100 4
42 110111111 8
53 111111111 a
64 111101010 6
75 110110111 7

07 111111011 8
10 101111111 8
21 011001110 5
32 100111001 5
43 111111111 a
54 111111101 8
65 110101010 5
76 111010101 6

Matching output with OR-NOT
0 absent
1 absent
2 absent
3 absent
4 absent
5 absent
6 absent
7 absent

Left
none
Best: none

Right
none
Best: none

XOR-NOT
01 100111101 6
12 001001010 3
23 100101001 4
34 101111000 5
45 110111101 7
56 010001000 2 match 7
67 111000000 3
70 111010011 6

02 010001000 2 match 7
13 010011100 4
24 110101110 6
35 100111010 5
46 011001010 4
57 010110111 6
60 111101100 6
71 100010001 3 match 6

03 001011110 5
14 000011011 4
25 111101100 6
36 001001101 4
47 011110101 6
50 010011011 5
61 100101110 5
72 010100100 3

04 011011001 5
15 001011001 4
26 010011011 5
37 001110010 4
40 011011001 5
51 001011001 4
62 010011011 5
73 001110010 4

05 010011011 5
16 100101110 5
27 010100100 3
30 001011110 5
41 000011011 4
52 111101100 6
63 001001101 4
74 011110101 6

06 111101100 6
17 100010001 3 match 6
20 010001000 2 match 7
31 010011100 4
42 110101110 6
53 100111010 5
64 011001010 4
75 010110111 6

07 111010011 6
10 100111101 6
21 001001010 3
32 100101001 4
43 101111000 5
54 110111101 7
65 010001000 2 match 7
76 111000000 3

Matching output with XOR-NOT
0 absent
1 absent
2 absent
3 absent
4 absent
5 absent
6 71 17
7 56 02 20 65

Left
none
Best: none

Right
56 45x
02 71 60x
20 17 06x
65 54x
Best: XOR-NOT02 XOR-NOT71: 2

Selecting

Lefts
Identity none
NOT none
Constant none
AND AND16 AND27: 2
OR none
XOR none
AND-NOT none
OR-NOT none
XOR-NOT none

Rights
Identity none
NOT none
Constant none
AND AND02 AND71 AND60: 3
OR none
XOR none
AND-NOT none
OR-NOT none
XOR-NOT XOR-NOT02 XOR-NOT71: 2

Left longest: 2
Right longest: 3

Right winner: Identity no, NOT no, Constant no, AND yes, OR no, XOR no, AND-NOT no, OR-NOT no, XOR-NOT no
Left winner: Identity no, NOT no, Constant no, AND yes, OR no, XOR no, AND-NOT no, OR-NOT no, XOR-NOT no

Best right: AND02 AND71 AND60: 3
Best left: AND16 AND27: 2

Truncated right: AND02 AND71 AND60: 3
Truncated left: AND16 AND27: 2

Tentative from right
7 AND02
6 AND71
5 AND60
4 pending
3 pending
2 pending
1 pending
0 pending

Tentative
0 AND16
1 AND27
2 pending
3 pending
4 pending
5 AND60
6 AND71
7 AND02

Preferred from right
7 AND02
6 AND71
5 AND60
4 ?57
3 ?46
2 ?35
1 AND27
0 AND16

Preferred
0 AND16
1 AND27
2 ?35
3 ?46
4 ?57
5 AND60
6 AND71
7 AND02

Matching
0 AND16
1 AND27
2 ?35 - Identity absent, NOT absent, Constant C0, AND absent, OR absent, XOR absent, AND-NOT35, OR-NOT absent, XOR-NOT absent
3 ?46 - Identity absent, NOT absent, Constant C0, AND absent, OR absent, XOR absent, AND-NOT absent, OR-NOT absent, XOR-NOT absent
4 ?57 - Identity absent, NOT absent, Constant C0, AND absent, OR absent, XOR absent, AND-NOT absent, OR-NOT absent, XOR-NOT absent
5 AND60
6 AND71
7 AND02

Perfect match
Identity no
NOT no
Constant yes
AND no
OR no
XOR no
AND-NOT no
OR-NOT no
XOR-NOT no

Matched
0 AND16
1 AND27
2 C0
3 C0
4 C0
5 AND60
6 AND71
7 AND02

Selected
0 AND16
1 AND27
2 C0
3 C0
4 C0
5 AND60
6 AND71
7 AND02

Applying to 10011100
Input
0 1
1 0
2 0
3 1
4 1
5 1
6 0
7 0
Output
0 AND16 = AND(0,0) = 0
1 AND27 = AND(0,0) = 0
2 C0 = 0
3 C0 = 0
4 C0 = 0
5 AND60 = AND(0,1) = 0
6 AND71 = AND(0,0) = 0
7 AND02 = AND(1,0) = 0

I will now return the answer in \boxed{}
The answer in \boxed is
\boxed{00000000}
</think>
\boxed{00000000}