We need to deduce the transformation by matching the example outputs.

Output 1: 01000010
0 0
1 1
2 0
3 0
4 0
5 0
6 1
7 0

Output 2: 10110101
0 1
1 0
2 1
3 1
4 0
5 1
6 0
7 1

Output 3: 11100110
0 1
1 1
2 1
3 0
4 0
5 1
6 1
7 0

Output 4: 10111101
0 1
1 0
2 1
3 1
4 1
5 1
6 0
7 1

Output 5: 00110000
0 0
1 0
2 1
3 1
4 0
5 0
6 0
7 0

Output 6: 11011110
0 1
1 1
2 0
3 1
4 1
5 1
6 1
7 0

Output 7: 00111001
0 0
1 0
2 1
3 1
4 1
5 0
6 0
7 1

Output 8: 00101001
0 0
1 0
2 1
3 0
4 1
5 0
6 0
7 1

Output 9: 10000100
0 1
1 0
2 0
3 0
4 0
5 1
6 0
7 0

Output 10: 01011011
0 0
1 1
2 0
3 1
4 1
5 0
6 1
7 1

Output bit columns (with bitsum as hash)
0 0111010010 5
1 1010010001 4
2 0111101100 6
3 0101111001 6
4 0001011101 5
5 0111010010 5
6 1010010001 4
7 0101001101 5

Input 1: 00101001
0 0
1 0
2 1
3 0
4 1
5 0
6 0
7 1

Input 2: 00010110
0 0
1 0
2 0
3 1
4 0
5 1
6 1
7 0

Input 3: 10111001
0 1
1 0
2 1
3 1
4 1
5 0
6 0
7 1

Input 4: 01110100
0 0
1 1
2 1
3 1
4 0
5 1
6 0
7 0

Input 5: 11100001
0 1
1 1
2 1
3 0
4 0
5 0
6 0
7 1

Input 6: 00011011
0 0
1 0
2 0
3 1
4 1
5 0
6 1
7 1

Input 7: 01000101
0 0
1 1
2 0
3 0
4 0
5 1
6 0
7 1

Input 8: 01100110
0 0
1 1
2 1
3 0
4 0
5 1
6 1
7 0

Input 9: 00010000
0 0
1 0
2 0
3 1
4 0
5 0
6 0
7 0

Input 10: 11101100
0 1
1 1
2 1
3 0
4 1
5 1
6 0
7 0

Identity
0 0010100001 3
1 0001101101 5
2 1011100101 6
3 0111010010 5 match 0 5
4 1010010001 4 match 1 6
5 0101001101 5 match 7
6 0100010100 3
7 1010111000 5

Matching output with Identity
0 3
1 4
2 absent
3 absent
4 absent
5 3
6 4
7 5

Left
3 4 5x
Best: I3 I4: 2

Right
5 4 3 2x
Best: I5 I4 I3: 3

NOT
0 1101011110 7
1 1110010010 5
2 0100011010 4
3 1000101101 5
4 0101101110 6
5 1010110010 5
6 1011101011 7
7 0101000111 5

Matching output with NOT
0 absent
1 absent
2 absent
3 absent
4 absent
5 absent
6 absent
7 absent

Left
none
Best: none

Right
none
Best: none

Constant
0 0000000000 a
1 1111111111 a

Matching output with Constant
0 absent
1 absent
2 absent
3 absent
4 absent
5 absent
6 absent
7 absent

Left
none
Best: none

Right
none
Best: none

AND
01 10 0000100001 2
12 21 0001100101 4
23 32 0011000000 2
34 43 0010010000 2
45 54 0000000001 1
56 65 0100000100 2
67 76 0000010000 1
70 07 0010100000 2

02 20 0010100001 3
13 31 0001000000 1
24 42 1010000001 3
35 53 0101000000 2
46 64 0000010000 1
57 75 0000001000 1
60 06 0000000000 a
71 17 0000101000 2

03 30 0010000000 1
14 41 0000000001 1
25 52 0001000101 3
36 63 0100010000 2
47 74 1010010000 3
50 05 0000000001 1
61 16 0000000100 1
72 27 1010100000 3

04 40 0010000001 2
15 51 0001001101 4
26 62 0000000100 1
37 73 0010010000 2

Matching output with AND
0 absent
1 absent
2 absent
3 absent
4 absent
5 absent
6 absent
7 absent

Left
none
Best: none

Right
none
Best: none

OR
01 10 0011101101 6
12 21 1011101101 7
23 32 1111110111 9
34 43 1111010011 7
45 54 1111011101 8
56 65 0101011101 6
67 76 1110111100 7
70 07 1010111001 6

02 20 1011100101 6
13 31 0111111111 9
24 42 1011110101 7
35 53 0111011111 8
46 64 1110010101 6
57 75 1111111101 9
60 06 0110110101 6
71 17 1011111101 8

03 30 0111110011 7
14 41 1011111101 8
25 52 1111101101 8
36 63 0111010110 6
47 74 1010111001 6
50 05 0111101101 7
61 16 0101111101 7
72 27 1011111101 8

04 40 1010110001 5
15 51 0101101101 6
26 62 1111110101 8
37 73 1111111010 8

Matching output with OR
0 absent
1 absent
2 absent
3 absent
4 absent
5 absent
6 absent
7 absent

Left
none
Best: none

Right
none
Best: none

XOR
01 10 0011001100 4
12 21 1010001000 3
23 32 1100110111 7
34 43 1101000011 5
45 54 1111011100 7
56 65 0001011001 4
67 76 1110101100 6
70 07 1000011001 4

02 20 1001000100 3
13 31 0110111111 8
24 42 0001110100 4
35 53 0010011111 6
46 64 1110000101 5
57 75 1111110101 8
60 06 0110110101 6
71 17 1011010101 6

03 30 0101110011 6
14 41 1011111100 7
25 52 1110101000 5
36 63 0011000110 4
47 74 0000101001 3
50 05 0111101100 6 match 2
61 16 0101111001 6 match 3
72 27 0001011101 5 match 4

04 40 1000110000 3
15 51 0100100000 2
26 62 1111110001 7
37 73 1101101010 6

Matching output with XOR
0 absent
1 absent
2 05 50
3 16 61
4 27 72
5 absent
6 absent
7 absent

Left
none
Best: none

Right
none
Best: none

AND-NOT
01 0010000000 1
12 0000001000 1
23 1000100101 4
34 0101000010 3
45 1010010000 3
56 0001001001 3
67 0100000100 2
70 1000011000 3

02 0000000000 a
13 0000101101 4
24 0001100100 3
35 0010010010 3
46 1010000001 3
57 0101000101 4
60 0100010100 3
71 1010010000 3

03 0000100001 2
14 0001101100 4
25 1010100000 3
36 0011000010 3
47 0000000001 1
50 0101001100 4
61 0100010000 2
72 0000011000 2

04 0000100000 1
15 0000100000 1
26 1011100001 5
37 0101000010 3
40 1000010000 2
51 0100000000 1
62 0100010000 2
73 1000101000 3

05 0010100000 2
16 0001101001 4
27 0001000101 3
30 0101010010 4
41 1010010000 3
52 0100001000 2
63 0000000100 1
74 0000101000 2

06 0010100001 3
17 0001000101 3
20 1001000100 3
31 0110010010 4
42 0000010000 1
53 0000001101 3
64 0100000100 2
75 1010110000 4

07 0000000001 1
10 0001001100 3
21 1010000000 2
32 0100010010 3
43 1000000001 2
54 0101001100 4
65 0000010000 1
76 1010101000 4

Matching output with AND-NOT
0 absent
1 absent
2 absent
3 absent
4 absent
5 absent
6 absent
7 absent

Left
none
Best: none

Right
none
Best: none

OR-NOT
01 1110110011 7
12 0101111111 8
23 1011101101 7
34 0111111110 8
45 1010110011 6
56 1111101111 9
67 0101010111 6
70 1111111110 9

02 0110111011 7
13 1001101101 6
24 1111101111 9
35 1111110010 7
46 1011111011 8
57 0101001111 6
60 1101011110 7
71 1110111010 7

03 1010101101 6
14 0101101111 7
25 1011110111 8
36 1111111011 9
47 1111010111 8
50 1101011111 8
61 1110010110 6
72 1110111010 7

04 0111101111 8
15 1011111111 9
26 1011101111 8
37 0111010111 7
40 1111011111 9
51 1111011111 9
62 0100011110 5
73 1010111101 7

05 1010110011 6
16 1011101111 8
27 1111100111 8
30 1111011110 8
41 1110010011 6
52 0101011111 7
63 1100111101 7
74 1111111110 9

06 1011101011 7
17 0101101111 7
20 1111111111 a
31 1111010010 6
42 1110011011 7
53 1101101101 7
64 0101111110 7
75 1010111010 6

07 0111100111 7
10 1101111111 9
21 1111110111 9
32 0111011010 6
43 1010111101 7
54 0101101111 7
65 1110110110 7
76 1011111011 8

Matching output with OR-NOT
0 absent
1 absent
2 absent
3 absent
4 absent
5 absent
6 absent
7 absent

Left
none
Best: none

Right
none
Best: none

XOR-NOT
01 1100110011 6
12 0101110111 7
23 0011001000 3
34 0010111100 5
45 0000100011 3
56 1110100110 6
67 0001010011 4
70 0111100110 6

02 0110111011 7
13 1001000000 2
24 1110001011 6
35 1101100000 4
46 0001111010 5
57 0000001010 2
60 1001001010 4
71 0100101010 4

03 1010001100 4
14 0100000011 3
25 0001010111 5
36 1100111001 6
47 1111010110 7
50 1000010011 4
61 1010000110 4
72 1110100010 5

04 0111001111 7
15 1011011111 8
26 0000001110 3
37 0010010101 4
40 0111001111 7
51 1011011111 8
62 0000001110 3
73 0010010101 4

05 1000010011 4
16 1010000110 4
27 1110100010 5
30 1010001100 4
41 0100000011 3
52 0001010111 5
63 1100111001 6
74 1111010110 7

06 1001001010 4
17 0100101010 4
20 0110111011 7
31 1001000000 2
42 1110001011 6
53 1101100000 4
64 0001111010 5
75 0000001010 2

07 0111100110 6
10 1100110011 6
21 0101110111 7
32 0011001000 3
43 0010111100 5
54 0000100011 3
65 1110100110 6
76 0001010011 4

Matching output with XOR-NOT
0 absent
1 absent
2 absent
3 absent
4 absent
5 absent
6 absent
7 absent

Left
none
Best: none

Right
none
Best: none

Selecting

Lefts
Identity I3 I4: 2
NOT none
Constant none
AND none
OR none
XOR none
AND-NOT none
OR-NOT none
XOR-NOT none

Rights
Identity I5 I4 I3: 3
NOT none
Constant none
AND none
OR none
XOR none
AND-NOT none
OR-NOT none
XOR-NOT none

Left longest: 2
Right longest: 3

Right winner: Identity yes, NOT no, Constant no, AND no, OR no, XOR no, AND-NOT no, OR-NOT no, XOR-NOT no
Left winner: Identity yes, NOT no, Constant no, AND no, OR no, XOR no, AND-NOT no, OR-NOT no, XOR-NOT no

Best right: I5 I4 I3: 3
Best left: I3 I4: 2

Truncated right: I5 I4 I3: 3
Truncated left: I3 I4: 2

Tentative from right
7 I5
6 I4
5 I3
4 pending
3 pending
2 pending
1 pending
0 pending

Tentative
0 I3
1 I4
2 pending
3 pending
4 pending
5 I3
6 I4
7 I5

Preferred from right
7 I5
6 I4
5 I3
4 ??2
3 ??1
2 ??0
1 I4
0 I3

Preferred
0 I3
1 I4
2 ?50
3 ?61
4 ?72
5 I3
6 I4
7 I5

Matching
0 I3
1 I4
2 ?50 - Identity absent, NOT absent, Constant absent, AND absent, OR absent, XOR50, AND-NOT absent, OR-NOT absent, XOR-NOT absent
3 ?61 - Identity absent, NOT absent, Constant absent, AND absent, OR absent, XOR61, AND-NOT absent, OR-NOT absent, XOR-NOT absent
4 ?72 - Identity absent, NOT absent, Constant absent, AND absent, OR absent, XOR72, AND-NOT absent, OR-NOT absent, XOR-NOT absent
5 I3
6 I4
7 I5

Perfect match
Identity no
NOT no
Constant no
AND no
OR no
XOR yes
AND-NOT no
OR-NOT no
XOR-NOT no

Matched
0 I3
1 I4
2 XOR50
3 XOR61
4 XOR72
5 I3
6 I4
7 I5

Selected
0 I3
1 I4
2 XOR50
3 XOR61
4 XOR72
5 I3
6 I4
7 I5

Applying to 00100100
Input
0 0
1 0
2 1
3 0
4 0
5 1
6 0
7 0
Output
0 I3 = 0
1 I4 = 0
2 XOR50 = XOR(1,0) = 1
3 XOR61 = XOR(0,0) = 0
4 XOR72 = XOR(0,1) = 1
5 I3 = 0
6 I4 = 0
7 I5 = 1

I will now return the answer in \boxed{}
The answer in \boxed is
\boxed{00101001}
</think>
\boxed{00101001}