We need to deduce the transformation by matching the example outputs.

Output 1: 01001000
0 0
1 1
2 0
3 0
4 1
5 0
6 0
7 0

Output 2: 11001010
0 1
1 1
2 0
3 0
4 1
5 0
6 1
7 0

Output 3: 11011100
0 1
1 1
2 0
3 1
4 1
5 1
6 0
7 0

Output 4: 10001110
0 1
1 0
2 0
3 0
4 1
5 1
6 1
7 0

Output 5: 00111111
0 0
1 0
2 1
3 1
4 1
5 1
6 1
7 1

Output 6: 10101011
0 1
1 0
2 1
3 0
4 1
5 0
6 1
7 1

Output 7: 00101111
0 0
1 0
2 1
3 0
4 1
5 1
6 1
7 1

Output 8: 10111111
0 1
1 0
2 1
3 1
4 1
5 1
6 1
7 1

Output 9: 10011100
0 1
1 0
2 0
3 1
4 1
5 1
6 0
7 0

Output bit columns (with bitsum as hash)
0 011101011 6
1 111000000 3
2 000011110 4
3 001010011 4
4 111111111 a
5 001110111 6
6 010111110 6
7 000011110 4

Input 1: 00100101
0 0
1 0
2 1
3 0
4 0
5 1
6 0
7 1

Input 2: 11100010
0 1
1 1
2 1
3 0
4 0
5 0
6 1
7 0

Input 3: 01101101
0 0
1 1
2 1
3 0
4 1
5 1
6 0
7 1

Input 4: 01000101
0 0
1 1
2 0
3 0
4 0
5 1
6 0
7 1

Input 5: 10011011
0 1
1 0
2 0
3 1
4 1
5 0
6 1
7 1

Input 6: 01010111
0 0
1 1
2 0
3 1
4 0
5 1
6 1
7 1

Input 7: 10010011
0 1
1 0
2 0
3 1
4 0
5 0
6 1
7 1

Input 8: 11011001
0 1
1 1
2 0
3 1
4 1
5 0
6 0
7 1

Input 9: 01001100
0 0
1 1
2 0
3 0
4 1
5 1
6 0
7 0

Identity
0 010010110 4
1 011101011 6 match 0
2 111000000 3 match 1
3 000011110 4 match 2 7
4 001010011 4 match 3
5 101101001 5
6 010011100 4
7 101111110 7

Matching output with Identity
0 1
1 2
2 3
3 4
4 absent
5 absent
6 absent
7 3

Left
1 2 3 4 5x
Best: I1 I2 I3 I4: 4

Right
3 2x
Best: I3: 1

NOT
0 101101001 5
1 100010100 3
2 000111111 6
3 111100001 5
4 110101100 5
5 010010110 4
6 101100011 5
7 010000001 2

Matching output with NOT
0 absent
1 absent
2 absent
3 absent
4 absent
5 absent
6 absent
7 absent

Left
none
Best: none

Right
none
Best: none

Constant
0 000000000 a
1 111111111 a match 4

Matching output with Constant
0 absent
1 absent
2 absent
3 absent
4 C1
5 absent
6 absent
7 absent

Left
none
Best: none

Right
none
Best: none

AND
01 10 010000010 2
12 21 011000000 2
23 32 000000000 a
34 43 000010010 2
45 54 001000001 2
56 65 000001000 1
67 76 000011100 3
70 07 000010110 3

02 20 010000000 1
13 31 000001010 2
24 42 001000000 1
35 53 000001000 1
46 64 000010000 1
57 75 101101000 4
60 06 010010100 3
71 17 001101010 4

03 30 000010110 3
14 41 001000011 3
25 52 101000000 2
36 63 000011100 3
47 74 001010010 3
50 05 000000000 a
61 16 010001000 2
72 27 101000000 2

04 40 000010010 2
15 51 001101001 4
26 62 010000000 1
37 73 000011110 4 match 2 7

Matching output with AND
0 absent
1 absent
2 37 73
3 absent
4 absent
5 absent
6 absent
7 37 73

Left
none
Best: none

Right
37 26x
73 62x
Best: AND37: 1

OR
01 10 011111111 8
12 21 111101011 7
23 32 111011110 7
34 43 001011111 6
45 54 101111011 7
56 65 111111101 8
67 76 111111110 8
70 07 111111110 8

02 20 111010110 6
13 31 011111111 8
24 42 111010011 6
35 53 101111111 8
46 64 011011111 7
57 75 101111111 8
60 06 010011110 5
71 17 111111111 a match 4

03 30 010011110 5
14 41 011111011 7
25 52 111101001 6
36 63 010011110 5
47 74 101111111 8
50 05 111111111 a match 4
61 16 011111111 8
72 27 111111110 8

04 40 011010111 6
15 51 111101011 7
26 62 111011100 6
37 73 101111110 7

Matching output with OR
0 absent
1 absent
2 absent
3 absent
4 17 71 05 50
5 absent
6 absent
7 absent

Left
none
Best: none

Right
none
Best: none

XOR
01 10 001111101 6
12 21 100101011 5
23 32 111011110 7
34 43 001001101 4
45 54 100111010 5
56 65 111110101 7
67 76 111100010 5
70 07 111101000 5

02 20 101010110 5
13 31 011110101 6
24 42 110010011 5
35 53 101110111 7
46 64 011001111 6
57 75 000010111 4
60 06 000001010 2
71 17 110010101 5

03 30 010001000 2
14 41 010111000 4
25 52 010101001 4
36 63 010000010 2
47 74 100101101 5
50 05 111111111 a match 4
61 16 001110111 6 match 5
72 27 010111110 6 match 6

04 40 011000101 4
15 51 110000010 3
26 62 101011100 5
37 73 101100000 3

Matching output with XOR
0 absent
1 absent
2 absent
3 absent
4 05 50
5 16 61
6 27 72
7 absent

Left
none
Best: none

Right
none
Best: none

AND-NOT
01 000010100 2
12 000101011 4
23 111000000 3 match 1
34 000001100 2
45 000010010 2
56 101100001 4
67 010000000 1
70 101101000 4

02 000010110 3
13 011100001 4
24 110000000 2
35 000010110 3
46 001000011 3
57 000000001 1
60 000001000 1
71 100010100 3

03 010000000 1
14 010101000 3
25 010000000 1
36 000000010 1
47 000000001 1
50 101101001 5
61 000010100 2
72 000111110 5

04 010000100 2
15 010000010 2
26 101000000 2
37 000000000 a
40 001000001 2
51 100000000 1
62 000011100 3
73 101100000 3

05 010010110 4
16 001100011 4
27 010000000 1
30 000001000 1
41 000010000 1
52 000101001 3
63 010000000 1
74 100101100 4

06 000000010 1
17 010000001 2
20 101000000 2
31 000010100 2
42 000010011 3
53 101100001 4
64 010001100 3
75 000010110 3

07 010000000 1
10 001101001 4
21 100000000 1
32 000011110 4 match 2 7
43 001000001 2
54 100101000 3
65 010010100 3
76 101100010 4

Matching output with AND-NOT
0 absent
1 23
2 32
3 absent
4 absent
5 absent
6 absent
7 32

Left
none
Best: none

Right
32 21x
Best: AND-NOT32: 1

OR-NOT
01 110010110 5
12 011111111 8
23 111100001 5
34 110111110 7
45 011010111 6
56 101101011 6
67 010011101 5
70 101111111 8

02 010111111 7
13 111101011 7
24 111101100 6
35 010011110 5
46 101110011 6
57 111101001 6
60 111111101 8
71 101111110 7

03 111110111 8
14 111101111 8
25 111010110 6
36 101111111 8
47 011010011 5
50 101101001 5
61 110011100 5
72 101111111 8

04 110111110 7
15 011111111 8
26 111100011 6
37 010011111 6
40 101111011 7
51 101111101 7
62 010111111 7
73 111111111 a match 4

05 010010110 4
16 111101011 7
27 111000001 4
30 101111111 8
41 101010111 6
52 101111111 8
63 111111101 8
74 111111110 8

06 111110111 8
17 011101011 6 match 0
20 111101001 6
31 100011110 5
42 001111111 7
53 111101001 6
64 110111100 6
75 111111110 8

07 010010111 5
10 111101011 7
21 111010100 5
32 000111111 6
43 111110011 7
54 111101101 7
65 010011110 5
76 101111111 8

Matching output with OR-NOT
0 17
1 absent
2 absent
3 absent
4 73
5 absent
6 absent
7 absent

Left
17 20x
Best: OR-NOT17: 1

Right
none
Best: none

XOR-NOT
01 110000010 3
12 011010100 4
23 000100001 2
34 110110010 5
45 011000101 4
56 000001010 2
67 000011101 4
70 000010111 4

02 010101001 4
13 100001010 3
24 001101100 4
35 010001000 2
46 100110000 3
57 111101000 5
60 111110101 7
71 001101010 4

03 101110111 7
14 101000111 5
25 101010110 5
36 101111101 7
47 011010010 4
50 000000000 a
61 110001000 3
72 101000001 3

04 100111010 5
15 001111101 6
26 010100011 4
37 010011111 6
40 100111010 5
51 001111101 6
62 010100011 4
73 010011111 6

05 000000000 a
16 110001000 3
27 101000001 3
30 101110111 7
41 101000111 5
52 101010110 5
63 101111101 7
74 011010010 4

06 111110101 7
17 001101010 4
20 010101001 4
31 100001010 3
42 001101100 4
53 010001000 2
64 100110000 3
75 111101000 5

07 000010111 4
10 110000010 3
21 011010100 4
32 000100001 2
43 110110010 5
54 011000101 4
65 000001010 2
76 000011101 4

Matching output with XOR-NOT
0 absent
1 absent
2 absent
3 absent
4 absent
5 absent
6 absent
7 absent

Left
none
Best: none

Right
none
Best: none

Selecting

Lefts
Identity I1 I2 I3 I4: 4
NOT none
Constant none
AND none
OR none
XOR none
AND-NOT none
OR-NOT OR-NOT17: 1
XOR-NOT none

Rights
Identity I3: 1
NOT none
Constant none
AND AND37: 1
OR none
XOR none
AND-NOT AND-NOT32: 1
OR-NOT none
XOR-NOT none

Left longest: 4
Right longest: 1

Left winner: Identity yes, NOT no, Constant no, AND no, OR no, XOR no, AND-NOT no, OR-NOT no, XOR-NOT no
Right winner: Identity yes, NOT no, Constant no, AND no, OR no, XOR no, AND-NOT no, OR-NOT no, XOR-NOT no

Best left: I1 I2 I3 I4: 4
Best right: I3: 1

Truncated left: I1 I2 I3 I4: 4
Truncated right: I3: 1

Tentative from right
7 I3
6 pending
5 pending
4 pending
3 pending
2 pending
1 pending
0 pending

Tentative
0 I1
1 I2
2 I3
3 I4
4 pending
5 pending
6 pending
7 I3

Preferred from left
0 I1
1 I2
2 I3
3 I4
4 ?5?
5 ?6?
6 ?7?
7 I3

Preferred
0 I1
1 I2
2 I3
3 I4
4 ?50
5 ?61
6 ?72
7 I3

Matching
0 I1
1 I2
2 I3
3 I4
4 ?50 - Identity absent, NOT absent, Constant C1, AND absent, OR50, XOR50, AND-NOT absent, OR-NOT absent, XOR-NOT absent
5 ?61 - Identity absent, NOT absent, Constant absent, AND absent, OR absent, XOR61, AND-NOT absent, OR-NOT absent, XOR-NOT absent
6 ?72 - Identity absent, NOT absent, Constant absent, AND absent, OR absent, XOR72, AND-NOT absent, OR-NOT absent, XOR-NOT absent
7 I3

Perfect match
Identity no
NOT no
Constant no
AND no
OR no
XOR yes
AND-NOT no
OR-NOT no
XOR-NOT no

Matched
0 I1
1 I2
2 I3
3 I4
4 XOR50
5 XOR61
6 XOR72
7 I3

Selected
0 I1
1 I2
2 I3
3 I4
4 XOR50
5 XOR61
6 XOR72
7 I3

Applying to 10100001
Input
0 1
1 0
2 1
3 0
4 0
5 0
6 0
7 1
Output
0 I1 = 0
1 I2 = 1
2 I3 = 0
3 I4 = 0
4 XOR50 = XOR(0,1) = 1
5 XOR61 = XOR(0,0) = 0
6 XOR72 = XOR(1,1) = 0
7 I3 = 0

I will now return the answer in \boxed{}
The answer in \boxed is
\boxed{01001000}
</think>
\boxed{01001000}