We need to deduce the transformation by matching the example outputs.

Output 1: 00100010
0 0
1 0
2 1
3 0
4 0
5 0
6 1
7 0

Output 2: 00111100
0 0
1 0
2 1
3 1
4 1
5 1
6 0
7 0

Output 3: 01010010
0 0
1 1
2 0
3 1
4 0
5 0
6 1
7 0

Output 4: 10101101
0 1
1 0
2 1
3 0
4 1
5 1
6 0
7 1

Output 5: 10110001
0 1
1 0
2 1
3 1
4 0
5 0
6 0
7 1

Output 6: 00010010
0 0
1 0
2 0
3 1
4 0
5 0
6 1
7 0

Output 7: 11101101
0 1
1 1
2 1
3 0
4 1
5 1
6 0
7 1

Output 8: 01110110
0 0
1 1
2 1
3 1
4 0
5 1
6 1
7 0

Output 9: 00010110
0 0
1 0
2 0
3 1
4 0
5 1
6 1
7 0

Output 10: 00000000
0 0
1 0
2 0
3 0
4 0
5 0
6 0
7 0

Output bit columns (with bitsum as hash)
0 0001101000 3
1 0010001100 3
2 1101101100 6
3 0110110110 6
4 0101001000 3
5 0101001110 5
6 1010010110 5
7 0001101000 3

Input 1: 10010000
0 1
1 0
2 0
3 1
4 0
5 0
6 0
7 0

Input 2: 10011111
0 1
1 0
2 0
3 1
4 1
5 1
6 1
7 1

Input 3: 10101000
0 1
1 0
2 1
3 0
4 1
5 0
6 0
7 0

Input 4: 11010111
0 1
1 1
2 0
3 1
4 0
5 1
6 1
7 1

Input 5: 01011000
0 0
1 1
2 0
3 1
4 1
5 0
6 0
7 0

Input 6: 10001000
0 1
1 0
2 0
3 0
4 1
5 0
6 0
7 0

Input 7: 01110110
0 0
1 1
2 1
3 1
4 0
5 1
6 1
7 0

Input 8: 00111011
0 0
1 0
2 1
3 1
4 1
5 0
6 1
7 1

Input 9: 10001010
0 1
1 0
2 0
3 0
4 1
5 0
6 1
7 0

Input 10: 10000001
0 1
1 0
2 0
3 0
4 0
5 0
6 0
7 1

Identity
0 1111010011 7
1 0001101000 3 match 0 7
2 0010001100 3 match 1
3 1101101100 6 match 2
4 0110110110 6 match 3
5 0101001000 3 match 4
6 0101001110 5 match 5
7 0101000101 4

Matching output with Identity
0 1
1 2
2 3
3 4
4 5
5 6
6 absent
7 1

Left
1 2 3 4 5 6 7x
Best: I1 I2 I3 I4 I5 I6: 6

Right
1 0x
Best: I1: 1

NOT
0 0000101100 3
1 1110010111 7
2 1101110011 7
3 0010010011 4
4 1001001001 4
5 1010110111 7
6 1010110001 5
7 1010111010 6

Matching output with NOT
0 absent
1 absent
2 absent
3 absent
4 absent
5 absent
6 absent
7 absent

Left
none
Best: none

Right
none
Best: none

Constant
0 0000000000 a
1 1111111111 a

Matching output with Constant
0 absent
1 absent
2 absent
3 absent
4 absent
5 absent
6 absent
7 absent

Left
none
Best: none

Right
none
Best: none

AND
01 10 0001000000 1
12 21 0000001000 1
23 32 0000001100 2
34 43 0100100100 3
45 54 0100000000 1
56 65 0101001000 3 match 4
67 76 0101000100 3
70 07 0101000001 3

02 20 0010000000 1
13 31 0001101000 3 match 0 7
24 42 0010000100 2
35 53 0101001000 3 match 4
46 64 0100000110 3
57 75 0101000000 2
60 06 0101000010 3
71 17 0001000000 1

03 30 1101000000 3
14 41 0000100000 1
25 52 0000001000 1
36 63 0101001100 4
47 74 0100000100 2
50 05 0101000000 2
61 16 0001001000 2
72 27 0000000100 1

04 40 0110010010 4
15 51 0001001000 2
26 62 0000001100 2
37 73 0101000100 3

Matching output with AND
0 13 31
1 absent
2 absent
3 absent
4 56 65 35 53
5 absent
6 absent
7 13 31

Left
13 24x
31 42x
Best: AND13: 1

Right
13 02x
31 20x
Best: AND13: 1

OR
01 10 1111111011 9
12 21 0011101100 5
23 32 1111101100 7
34 43 1111111110 9
45 54 0111111110 8
56 65 0101001110 5 match 5
67 76 0101001111 6
70 07 1111010111 8

02 20 1111011111 9
13 31 1101101100 6 match 2
24 42 0110111110 7
35 53 1101101100 6 match 2
46 64 0111111110 8
57 75 0101001101 5
60 06 1111011111 9
71 17 0101101101 6

03 30 1111111111 a
14 41 0111111110 8
25 52 0111001100 5
36 63 1101101110 7
47 74 0111110111 8
50 05 1111011011 8
61 16 0101101110 6
72 27 0111001101 6

04 40 1111110111 9
15 51 0101101000 4
26 62 0111001110 6
37 73 1101101101 7

Matching output with OR
0 absent
1 absent
2 13 31 35 53
3 absent
4 absent
5 56 65
6 absent
7 absent

Left
none
Best: none

Right
none
Best: none

XOR
01 10 1110111011 8
12 21 0011100100 4
23 32 1111100000 5
34 43 1011011010 6
45 54 0011111110 7
56 65 0000000110 2
67 76 0000001011 3
70 07 1010010110 5 match 6

02 20 1101011111 8
13 31 1100000100 3
24 42 0100111010 5
35 53 1000100100 3
46 64 0011111000 5
57 75 0000001101 3
60 06 1010011101 6
71 17 0100101101 5

03 30 0010111111 7
14 41 0111011110 7
25 52 0111000100 4
36 63 1000100010 3
47 74 0011110011 6
50 05 1010011011 6
61 16 0100100110 4
72 27 0111001001 5

04 40 1001100101 5
15 51 0100100000 2
26 62 0111000010 4
37 73 1000101001 4

Matching output with XOR
0 absent
1 absent
2 absent
3 absent
4 absent
5 absent
6 07 70
7 absent

Left
none
Best: none

Right
none
Best: none

AND-NOT
01 1110010011 6
12 0001100000 2
23 0010000000 1
34 1001001000 3
45 0010110110 5
56 0000000000 a
67 0000001010 2
70 0000000100 1

02 1101010011 6
13 0000000000 a
24 0000001000 1
35 1000100100 3
46 0010110000 3
57 0000001000 1
60 0000001100 2
71 0100000101 3

03 0010010011 4
14 0001001000 2
25 0010000100 2
36 1000100000 2
47 0010110010 4
50 0000001000 1
61 0100000110 3
72 0101000001 3

04 1001000001 3
15 0000100000 1
26 0010000000 1
37 1000101000 3
40 0000100100 2
51 0100000000 1
62 0101000010 3
73 0000000001 1

05 1010010011 5
16 0000100000 1
27 0010001000 2
30 0000101100 3
41 0110010110 5
52 0101000000 2
63 0000000010 1
74 0001000001 2

06 1010010001 4
17 0000101000 2
20 0000001100 2
31 1100000100 3
42 0100110010 4
53 0000000000 a
64 0001001000 2
75 0000000101 2

07 1010010010 4
10 0000101000 2
21 0010000100 2
32 1101100000 4
43 0010010010 3
54 0001001000 2
65 0000000110 2
76 0000000001 1

Matching output with AND-NOT
0 absent
1 absent
2 absent
3 absent
4 absent
5 absent
6 absent
7 absent

Left
none
Best: none

Right
none
Best: none

OR-NOT
01 1111010111 8
12 1101111011 8
23 0010011111 6
34 1101101101 7
45 1110110111 8
56 1111111001 8
67 1111111110 9
70 0101101101 6

02 1111110011 8
13 0011111011 7
24 1011001101 6
35 1111111111 a
46 1110110111 8
57 1111111010 8
60 0101101110 6
71 1111010111 8

03 1111010011 7
14 1001101001 5
25 1010111111 8
36 1111111101 9
47 1110111110 8
50 0101101100 5
61 1111011111 9
72 1101110111 8

04 1111011011 8
15 1011111111 9
26 1010111101 7
37 1111111110 9
40 0110111110 7
51 1111011111 9
62 1101111111 9
73 0111010111 7

05 1111110111 9
16 1011111001 7
27 1010111110 7
30 1101101100 6 match 2
41 1110110111 8
52 1101111011 8
63 0111011111 8
74 1101001101 6

06 1111110011 8
17 1011111010 7
20 0010101100 4
31 1111111111 a
42 1111110111 9
53 0111011011 7
64 1101001111 7
75 1111110111 9

07 1111111011 9
10 0001101100 4
21 1110011111 8
32 1101111111 9
43 0110110111 7
54 1101001001 5
65 1111111111 a
76 1111110101 8

Matching output with OR-NOT
0 absent
1 absent
2 30
3 absent
4 absent
5 absent
6 absent
7 absent

Left
none
Best: none

Right
none
Best: none

XOR-NOT
01 0001000100 2
12 1100011011 6
23 0000011111 5
34 0100100101 4
45 1100000001 3
56 1111111001 8
67 1111110100 7
70 0101101001 5

02 0010100000 2
13 0011111011 7
24 1011000101 5
35 0111011011 7
46 1100000111 5
57 1111110010 7
60 0101100010 4
71 1011010010 5

03 1101000000 3
14 1000100001 3
25 1000111011 6
36 0111011101 7
47 1100001100 4
50 0101100100 4
61 1011011001 6
72 1000110110 5

04 0110011010 5
15 1011011111 8
26 1000111101 6
37 0111010110 6
40 0110011010 5
51 1011011111 8
62 1000111101 6
73 0111010110 6

05 0101100100 4
16 1011011001 6
27 1000110110 5
30 1101000000 3
41 1000100001 3
52 1000111011 6
63 0111011101 7
74 1100001100 4

06 0101100010 4
17 1011010010 5
20 0010100000 2
31 0011111011 7
42 1011000101 5
53 0111011011 7
64 1100000111 5
75 1111110010 7

07 0101101001 5
10 0001000100 2
21 1100011011 6
32 0000011111 5
43 0100100101 4
54 1100000001 3
65 1111111001 8
76 1111110100 7

Matching output with XOR-NOT
0 absent
1 absent
2 absent
3 absent
4 absent
5 absent
6 absent
7 absent

Left
none
Best: none

Right
none
Best: none

Selecting

Lefts
Identity I1 I2 I3 I4 I5 I6: 6
NOT none
Constant none
AND AND13: 1
OR none
XOR none
AND-NOT none
OR-NOT none
XOR-NOT none

Rights
Identity I1: 1
NOT none
Constant none
AND AND13: 1
OR none
XOR none
AND-NOT none
OR-NOT none
XOR-NOT none

Left longest: 6
Right longest: 1

Left winner: Identity yes, NOT no, Constant no, AND no, OR no, XOR no, AND-NOT no, OR-NOT no, XOR-NOT no
Right winner: Identity yes, NOT no, Constant no, AND no, OR no, XOR no, AND-NOT no, OR-NOT no, XOR-NOT no

Best left: I1 I2 I3 I4 I5 I6: 6
Best right: I1: 1

Truncated left: I1 I2 I3 I4 I5 I6: 6
Truncated right: I1: 1

Tentative from right
7 I1
6 pending
5 pending
4 pending
3 pending
2 pending
1 pending
0 pending

Tentative
0 I1
1 I2
2 I3
3 I4
4 I5
5 I6
6 pending
7 I1

Preferred from left
0 I1
1 I2
2 I3
3 I4
4 I5
5 I6
6 ?7?
7 I1

Preferred
0 I1
1 I2
2 I3
3 I4
4 I5
5 I6
6 ?70
7 I1

Matching
0 I1
1 I2
2 I3
3 I4
4 I5
5 I6
6 ?70 - Identity absent, NOT absent, Constant absent, AND absent, OR absent, XOR70, AND-NOT absent, OR-NOT absent, XOR-NOT absent
7 I1

Perfect match
Identity no
NOT no
Constant no
AND no
OR no
XOR yes
AND-NOT no
OR-NOT no
XOR-NOT no

Matched
0 I1
1 I2
2 I3
3 I4
4 I5
5 I6
6 XOR70
7 I1

Selected
0 I1
1 I2
2 I3
3 I4
4 I5
5 I6
6 XOR70
7 I1

Applying to 01100101
Input
0 0
1 1
2 1
3 0
4 0
5 1
6 0
7 1
Output
0 I1 = 1
1 I2 = 1
2 I3 = 0
3 I4 = 0
4 I5 = 1
5 I6 = 0
6 XOR70 = XOR(1,0) = 1
7 I1 = 1

I will now return the answer in \boxed{}
The answer in \boxed is
\boxed{11001011}
</think>
\boxed{11001011}