We need to deduce the transformation by matching the example outputs.

Output 1: 11010000
0 1
1 1
2 0
3 1
4 0
5 0
6 0
7 0

Output 2: 01100111
0 0
1 1
2 1
3 0
4 0
5 1
6 1
7 1

Output 3: 00100110
0 0
1 0
2 1
3 0
4 0
5 1
6 1
7 0

Output 4: 10000000
0 1
1 0
2 0
3 0
4 0
5 0
6 0
7 0

Output 5: 11110000
0 1
1 1
2 1
3 1
4 0
5 0
6 0
7 0

Output 6: 10110100
0 1
1 0
2 1
3 1
4 0
5 1
6 0
7 0

Output 7: 01110000
0 0
1 1
2 1
3 1
4 0
5 0
6 0
7 0

Output bit columns (with bitsum as hash)
0 1001110 4
1 1100101 4
2 0110111 5
3 1000111 4
4 0000000 a
5 0110010 3
6 0110000 2
7 0100000 1

Input 1: 10001101
0 1
1 0
2 0
3 0
4 1
5 1
6 0
7 1

Input 2: 11110110
0 1
1 1
2 1
3 1
4 0
5 1
6 1
7 0

Input 3: 11100010
0 1
1 1
2 1
3 0
4 0
5 0
6 1
7 0

Input 4: 10011000
0 1
1 0
2 0
3 1
4 1
5 0
6 0
7 0

Input 5: 01001111
0 0
1 1
2 0
3 0
4 1
5 1
6 1
7 1

Input 6: 11001011
0 1
1 1
2 0
3 0
4 1
5 0
6 1
7 1

Input 7: 10100111
0 1
1 0
2 1
3 0
4 0
5 1
6 1
7 1

Identity
0 1111011 6
1 0110110 4
2 0110001 3
3 0101000 2
4 1001110 4 match 0
5 1100101 4 match 1
6 0110111 5 match 2
7 1000111 4 match 3

Matching output with Identity
0 4
1 5
2 6
3 7
4 absent
5 absent
6 absent
7 absent

Left
4 5 6 7 0x
Best: I4 I5 I6 I7: 4

Right
none
Best: none

NOT
0 0000100 1
1 1001001 3
2 1001110 4 match 0
3 1010111 5
4 0110001 3
5 0011010 3
6 1001000 2
7 0111000 3

Matching output with NOT
0 2
1 absent
2 absent
3 absent
4 absent
5 absent
6 absent
7 absent

Left
2 3x
Best: NOT2: 1

Right
none
Best: none

Constant
0 0000000 a match 4
1 1111111 a

Matching output with Constant
0 absent
1 absent
2 absent
3 absent
4 C0
5 absent
6 absent
7 absent

Left
none
Best: none

Right
none
Best: none

AND
01 10 0110010 3 match 5
12 21 0110000 2 match 6
23 32 0100000 1 match 7
34 43 0001000 1
45 54 1000100 2
56 65 0100101 3
67 76 0000111 3
70 07 1000011 3

02 20 0110001 3
13 31 0100000 1 match 7
24 42 0000000 a match 4
35 53 0100000 1 match 7
46 64 0000110 2
57 75 1000101 3
60 06 0110011 4
71 17 0000110 2

03 30 0101000 2
14 41 0000110 2
25 52 0100001 2
36 63 0100000 1 match 7
47 74 1000110 3
50 05 1100001 3
61 16 0110110 4
72 27 0000001 1

04 40 1001010 3
15 51 0100100 2
26 62 0110001 3
37 73 0000000 a match 4

Matching output with AND
0 absent
1 absent
2 absent
3 absent
4 24 42 37 73
5 01 10
6 12 21
7 23 32 13 31 35 53 36 63

Left
none
Best: none

Right
23 12 01 70x
32 21 10 07x
13 02x
31 20x
35 24x
53 42x
36 25x
63 52x
Best: AND23 AND12 AND01: 3

OR
01 10 1111111 a
12 21 0110111 5 match 2
23 32 0111001 4
34 43 1101110 5
45 54 1101111 6
56 65 1110111 6
67 76 1110111 6
70 07 1111111 a

02 20 1111011 6
13 31 0111110 5
24 42 1111111 a
35 53 1101101 5
46 64 1111111 a
57 75 1100111 5
60 06 1111111 a
71 17 1110111 6

03 30 1111011 6
14 41 1111110 6
25 52 1110101 5
36 63 0111111 6
47 74 1001111 5
50 05 1111111 a
61 16 0110111 5 match 2
72 27 1110111 6

04 40 1111111 a
15 51 1110111 6
26 62 0110111 5 match 2
37 73 1101111 6

Matching output with OR
0 absent
1 absent
2 12 21 16 61 26 62
3 absent
4 absent
5 absent
6 absent
7 absent

Left
none
Best: none

Right
none
Best: none

XOR
01 10 1001101 4
12 21 0000111 3
23 32 0011001 3
34 43 1100110 4
45 54 0101011 4
56 65 1010010 3
67 76 1110000 3
70 07 0111100 4

02 20 1001010 3
13 31 0011110 4
24 42 1111111 a
35 53 1001101 4
46 64 1111001 5
57 75 0100010 2
60 06 1001100 3
71 17 1110001 4

03 30 1010011 4
14 41 1111000 4
25 52 1010100 3
36 63 0011111 5
47 74 0001001 2
50 05 0011110 4
61 16 0000001 1
72 27 1110110 5

04 40 0110101 4
15 51 1010011 4
26 62 0000110 2
37 73 1101111 6

Matching output with XOR
0 absent
1 absent
2 absent
3 absent
4 absent
5 absent
6 absent
7 absent

Left
none
Best: none

Right
none
Best: none

AND-NOT
01 1001001 3
12 0000110 2
23 0010001 2
34 0100000 1 match 7
45 0001010 2
56 1000000 1
67 0110000 2 match 6
70 0000100 1

02 1001010 3
13 0010110 3
24 0110001 3
35 0001000 1
46 1001000 2
57 0100000 1 match 7
60 0000100 1
71 1000001 2

03 1010011 4
14 0110000 2 match 6
25 0010000 1
36 0001000 1
47 0001000 1
50 0000100 1
61 0000001 1
72 1000110 3

04 0110001 3
15 0010010 2
26 0000000 a match 4
37 0101000 2
40 0000100 1
51 1000001 2
62 0000110 2
73 1000111 4 match 3

05 0011010 3
16 0000000 a match 4
27 0110000 2 match 6
30 0000000 a match 4
41 1001000 2
52 1000100 2
63 0010111 4
74 0000001 1

06 1001000 2
17 0110000 2 match 6
20 0000000 a match 4
31 0001000 1
42 1001110 4 match 0
53 1000101 3
64 0110001 3
75 0000010 1

07 0111000 3
10 0000100 1
21 0000001 1
32 0001000 1
43 1000110 3
54 0100001 2
65 0010010 2
76 1000000 1

Matching output with AND-NOT
0 42
1 absent
2 absent
3 73
4 26 16 30 20
5 absent
6 67 14 27 17
7 34 57

Left
42 53x
Best: AND-NOT42: 1

Right
34 23x
57 46x
Best: AND-NOT34: 1

OR-NOT
01 1111011 6
12 1111110 6
23 1110111 6
34 0111001 4
45 1011110 5
56 1101101 5
67 0111111 6
70 1000111 4 match 3

02 1111111 a
13 1110111 6
24 0110001 3
35 0111010 4
46 1001110 4 match 0
57 1111101 6
60 0110111 5 match 2
71 1001111 5

03 1111111 a
14 0110111 5 match 2
25 0111011 5
36 1101000 3
47 1111110 6
50 1100101 4 match 1
61 1111111 a
72 1001111 5

04 1111011 6
15 0111110 5
26 1111001 5
37 0111000 3
40 1001110 4 match 0
51 1101101 5
62 1111111 a
73 1010111 5

05 1111011 6
16 1111110 6
27 0111001 4
30 0101100 3
41 1001111 5
52 1101111 6
63 1110111 6
74 1110111 6

06 1111011 6
17 0111110 5
20 0110101 4
31 1101001 4
42 1001110 4 match 0
53 1110111 6
64 0110111 5 match 2
75 1011111 6

07 1111011 6
10 0110110 4
21 1111001 5
32 1101110 5
43 1011111 6
54 1110101 5
65 0111111 6
76 1001111 5

Matching output with OR-NOT
0 46 40 42
1 50
2 60 14 64
3 70
4 absent
5 absent
6 absent
7 absent

Left
46 57x
40 51x
42 53x
Best: OR-NOT46: 1

Right
none
Best: none

XOR-NOT
01 0110010 3 match 5
12 1111000 4
23 1100110 4
34 0011001 3
45 1010100 3
56 0101101 4
67 0001111 4
70 1000011 3

02 0110101 4
13 1100001 3
24 0000000 a match 4
35 0110010 3 match 5
46 0000110 2
57 1011101 5
60 0110011 4
71 0001110 3

03 0101100 3
14 0000111 3
25 0101011 4
36 1100000 2
47 1110110 5
50 1100001 3
61 1111110 6
72 0001001 2

04 1001010 3
15 0101100 3
26 1111001 5
37 0010000 1
40 1001010 3
51 0101100 3
62 1111001 5
73 0010000 1

05 1100001 3
16 1111110 6
27 0001001 2
30 0101100 3
41 0000111 3
52 0101011 4
63 1100000 2
74 1110110 5

06 0110011 4
17 0001110 3
20 0110101 4
31 1100001 3
42 0000000 a match 4
53 0110010 3 match 5
64 0000110 2
75 1011101 5

07 1000011 3
10 0110010 3 match 5
21 1111000 4
32 1100110 4
43 0011001 3
54 1010100 3
65 0101101 4
76 0001111 4

Matching output with XOR-NOT
0 absent
1 absent
2 absent
3 absent
4 24 42
5 01 35 53 10
6 absent
7 absent

Left
none
Best: none

Right
none
Best: none

Selecting

Lefts
Identity I4 I5 I6 I7: 4
NOT NOT2: 1
Constant none
AND none
OR none
XOR none
AND-NOT AND-NOT42: 1
OR-NOT OR-NOT46: 1
XOR-NOT none

Rights
Identity none
NOT none
Constant none
AND AND23 AND12 AND01: 3
OR none
XOR none
AND-NOT AND-NOT34: 1
OR-NOT none
XOR-NOT none

Left longest: 4
Right longest: 3

Left winner: Identity yes, NOT no, Constant no, AND no, OR no, XOR no, AND-NOT no, OR-NOT no, XOR-NOT no
Right winner: Identity no, NOT no, Constant no, AND yes, OR no, XOR no, AND-NOT no, OR-NOT no, XOR-NOT no

Best left: I4 I5 I6 I7: 4
Best right: AND23 AND12 AND01: 3

Truncated left: I4 I5 I6 I7: 4
Truncated right: AND23 AND12 AND01: 3

Tentative from right
7 AND23
6 AND12
5 AND01
4 pending
3 pending
2 pending
1 pending
0 pending

Tentative
0 I4
1 I5
2 I6
3 I7
4 pending
5 AND01
6 AND12
7 AND23

Preferred from left
0 I4
1 I5
2 I6
3 I7
4 ?0?
5 AND01
6 AND12
7 AND23

Preferred
0 I4
1 I5
2 I6
3 I7
4 ?0?
5 AND01
6 AND12
7 AND23

Matching
0 I4
1 I5
2 I6
3 I7
4 ?0? - Identity absent, NOT absent, Constant C0, AND absent, OR absent, XOR absent, AND-NOT absent, OR-NOT absent, XOR-NOT absent
5 AND01
6 AND12
7 AND23

Perfect match
Identity no
NOT no
Constant yes
AND no
OR no
XOR no
AND-NOT no
OR-NOT no
XOR-NOT no

Matched
0 I4
1 I5
2 I6
3 I7
4 C0
5 AND01
6 AND12
7 AND23

Selected
0 I4
1 I5
2 I6
3 I7
4 C0
5 AND01
6 AND12
7 AND23

Applying to 00101011
Input
0 0
1 0
2 1
3 0
4 1
5 0
6 1
7 1
Output
0 I4 = 1
1 I5 = 0
2 I6 = 1
3 I7 = 1
4 C0 = 0
5 AND01 = AND(0,0) = 0
6 AND12 = AND(0,1) = 0
7 AND23 = AND(1,0) = 0

I will now return the answer in \boxed{}
The answer in \boxed is
\boxed{10110000}
</think>
\boxed{10110000}