We need to deduce the transformation by matching the example outputs.

Output 1: 01111011
0 0
1 1
2 1
3 1
4 1
5 0
6 1
7 1

Output 2: 01001111
0 0
1 1
2 0
3 0
4 1
5 1
6 1
7 1

Output 3: 11000001
0 1
1 1
2 0
3 0
4 0
5 0
6 0
7 1

Output 4: 11100001
0 1
1 1
2 1
3 0
4 0
5 0
6 0
7 1

Output 5: 00101011
0 0
1 0
2 1
3 0
4 1
5 0
6 1
7 1

Output 6: 00001111
0 0
1 0
2 0
3 0
4 1
5 1
6 1
7 1

Output 7: 10000001
0 1
1 0
2 0
3 0
4 0
5 0
6 0
7 1

Output bit columns (with bitsum as hash)
0 0011001 3
1 1111000 4
2 1001100 3
3 1000000 1
4 1100110 4
5 0100010 2
6 1100110 4
7 1111111 a

Input 1: 00101111
0 0
1 0
2 1
3 0
4 1
5 1
6 1
7 1

Input 2: 10101000
0 1
1 0
2 1
3 0
4 1
5 0
6 0
7 0

Input 3: 00011000
0 0
1 0
2 0
3 1
4 1
5 0
6 0
7 0

Input 4: 00011100
0 0
1 0
2 0
3 1
4 1
5 1
6 0
7 0

Input 5: 00100101
0 0
1 0
2 1
3 0
4 0
5 1
6 0
7 1

Input 6: 11100000
0 1
1 1
2 1
3 0
4 0
5 0
6 0
7 0

Input 7: 00010000
0 0
1 0
2 0
3 1
4 0
5 0
6 0
7 0

Identity
0 0100010 2 match 5
1 0000010 1
2 1100110 4 match 4 6
3 0011001 3 match 0
4 1111000 4 match 1
5 1001100 3 match 2
6 1000000 1 match 3
7 1000100 2

Matching output with Identity
0 3
1 4
2 5
3 6
4 2
5 0
6 2
7 absent

Left
3 4 5 6 7x
Best: I3 I4 I5 I6: 4

Right
none
Best: none

NOT
0 1011101 5
1 1111101 6
2 0011001 3 match 0
3 1100110 4 match 4 6
4 0000111 3
5 0110011 4
6 0111111 6
7 0111011 5

Matching output with NOT
0 2
1 absent
2 absent
3 absent
4 3
5 absent
6 3
7 absent

Left
2 3x
Best: NOT2: 1

Right
none
Best: none

Constant
0 0000000 a
1 1111111 a match 7

Matching output with Constant
0 absent
1 absent
2 absent
3 absent
4 absent
5 absent
6 absent
7 C1

Left
none
Best: none

Right
1
Best: C1: 1

AND
01 10 0000010 1
12 21 0000010 1
23 32 0000000 a
34 43 0011000 2
45 54 1001000 2
56 65 1000000 1 match 3
67 76 1000000 1 match 3
70 07 0000000 a

02 20 0100010 2 match 5
13 31 0000000 a
24 42 1100000 2
35 53 0001000 1
46 64 1000000 1 match 3
57 75 1000100 2
60 06 0000000 a
71 17 0000000 a

03 30 0000000 a
14 41 0000000 a
25 52 1000100 2
36 63 0000000 a
47 74 1000000 1 match 3
50 05 0000000 a
61 16 0000000 a
72 27 1000100 2

04 40 0100000 1
15 51 0000000 a
26 62 1000000 1 match 3
37 73 0000000 a

Matching output with AND
0 absent
1 absent
2 absent
3 56 65 67 76 46 64 47 74 26 62
4 absent
5 02 20
6 absent
7 absent

Left
none
Best: none

Right
none
Best: none

OR
01 10 0100010 2 match 5
12 21 1100110 4 match 4 6
23 32 1111111 a match 7
34 43 1111001 5
45 54 1111100 5
56 65 1001100 3 match 2
67 76 1000100 2
70 07 1100110 4 match 4 6

02 20 1100110 4 match 4 6
13 31 0011011 4
24 42 1111110 6
35 53 1011101 5
46 64 1111000 4 match 1
57 75 1001100 3 match 2
60 06 1100010 3
71 17 1000110 3

03 30 0111011 5
14 41 1111010 5
25 52 1101110 5
36 63 1011001 4
47 74 1111100 5
50 05 1101110 5
61 16 1000010 2
72 27 1100110 4 match 4 6

04 40 1111010 5
15 51 1001110 4
26 62 1100110 4 match 4 6
37 73 1011101 5

Matching output with OR
0 absent
1 46 64
2 56 65 57 75
3 absent
4 12 21 07 70 02 20 27 72 26 62
5 01 10
6 12 21 07 70 02 20 27 72 26 62
7 23 32

Left
none
Best: none

Right
23 12 01 70 67x
32 21 10 07 76x
Best: OR23 OR12 OR01 OR70: 4

XOR
01 10 0100000 1
12 21 1100100 3
23 32 1111111 a match 7
34 43 1100001 3
45 54 0110100 3
56 65 0001100 2
67 76 0000100 1
70 07 1100110 4 match 4 6

02 20 1000100 2
13 31 0011011 4
24 42 0011110 4
35 53 1010101 4
46 64 0111000 3
57 75 0001000 1
60 06 1100010 3
71 17 1000110 3

03 30 0111011 5
14 41 1111010 5
25 52 0101010 3
36 63 1011001 4
47 74 0111100 4
50 05 1101110 5
61 16 1000010 2
72 27 0100010 2 match 5

04 40 1011010 4
15 51 1001110 4
26 62 0100110 3
37 73 1011101 5

Matching output with XOR
0 absent
1 absent
2 absent
3 absent
4 07 70
5 27 72
6 07 70
7 23 32

Left
none
Best: none

Right
23 12x
32 21x
Best: XOR23: 1

AND-NOT
01 0100000 1
12 0000000 a
23 1100110 4 match 4 6
34 0000001 1
45 0110000 2
56 0001100 2
67 0000000 a
70 1000100 2

02 0000000 a
13 0000010 1
24 0000110 2
35 0010001 2
46 0111000 3
57 0001000 1
60 1000000 1 match 3
71 1000100 2

03 0100010 2 match 5
14 0000010 1
25 0100010 2 match 5
36 0011001 3 match 0
47 0111000 3
50 1001100 3 match 2
61 1000000 1 match 3
72 0000000 a

04 0000010 1
15 0000010 1
26 0100110 3
37 0011001 3 match 0
40 1011000 3
51 1001100 3 match 2
62 0000000 a
73 1000100 2

05 0100010 2 match 5
16 0000010 1
27 0100010 2 match 5
30 0011001 3 match 0
41 1111000 4 match 1
52 0001000 1
63 1000000 1 match 3
74 0000100 1

06 0100010 2 match 5
17 0000010 1
20 1000100 2
31 0011001 3 match 0
42 0011000 2
53 1000100 2
64 0000000 a
75 0000000 a

07 0100010 2 match 5
10 0000000 a
21 1100100 3
32 0011001 3 match 0
43 1100000 2
54 0000100 1
65 0000000 a
76 0000100 1

Matching output with AND-NOT
0 36 37 30 31 32
1 41
2 50 51
3 60 61 63
4 23
5 03 25 05 27 06 07
6 23
7 absent

Left
36 47x
37 40x
30 41 52x
31 42x
32 43x
Best: AND-NOT30 AND-NOT41: 2

Right
none
Best: none

OR-NOT
01 1111111 a match 7
12 0011011 4
23 1100110 4 match 4 6
34 0011111 5
45 1111011 6
56 1111111 a match 7
67 1111011 6
70 1011101 5

02 0111011 5
13 1100110 4 match 4 6
24 1100111 5
35 0111011 5
46 1111111 a match 7
57 1111111 a match 7
60 1011101 5
71 1111101 6

03 1100110 4 match 4 6
14 0000111 3
25 1110111 6
36 0111111 6
47 1111011 6
50 1011101 5
61 1111101 6
72 1011101 5

04 0100111 4
15 0110011 4
26 1111111 a match 7
37 0111011 5
40 1111101 6
51 1111101 6
62 1011001 4
73 1100110 4 match 4 6

05 0110011 4
16 0111111 6
27 1111111 a match 7
30 1011101 5
41 1111101 6
52 1011101 5
63 1100110 4 match 4 6
74 1000111 4

06 0111111 6
17 0111011 5
20 1111111 a match 7
31 1111101 6
42 1111001 5
53 1101110 5
64 1000111 4
75 1110111 6

07 0111011 5
10 1011111 6
21 1111111 a match 7
32 0011001 3 match 0
43 1111110 6
54 1001111 5
65 1110011 5
76 1111111 a match 7

Matching output with OR-NOT
0 32
1 absent
2 absent
3 absent
4 23 13 03 73 63
5 absent
6 23 13 03 73 63
7 01 56 46 57 26 27 20 21 76

Left
32 43x
Best: OR-NOT32: 1

Right
01 70x
56 45x
46 35x
57 46x
26 15x
27 16x
20 17x
21 10x
76 65x
Best: OR-NOT01: 1

XOR-NOT
01 1011111 6
12 0011011 4
23 0000000 a
34 0011110 4
45 1001011 4
56 1110011 5
67 1111011 6
70 0011001 3 match 0

02 0111011 5
13 1100100 3
24 1100001 3
35 0101010 3
46 1000111 4
57 1110111 6
60 0011101 4
71 0111001 4

03 1000100 2
14 0000101 2
25 1010101 4
36 0100110 3
47 1000011 3
50 0010001 2
61 0111101 5
72 1011101 5

04 0100101 3
15 0110001 3
26 1011001 4
37 0100010 2 match 5
40 0100101 3
51 0110001 3
62 1011001 4
73 0100010 2 match 5

05 0010001 2
16 0111101 5
27 1011101 5
30 1000100 2
41 0000101 2
52 1010101 4
63 0100110 3
74 1000011 3

06 0011101 4
17 0111001 4
20 0111011 5
31 1100100 3
42 1100001 3
53 0101010 3
64 1000111 4
75 1110111 6

07 0011001 3 match 0
10 1011111 6
21 0011011 4
32 0000000 a
43 0011110 4
54 1001011 4
65 1110011 5
76 1111011 6

Matching output with XOR-NOT
0 70 07
1 absent
2 absent
3 absent
4 absent
5 37 73
6 absent
7 absent

Left
70 01x
07 10x
Best: XOR-NOT70: 1

Right
none
Best: none

Selecting

Lefts
Identity I3 I4 I5 I6: 4
NOT NOT2: 1
Constant none
AND none
OR none
XOR none
AND-NOT AND-NOT30 AND-NOT41: 2
OR-NOT OR-NOT32: 1
XOR-NOT XOR-NOT70: 1

Rights
Identity none
NOT none
Constant C1: 1
AND none
OR OR23 OR12 OR01 OR70: 4
XOR XOR23: 1
AND-NOT none
OR-NOT OR-NOT01: 1
XOR-NOT none

Left longest: 4
Right longest: 4

Left winner: Identity yes, NOT no, Constant no, AND no, OR no, XOR no, AND-NOT no, OR-NOT no, XOR-NOT no
Right winner: Identity no, NOT no, Constant no, AND no, OR yes, XOR no, AND-NOT no, OR-NOT no, XOR-NOT no

Best left: I3 I4 I5 I6: 4
Best right: OR23 OR12 OR01 OR70: 4

Truncated left: I3 I4 I5 I6: 4
Truncated right: OR23 OR12 OR01 OR70: 4

Tentative from right
7 OR23
6 OR12
5 OR01
4 OR70
3 pending
2 pending
1 pending
0 pending

Tentative
0 I3
1 I4
2 I5
3 I6
4 OR70
5 OR01
6 OR12
7 OR23

Preferred from left
0 I3
1 I4
2 I5
3 I6
4 OR70
5 OR01
6 OR12
7 OR23

Preferred
0 I3
1 I4
2 I5
3 I6
4 OR70
5 OR01
6 OR12
7 OR23

Matching
0 I3
1 I4
2 I5
3 I6
4 OR70
5 OR01
6 OR12
7 OR23

Perfect match
Identity no
NOT no
Constant no
AND no
OR no
XOR no
AND-NOT no
OR-NOT no
XOR-NOT no

Matched
0 I3
1 I4
2 I5
3 I6
4 OR70
5 OR01
6 OR12
7 OR23

Selected
0 I3
1 I4
2 I5
3 I6
4 OR70
5 OR01
6 OR12
7 OR23

Applying to 01100111
Input
0 0
1 1
2 1
3 0
4 0
5 1
6 1
7 1
Output
0 I3 = 0
1 I4 = 0
2 I5 = 1
3 I6 = 1
4 OR70 = OR(1,0) = 1
5 OR01 = OR(0,1) = 1
6 OR12 = OR(1,1) = 1
7 OR23 = OR(1,0) = 1

I will now return the answer in \boxed{}
The answer in \boxed is
\boxed{00111111}
</think>
\boxed{00111111}