We need to deduce the transformation by matching the example outputs.

Output 1: 00101101
0 0
1 0
2 1
3 0
4 1
5 1
6 0
7 1

Output 2: 01011111
0 0
1 1
2 0
3 1
4 1
5 1
6 1
7 1

Output 3: 11111101
0 1
1 1
2 1
3 1
4 1
5 1
6 0
7 1

Output 4: 11111011
0 1
1 1
2 1
3 1
4 1
5 0
6 1
7 1

Output 5: 11101011
0 1
1 1
2 1
3 0
4 1
5 0
6 1
7 1

Output 6: 01111101
0 0
1 1
2 1
3 1
4 1
5 1
6 0
7 1

Output 7: 11111111
0 1
1 1
2 1
3 1
4 1
5 1
6 1
7 1

Output 8: 01010101
0 0
1 1
2 0
3 1
4 0
5 1
6 0
7 1

Output 9: 10101010
0 1
1 0
2 1
3 0
4 1
5 0
6 1
7 0

Output 10: 01010111
0 0
1 1
2 0
3 1
4 0
5 1
6 1
7 1

Output bit columns (with bitsum as hash)
0 0011101010 5
1 0111111101 8
2 1011111010 7
3 0111011101 7
4 1111111010 8
5 1110011101 7
6 0101101011 6
7 1111111101 9

Input 1: 00010010
0 0
1 0
2 0
3 1
4 0
5 0
6 1
7 0

Input 2: 10101111
0 1
1 0
2 1
3 0
4 1
5 1
6 1
7 1

Input 3: 11011010
0 1
1 1
2 0
3 1
4 1
5 0
6 1
7 0

Input 4: 11100101
0 1
1 1
2 1
3 0
4 0
5 1
6 0
7 1

Input 5: 11010001
0 1
1 1
2 0
3 1
4 0
5 0
6 0
7 1

Input 6: 10111010
0 1
1 0
2 1
3 1
4 1
5 0
6 1
7 0

Input 7: 11011101
0 1
1 1
2 0
3 1
4 1
5 1
6 0
7 1

Input 8: 00101010
0 0
1 0
2 1
3 0
4 1
5 0
6 1
7 0

Input 9: 01010101
0 0
1 1
2 0
3 1
4 0
5 1
6 0
7 1

Input 10: 10001011
0 1
1 0
2 0
3 0
4 1
5 0
6 1
7 1

Identity
0 0111111001 7
1 0011101010 5 match 0
2 0101010100 4
3 1010111010 6
4 0110011101 6
5 0101001010 4
6 1110010101 6
7 0101101011 6 match 6

Matching output with Identity
0 1
1 absent
2 absent
3 absent
4 absent
5 absent
6 7
7 absent

Left
1 2x
Best: I1: 1

Right
none
Best: none

NOT
0 1000000110 3
1 1100010101 5
2 1010101011 6
3 0101000101 4
4 1001100010 4
5 1010110101 6
6 0001101010 4
7 1010010100 4

Matching output with NOT
0 absent
1 absent
2 absent
3 absent
4 absent
5 absent
6 absent
7 absent

Left
none
Best: none

Right
none
Best: none

Constant
0 0000000000 a
1 1111111111 a

Matching output with Constant
0 absent
1 absent
2 absent
3 absent
4 absent
5 absent
6 absent
7 absent

Left
none
Best: none

Right
none
Best: none

AND
01 10 0011101000 4
12 21 0001000000 1
23 32 0000010000 1
34 43 0010011000 3
45 54 0100001000 2
56 65 0100000000 1
67 76 0100000001 2
70 07 0101101001 5

02 20 0101010000 3
13 31 0010101010 4
24 42 0100010100 3
35 53 0000001010 2
46 64 0110010101 5
57 75 0101001010 4
60 06 0110010001 4
71 17 0001101010 4

03 30 0010111000 4
14 41 0010001000 2
25 52 0101000000 2
36 63 1010010000 3
47 74 0100001001 3
50 05 0101001000 3
61 16 0010000000 1
72 27 0101000000 2

04 40 0110011001 5
15 51 0001001010 3
26 62 0100010100 3
37 73 0000101010 3

Matching output with AND
0 absent
1 absent
2 absent
3 absent
4 absent
5 absent
6 absent
7 absent

Left
none
Best: none

Right
none
Best: none

OR
01 10 0111111011 8
12 21 0111111110 8
23 32 1111111110 9
34 43 1110111111 9
45 54 0111011111 8
56 65 1111011111 9
67 76 1111111111 a
70 07 0111111011 8

02 20 0111111101 8 match 1
13 31 1011111010 7 match 2
24 42 0111011101 7 match 3
35 53 1111111010 8 match 4
46 64 1110011101 7 match 5
57 75 0101101011 6 match 6
60 06 1111111101 9 match 7
71 17 0111101011 7

03 30 1111111011 9
14 41 0111111111 9
25 52 0101011110 6
36 63 1110111111 9
47 74 0111111111 9
50 05 0111111011 8
61 16 1111111111 a
72 27 0101111111 8

04 40 0111111101 8 match 1
15 51 0111101010 6
26 62 1111010101 7
37 73 1111111011 9

Matching output with OR
0 absent
1 02 20 04 40
2 13 31
3 24 42
4 35 53
5 46 64
6 57 75
7 06 60

Left
none
Best: none

Right
06 75 64 53 42 31 20 17x
60 57 46 35 24 13 02 71x
Best: OR06 OR75 OR64 OR53 OR42 OR31 OR20: 7

XOR
01 10 0100010011 4
12 21 0110111110 7
23 32 1111101110 8
34 43 1100100111 6
45 54 0011010111 6
56 65 1011011111 8
67 76 1011111110 8
70 07 0010010010 3

02 20 0010101101 5
13 31 1001010000 3
24 42 0011001001 4
35 53 1111110000 6
46 64 1000001000 2
57 75 0000100001 2
60 06 1001101100 5
71 17 0110000001 3

03 30 1101000011 5
14 41 0101110111 7
25 52 0000011110 4
36 63 0100101111 6
47 74 0011110110 6
50 05 0010110011 5
61 16 1101111111 9
72 27 0000111111 6

04 40 0001100100 3
15 51 0110100000 3
26 62 1011000001 4
37 73 1111010001 6

Matching output with XOR
0 absent
1 absent
2 absent
3 absent
4 absent
5 absent
6 absent
7 absent

Left
none
Best: none

Right
none
Best: none

AND-NOT
01 0100010001 3
12 0010101010 4
23 0101000100 3
34 1000100010 3
45 0010010101 4
56 0001001010 3
67 1010010100 4
70 0000000010 1

02 0010101001 4
13 0001000000 1
24 0001000000 1
35 1010110000 4
46 0000001000 1
57 0000000000 a
60 1000000100 2
71 0100000001 2

03 0101000001 3
14 0001100010 3
25 0000010100 2
36 0000101010 3
47 0010010100 3
50 0000000010 1
61 1100010101 5
72 0000101011 4

04 0001100000 2
15 0010100000 2
26 0001000000 1
37 1010010000 3
40 0000000100 1
51 0100000000 1
62 1010000001 3
73 0101000001 3

05 0010110001 4
16 0001101010 4
27 0000010100 2
30 1000000010 2
41 0100010101 4
52 0000001010 2
63 0100000101 3
74 0001100010 3

06 0001101000 3
17 0010000000 1
20 0000000100 1
31 1000010000 2
42 0010001001 3
53 0101000000 2
64 1000000000 1
75 0000100001 2

07 0010010000 2
10 0000000010 1
21 0100010100 3
32 1010101010 5
43 0100000101 3
54 0001000010 2
65 1010010101 5
76 0001101010 4

Matching output with AND-NOT
0 absent
1 absent
2 absent
3 absent
4 absent
5 absent
6 absent
7 absent

Left
none
Best: none

Right
none
Best: none

OR-NOT
01 1111111101 9 match 7
12 1011101011 7
23 0101010101 5
34 1011111010 7 match 2
45 1110111101 8
56 0101101010 5
67 1110010101 6
70 1101101111 8

02 1111111011 9
13 0111101111 8
24 1101110110 7
35 1010111111 8
46 0111111111 9
57 1111011110 8
60 1110010111 7
71 1101111111 9

03 0111111101 8 match 1
14 1011101010 6
25 1111110101 8
36 1011111010 7 match 2
47 1110011101 7 match 5
50 1101001110 6
61 1110010101 6
72 1111101011 8

04 1111111011 9
15 1011111111 9
26 0101111110 7
37 1010111110 7
40 1110011111 8
51 1101011111 8
62 1110111111 9
73 0101101111 7

05 1111111101 9 match 7
16 0011101010 5 match 0
27 1111010100 6
30 1010111110 7
41 1110011101 7 match 5
52 1111101011 8
63 1111010101 7
74 1101101011 7

06 0111111011 8
17 1011111110 8
20 1101010110 6
31 1110111111 9
42 1110111111 9
53 0101001111 6
64 1111110111 9
75 1111111111 a

07 1111111101 9 match 7
10 1011101110 7
21 1101010101 6
32 1010111011 7
43 0111011101 7 match 3
54 1101101010 6
65 1110110101 7
76 0101101011 6 match 6

Matching output with OR-NOT
0 16
1 03
2 34 36
3 43
4 absent
5 47 41
6 76
7 01 05 07

Left
16 27x
Best: OR-NOT16: 1

Right
01 70x
05 74x
07 76 65x
Best: OR-NOT07 OR-NOT76: 2

XOR-NOT
01 1011101100 6
12 1001000001 3
23 0000010001 2
34 0011011000 4
45 1100101000 4
56 0100100000 2
67 0100000001 2
70 1101101101 7

02 1101010010 5
13 0110101111 7
24 1100110110 6
35 0000001111 4
46 0111110111 8
57 1111011110 8
60 0110010011 5
71 1001111110 7

03 0010111100 5
14 1010001000 3
25 1111100001 6
36 1011010000 4
47 1100001001 4
50 1101001100 5
61 0010000000 1
72 1111000000 4

04 1110011011 7
15 1001011111 7
26 0100111110 6
37 0000101110 4
40 1110011011 7
51 1001011111 7
62 0100111110 6
73 0000101110 4

05 1101001100 5
16 0010000000 1
27 1111000000 4
30 0010111100 5
41 1010001000 3
52 1111100001 6
63 1011010000 4
74 1100001001 4

06 0110010011 5
17 1001111110 7
20 1101010010 5
31 0110101111 7
42 1100110110 6
53 0000001111 4
64 0111110111 8
75 1111011110 8

07 1101101101 7
10 1011101100 6
21 1001000001 3
32 0000010001 2
43 0011011000 4
54 1100101000 4
65 0100100000 2
76 0100000001 2

Matching output with XOR-NOT
0 absent
1 absent
2 absent
3 absent
4 absent
5 absent
6 absent
7 absent

Left
none
Best: none

Right
none
Best: none

Selecting

Lefts
Identity I1: 1
NOT none
Constant none
AND none
OR none
XOR none
AND-NOT none
OR-NOT OR-NOT16: 1
XOR-NOT none

Rights
Identity none
NOT none
Constant none
AND none
OR OR06 OR75 OR64 OR53 OR42 OR31 OR20: 7
XOR none
AND-NOT none
OR-NOT OR-NOT07 OR-NOT76: 2
XOR-NOT none

Left longest: 1
Right longest: 7

Right winner: Identity no, NOT no, Constant no, AND no, OR yes, XOR no, AND-NOT no, OR-NOT no, XOR-NOT no
Left winner: Identity yes, NOT no, Constant no, AND no, OR no, XOR no, AND-NOT no, OR-NOT no, XOR-NOT no

Best right: OR06 OR75 OR64 OR53 OR42 OR31 OR20: 7
Best left: I1: 1

Truncated right: OR06 OR75 OR64 OR53 OR42 OR31 OR20: 7
Truncated left: I1: 1

Tentative from right
7 OR06
6 OR75
5 OR64
4 OR53
3 OR42
2 OR31
1 OR20
0 pending

Tentative
0 I1
1 OR20
2 OR31
3 OR42
4 OR53
5 OR64
6 OR75
7 OR06

Preferred from right
7 OR06
6 OR75
5 OR64
4 OR53
3 OR42
2 OR31
1 OR20
0 I1

Preferred
0 I1
1 OR20
2 OR31
3 OR42
4 OR53
5 OR64
6 OR75
7 OR06

Matching
0 I1
1 OR20
2 OR31
3 OR42
4 OR53
5 OR64
6 OR75
7 OR06

Perfect match
Identity no
NOT no
Constant no
AND no
OR no
XOR no
AND-NOT no
OR-NOT no
XOR-NOT no

Matched
0 I1
1 OR20
2 OR31
3 OR42
4 OR53
5 OR64
6 OR75
7 OR06

Selected
0 I1
1 OR20
2 OR31
3 OR42
4 OR53
5 OR64
6 OR75
7 OR06

Applying to 01101111
Input
0 0
1 1
2 1
3 0
4 1
5 1
6 1
7 1
Output
0 I1 = 1
1 OR20 = OR(1,0) = 1
2 OR31 = OR(0,1) = 1
3 OR42 = OR(1,1) = 1
4 OR53 = OR(1,0) = 1
5 OR64 = OR(1,1) = 1
6 OR75 = OR(1,1) = 1
7 OR06 = OR(0,1) = 1

I will now return the answer in \boxed{}
The answer in \boxed is
\boxed{11111111}
</think>
\boxed{11111111}