We need to deduce the transformation by matching the example outputs.

Output 1: 01011011
0 0
1 1
2 0
3 1
4 1
5 0
6 1
7 1

Output 2: 11011111
0 1
1 1
2 0
3 1
4 1
5 1
6 1
7 1

Output 3: 10110111
0 1
1 0
2 1
3 1
4 0
5 1
6 1
7 1

Output 4: 10011110
0 1
1 0
2 0
3 1
4 1
5 1
6 1
7 0

Output 5: 11100100
0 1
1 1
2 1
3 0
4 0
5 1
6 0
7 0

Output 6: 00111110
0 0
1 0
2 1
3 1
4 1
5 1
6 1
7 0

Output 7: 11001001
0 1
1 1
2 0
3 0
4 1
5 0
6 0
7 1

Output 8: 01101111
0 0
1 1
2 1
3 0
4 1
5 1
6 1
7 1

Output bit columns (with bitsum as hash)
0 01111010 5
1 11001011 5
2 00101101 4
3 11110100 5
4 11010111 6
5 01111101 6
6 11110101 6
7 11100011 5

Input 1: 00101100
0 0
1 0
2 1
3 0
4 1
5 1
6 0
7 0

Input 2: 11110101
0 1
1 1
2 1
3 1
4 0
5 1
6 0
7 1

Input 3: 01111101
0 0
1 1
2 1
3 1
4 1
5 1
6 0
7 1

Input 4: 11000010
0 1
1 1
2 0
3 0
4 0
5 0
6 1
7 0

Input 5: 00000110
0 0
1 0
2 0
3 0
4 0
5 1
6 1
7 0

Input 6: 11101110
0 1
1 1
2 1
3 0
4 1
5 1
6 1
7 0

Input 7: 10011100
0 1
1 0
2 0
3 1
4 1
5 1
6 0
7 0

Input 8: 11111000
0 1
1 1
2 1
3 1
4 1
5 0
6 0
7 0

Identity
0 01010111 5
1 01110101 5
2 11100101 5
3 01100011 4
4 10100111 5
5 11101110 6
6 00011100 3
7 01100000 2

Matching output with Identity
0 absent
1 absent
2 absent
3 absent
4 absent
5 absent
6 absent
7 absent

Left
none
Best: none

Right
none
Best: none

NOT
0 10101000 3
1 10001010 3
2 00011010 3
3 10011100 4
4 01011000 3
5 00010001 2
6 11100011 5 match 7
7 10011111 6

Matching output with NOT
0 absent
1 absent
2 absent
3 absent
4 absent
5 absent
6 absent
7 6

Left
none
Best: none

Right
6 5x
Best: NOT6: 1

Constant
0 00000000 a
1 11111111 a

Matching output with Constant
0 absent
1 absent
2 absent
3 absent
4 absent
5 absent
6 absent
7 absent

Left
none
Best: none

Right
none
Best: none

AND
01 10 01010101 4
12 21 01100101 4
23 32 01100001 3
34 43 00100011 3
45 54 10100110 4
56 65 00001100 2
67 76 00000000 a
70 07 01000000 1

02 20 01000101 3
13 31 01100001 3
24 42 10100101 4
35 53 01100010 3
46 64 00000100 1
57 75 01100000 2
60 06 00010100 2
71 17 01100000 2

03 30 01000011 3
14 41 00100101 3
25 52 11100100 4
36 63 00000000 a
47 74 00100000 1
50 05 01000110 3
61 16 00010100 2
72 27 01100000 2

04 40 00000111 3
15 51 01100100 3
26 62 00000100 1
37 73 01100000 2

Matching output with AND
0 absent
1 absent
2 absent
3 absent
4 absent
5 absent
6 absent
7 absent

Left
none
Best: none

Right
none
Best: none

OR
01 10 01110111 6
12 21 11110101 6 match 6
23 32 11100111 6
34 43 11100111 6
45 54 11101111 7
56 65 11111110 7
67 76 01111100 5
70 07 01110111 6

02 20 11110111 7
13 31 01110111 6
24 42 11100111 6
35 53 11101111 7
46 64 10111111 7
57 75 11101110 6
60 06 01011111 6
71 17 01110101 5

03 30 01110111 6
14 41 11110111 7
25 52 11101111 7
36 63 01111111 7
47 74 11100111 6
50 05 11111111 a
61 16 01111101 6 match 5
72 27 11100101 5

04 40 11110111 7
15 51 11111111 a
26 62 11111101 7
37 73 01100011 4

Matching output with OR
0 absent
1 absent
2 absent
3 absent
4 absent
5 16 61
6 12 21
7 absent

Left
none
Best: none

Right
none
Best: none

XOR
01 10 00100010 2
12 21 10010000 2
23 32 10000110 3
34 43 11000100 3
45 54 01001001 3
56 65 11110010 5
67 76 01111100 5
70 07 00110111 5

02 20 10110010 4
13 31 00010110 3
24 42 01000010 2
35 53 10001101 4
46 64 10111011 6
57 75 10001110 4
60 06 01001011 4
71 17 00010101 3

03 30 00110100 3
14 41 11010010 4
25 52 00001011 3
36 63 01111111 7
47 74 11000111 5
50 05 10111001 5
61 16 01101001 4
72 27 10000101 3

04 40 11110000 4
15 51 10011011 5
26 62 11111001 6
37 73 00000011 2

Matching output with XOR
0 absent
1 absent
2 absent
3 absent
4 absent
5 absent
6 absent
7 absent

Left
none
Best: none

Right
none
Best: none

AND-NOT
01 00000010 1
12 00010000 1
23 10000100 2
34 01000000 1
45 00000001 1
56 11100010 4
67 00011100 3
70 00100000 1

02 00010010 2
13 00010100 2
24 01000000 1
35 00000001 1
46 10100011 4
57 10001110 4
60 00001000 1
71 00000000 a

03 00010100 2
14 01010000 2
25 00000001 1
36 01100011 4
47 10000111 4
50 10101000 3
61 00001000 1
72 00000000 a

04 01010000 2
15 00010001 2
26 11100001 4
37 00000011 2
40 10100000 2
51 10001010 3
62 00011000 2
73 00000000 a

05 00010001 2
16 01100001 3
27 10000101 3
30 00100000 1
41 10000010 2
52 00001010 2
63 00011100 3
74 01000000 1

06 01000011 3
17 00010101 3
20 10100000 2
31 00000010 1
42 00000010 1
53 10001100 3
64 00011000 2
75 00000000 a

07 00010111 4
10 00100000 1
21 10000000 1
32 00000010 1
43 10000100 2
54 01001000 2
65 00010000 1
76 01100000 2

Matching output with AND-NOT
0 absent
1 absent
2 absent
3 absent
4 absent
5 absent
6 absent
7 absent

Left
none
Best: none

Right
none
Best: none

OR-NOT
01 11011111 7
12 01111111 7
23 11111101 7
34 01111011 6
45 10110111 6
56 11101111 7
67 10011111 6
70 11101000 4

02 01011111 6
13 11111101 7
24 11111101 7
35 01110011 5
46 11100111 6
57 11111111 a
60 10111100 5
71 11101010 5

03 11011111 7
14 01111101 6 match 5
25 11110101 6 match 6
36 11100011 5 match 7
47 10111111 7
50 11101110 6
61 10011110 5
72 01111010 5 match 0

04 01011111 6
15 01110101 5
26 11100111 6
37 11111111 a
40 10101111 6
51 11101110 6
62 00011110 4
73 11111100 6

05 01010111 5
16 11110111 7
27 11111111 a
30 11101011 6
41 10101111 6
52 11111110 7
63 10011100 4
74 01111000 4

06 11110111 7
17 11111111 a
20 11101101 6
31 11101011 6
42 10111111 7
53 11111110 7
64 01011100 4
75 01110001 4

07 11011111 7
10 11111101 7
21 11101111 7
32 01111011 6
43 10111111 7
54 11111110 7
65 00011101 4
76 11100011 5 match 7

Matching output with OR-NOT
0 72
1 absent
2 absent
3 absent
4 absent
5 14
6 25
7 36 76

Left
72 03x
Best: OR-NOT72: 1

Right
36 25 14 03x
76 65x
Best: OR-NOT36 OR-NOT25 OR-NOT14: 3

XOR-NOT
01 11011101 6
12 01101111 6
23 01111001 5
34 00111011 5
45 10110110 5
56 00001101 3
67 10000011 3
70 11001000 3

02 01001101 4
13 11101001 5
24 10111101 6
35 01110010 4
46 01000100 2
57 01110001 4
60 10110100 4
71 11101010 5

03 11001011 5 match 1
14 00101101 4 match 2
25 11110100 5 match 3
36 10000000 1
47 00111000 3
50 01000110 3
61 10010110 4
72 01111010 5 match 0

04 00001111 4
15 01100100 3
26 00000110 2
37 11111100 6
40 00001111 4
51 01100100 3
62 00000110 2
73 11111100 6

05 01000110 3
16 10010110 4
27 01111010 5 match 0
30 11001011 5 match 1
41 00101101 4 match 2
52 11110100 5 match 3
63 10000000 1
74 00111000 3

06 10110100 4
17 11101010 5
20 01001101 4
31 11101001 5
42 10111101 6
53 01110010 4
64 01000100 2
75 01110001 4

07 11001000 3
10 11011101 6
21 01101111 6
32 01111001 5
43 00111011 5
54 10110110 5
65 00001101 3
76 10000011 3

Matching output with XOR-NOT
0 72 27
1 03 30
2 14 41
3 25 52
4 absent
5 absent
6 absent
7 absent

Left
72 03 14 25 36x
27 30 41 52 63x
Best: XOR-NOT72 XOR-NOT03 XOR-NOT14 XOR-NOT25: 4

Right
none
Best: none

Selecting

Lefts
Identity none
NOT none
Constant none
AND none
OR none
XOR none
AND-NOT none
OR-NOT OR-NOT72: 1
XOR-NOT XOR-NOT72 XOR-NOT03 XOR-NOT14 XOR-NOT25: 4

Rights
Identity none
NOT NOT6: 1
Constant none
AND none
OR none
XOR none
AND-NOT none
OR-NOT OR-NOT36 OR-NOT25 OR-NOT14: 3
XOR-NOT none

Left longest: 4
Right longest: 3

Left winner: Identity no, NOT no, Constant no, AND no, OR no, XOR no, AND-NOT no, OR-NOT no, XOR-NOT yes
Right winner: Identity no, NOT no, Constant no, AND no, OR no, XOR no, AND-NOT no, OR-NOT yes, XOR-NOT no

Best left: XOR-NOT72 XOR-NOT03 XOR-NOT14 XOR-NOT25: 4
Best right: OR-NOT36 OR-NOT25 OR-NOT14: 3

Truncated left: XOR-NOT72 XOR-NOT03 XOR-NOT14 XOR-NOT25: 4
Truncated right: OR-NOT36 OR-NOT25 OR-NOT14: 3

Tentative from right
7 OR-NOT36
6 OR-NOT25
5 OR-NOT14
4 pending
3 pending
2 pending
1 pending
0 pending

Tentative
0 XOR-NOT72
1 XOR-NOT03
2 XOR-NOT14
3 XOR-NOT25
4 pending
5 OR-NOT14
6 OR-NOT25
7 OR-NOT36

Preferred from left
0 XOR-NOT72
1 XOR-NOT03
2 XOR-NOT14
3 XOR-NOT25
4 ?36
5 OR-NOT14
6 OR-NOT25
7 OR-NOT36

Preferred
0 XOR-NOT72
1 XOR-NOT03
2 XOR-NOT14
3 XOR-NOT25
4 ?36
5 OR-NOT14
6 OR-NOT25
7 OR-NOT36

Matching
0 XOR-NOT72
1 XOR-NOT03
2 XOR-NOT14
3 XOR-NOT25
4 ?36 - Identity absent, NOT absent, Constant absent, AND absent, OR absent, XOR absent, AND-NOT absent, OR-NOT absent, XOR-NOT absent
5 OR-NOT14
6 OR-NOT25
7 OR-NOT36

Perfect match
Identity no
NOT no
Constant no
AND no
OR no
XOR no
AND-NOT no
OR-NOT no
XOR-NOT no

Matched
0 XOR-NOT72
1 XOR-NOT03
2 XOR-NOT14
3 XOR-NOT25
4 none
5 OR-NOT14
6 OR-NOT25
7 OR-NOT36

Selected
0 XOR-NOT72
1 XOR-NOT03
2 XOR-NOT14
3 XOR-NOT25
4 default 1
5 OR-NOT14
6 OR-NOT25
7 OR-NOT36

Applying to 11011011
Input
0 1
1 1
2 0
3 1
4 1
5 0
6 1
7 1
Output
0 XOR-NOT72 = XOR(1,NOT(0)) = 0
1 XOR-NOT03 = XOR(1,NOT(1)) = 1
2 XOR-NOT14 = XOR(1,NOT(1)) = 1
3 XOR-NOT25 = XOR(0,NOT(0)) = 1
4 default 1 = 1
5 OR-NOT14 = OR(1,NOT(1)) = 1
6 OR-NOT25 = OR(0,NOT(0)) = 1
7 OR-NOT36 = OR(1,NOT(1)) = 1

I will now return the answer in \boxed{}
The answer in \boxed is
\boxed{01111111}
</think>
\boxed{01111111}