We need to deduce the transformation by matching the example outputs.

Output 1: 10001001
0 1
1 0
2 0
3 0
4 1
5 0
6 0
7 1

Output 2: 10100001
0 1
1 0
2 1
3 0
4 0
5 0
6 0
7 1

Output 3: 10011011
0 1
1 0
2 0
3 1
4 1
5 0
6 1
7 1

Output 4: 11111001
0 1
1 1
2 1
3 1
4 1
5 0
6 0
7 1

Output 5: 10000001
0 1
1 0
2 0
3 0
4 0
5 0
6 0
7 1

Output 6: 00000010
0 0
1 0
2 0
3 0
4 0
5 0
6 1
7 0

Output 7: 11010101
0 1
1 1
2 0
3 1
4 0
5 1
6 0
7 1

Output bit columns (with bitsum as hash)
0 1111101 6
1 0001001 2
2 0101000 2
3 0011001 3
4 1011000 3
5 0000001 1
6 0010010 2
7 1111101 6

Input 1: 01001000
0 0
1 1
2 0
3 0
4 1
5 0
6 0
7 0

Input 2: 00001010
0 0
1 0
2 0
3 0
4 1
5 0
6 1
7 0

Input 3: 01011001
0 0
1 1
2 0
3 1
4 1
5 0
6 0
7 1

Input 4: 01001111
0 0
1 1
2 0
3 0
4 1
5 1
6 1
7 1

Input 5: 10001001
0 1
1 0
2 0
3 0
4 1
5 0
6 0
7 1

Input 6: 00010000
0 0
1 0
2 0
3 1
4 0
5 0
6 0
7 0

Input 7: 10101100
0 1
1 0
2 1
3 0
4 1
5 1
6 0
7 0

Identity
0 0000101 2
1 1011000 3 match 4
2 0000001 1 match 5
3 0010010 2 match 6
4 1111101 6 match 0 7
5 0001001 2 match 1
6 0101000 2 match 2
7 0011100 3

Matching output with Identity
0 4
1 5
2 6
3 absent
4 1
5 2
6 3
7 4

Left
4 5 6 7x
Best: I4 I5 I6: 3

Right
4 3 2 1 0x
Best: I4 I3 I2 I1: 4

NOT
0 1111010 5
1 0100111 4
2 1111110 6
3 1101101 5
4 0000010 1
5 1110110 5
6 1010111 5
7 1100011 4

Matching output with NOT
0 absent
1 absent
2 absent
3 absent
4 absent
5 absent
6 absent
7 absent

Left
none
Best: none

Right
none
Best: none

Constant
0 0000000 a
1 1111111 a

Matching output with Constant
0 absent
1 absent
2 absent
3 absent
4 absent
5 absent
6 absent
7 absent

Left
none
Best: none

Right
none
Best: none

AND
01 10 0000000 a
12 21 0000000 a
23 32 0000000 a
34 43 0010000 1
45 54 0001001 2 match 1
56 65 0001000 1
67 76 0001000 1
70 07 0000100 1

02 20 0000001 1 match 5
13 31 0010000 1
24 42 0000001 1 match 5
35 53 0000000 a
46 64 0101000 2 match 2
57 75 0001000 1
60 06 0000000 a
71 17 0011000 2

03 30 0000000 a
14 41 1011000 3 match 4
25 52 0000001 1 match 5
36 63 0000000 a
47 74 0011100 3
50 05 0000001 1 match 5
61 16 0001000 1
72 27 0000000 a

04 40 0000101 2
15 51 0001000 1
26 62 0000000 a
37 73 0010000 1

Matching output with AND
0 absent
1 45 54
2 46 64
3 absent
4 14 41
5 02 20 24 42 25 52 05 50
6 absent
7 absent

Left
none
Best: none

Right
none
Best: none

OR
01 10 1011101 5
12 21 1011001 4
23 32 0010011 3
34 43 1111111 a
45 54 1111101 6 match 0 7
56 65 0101001 3
67 76 0111100 4
70 07 0011101 4

02 20 0000101 2
13 31 1011010 4
24 42 1111101 6 match 0 7
35 53 0011011 4
46 64 1111101 6 match 0 7
57 75 0011101 4
60 06 0101101 4
71 17 1011100 4

03 30 0010111 4
14 41 1111101 6 match 0 7
25 52 0001001 2 match 1
36 63 0111010 4
47 74 1111101 6 match 0 7
50 05 0001101 3
61 16 1111000 4
72 27 0011101 4

04 40 1111101 6 match 0 7
15 51 1011001 4
26 62 0101001 3
37 73 0011110 4

Matching output with OR
0 45 54 24 42 46 64 14 41 47 74 04 40
1 25 52
2 absent
3 absent
4 absent
5 absent
6 absent
7 45 54 24 42 46 64 14 41 47 74 04 40

Left
45 56x
54 65x
24 35x
42 53x
46 57x
64 75x
14 25 36x
41 52 63x
47 50x
74 05x
04 15x
40 51x
Best: OR14 OR25: 2

Right
45 34x
54 43x
24 13x
42 31x
46 35x
64 53x
14 03x
41 30x
47 36x
74 63x
04 73x
40 37x
Best: OR45: 1

XOR
01 10 1011101 5
12 21 1011001 4
23 32 0010011 3
34 43 1101111 6
45 54 1110100 4
56 65 0100001 2
67 76 0110100 3
70 07 0011001 3 match 3

02 20 0000100 1
13 31 1001010 3
24 42 1111100 5
35 53 0011011 4
46 64 1010101 4
57 75 0010101 3
60 06 0101101 4
71 17 1000100 2

03 30 0010111 4
14 41 0100101 3
25 52 0001000 1
36 63 0111010 4
47 74 1100001 3
50 05 0001100 2
61 16 1110000 3
72 27 0011101 4

04 40 1111000 4
15 51 1010001 3
26 62 0101001 3
37 73 0001110 3

Matching output with XOR
0 absent
1 absent
2 absent
3 07 70
4 absent
5 absent
6 absent
7 absent

Left
none
Best: none

Right
none
Best: none

AND-NOT
01 0000101 2
12 1011000 3 match 4
23 0000001 1 match 5
34 0000010 1
45 1110100 4
56 0000001 1 match 5
67 0100000 1
70 0011000 2

02 0000100 1
13 1001000 2
24 0000000 a
35 0010010 2 match 6
46 1010101 4
57 0000001 1 match 5
60 0101000 2 match 2
71 0000100 1

03 0000101 2
14 0000000 a
25 0000000 a
36 0010010 2 match 6
47 1100001 3
50 0001000 1
61 0100000 1
72 0011100 3

04 0000000 a
15 1010000 2
26 0000001 1 match 5
37 0000010 1
40 1111000 4
51 0000001 1 match 5
62 0101000 2 match 2
73 0001100 2

05 0000100 1
16 1010000 2
27 0000001 1 match 5
30 0010010 2 match 6
41 0100101 3
52 0001000 1
63 0101000 2 match 2
74 0000000 a

06 0000101 2
17 1000000 1
20 0000000 a
31 0000010 1
42 1111100 5
53 0001001 2 match 1
64 0000000 a
75 0010100 2

07 0000001 1 match 5
10 1011000 3 match 4
21 0000001 1 match 5
32 0010010 2 match 6
43 1101101 5
54 0000000 a
65 0100000 1
76 0010100 2

Matching output with AND-NOT
0 absent
1 53
2 60 62 63
3 absent
4 12 10
5 23 56 57 26 51 27 07 21
6 35 36 30 32
7 absent

Left
none
Best: none

Right
none
Best: none

OR-NOT
01 0100111 4
12 1111110 6
23 1101101 5
34 0010010 2 match 6
45 1111111 a
56 1011111 6
67 1101011 5
70 1111110 6

02 1111111 a
13 1111101 6 match 0 7
24 0000011 2
35 1110110 5
46 1111111 a
57 1101011 5
60 1111010 5
71 0111111 6

03 1101101 5
14 1011010 4
25 1110111 6
36 1010111 5
47 1111111 a
50 1111011 6
61 0101111 5
72 1111110 6

04 0000111 3
15 1111110 6
26 1010111 5
37 1110011 5
40 1111111 a
51 0101111 5
62 1111110 6
73 1111101 6 match 0 7

05 1110111 6
16 1011111 6
27 1100011 4
30 1111010 5
41 1111111 a
52 1111111 a
63 1101101 5
74 0011110 4

06 1010111 5
17 1111011 6
20 1111011 6
31 0110111 5
42 1111111 a
53 1101101 5
64 0101010 3
75 1111110 6

07 1100111 5
10 1111010 5
21 0100111 4
32 1111110 6
43 1111101 6 match 0 7
54 0001011 3
65 1111110 6
76 1011111 6

Matching output with OR-NOT
0 13 73 43
1 absent
2 absent
3 absent
4 absent
5 absent
6 34
7 13 73 43

Left
13 24x
73 04x
43 54x
Best: OR-NOT13: 1

Right
13 02x
73 62x
43 32x
Best: OR-NOT13: 1

XOR-NOT
01 0100010 2
12 0100110 3
23 1101100 4
34 0010000 1
45 0001011 3
56 1011110 5
67 1001011 4
70 1100110 4

02 1111011 6
13 0110101 4
24 0000011 2
35 1100100 3
46 0101010 3
57 1101010 4
60 1010010 3
71 0111011 5

03 1101000 3
14 1011010 4
25 1110111 6
36 1000101 3
47 0011110 4
50 1110011 5
61 0001111 4
72 1100010 3

04 0000111 3
15 0101110 4
26 1010110 4
37 1110001 4
40 0000111 3
51 0101110 4
62 1010110 4
73 1110001 4

05 1110011 5
16 0001111 4
27 1100010 3
30 1101000 3
41 1011010 4
52 1110111 6
63 1000101 3
74 0011110 4

06 1010010 3
17 0111011 5
20 1111011 6
31 0110101 4
42 0000011 2
53 1100100 3
64 0101010 3
75 1101010 4

07 1100110 4
10 0100010 2
21 0100110 3
32 1101100 4
43 0010000 1
54 0001011 3
65 1011110 5
76 1001011 4

Matching output with XOR-NOT
0 absent
1 absent
2 absent
3 absent
4 absent
5 absent
6 absent
7 absent

Left
none
Best: none

Right
none
Best: none

Selecting

Lefts
Identity I4 I5 I6: 3
NOT none
Constant none
AND none
OR OR14 OR25: 2
XOR none
AND-NOT none
OR-NOT OR-NOT13: 1
XOR-NOT none

Rights
Identity I4 I3 I2 I1: 4
NOT none
Constant none
AND none
OR OR45: 1
XOR none
AND-NOT none
OR-NOT OR-NOT13: 1
XOR-NOT none

Left longest: 3
Right longest: 4

Right winner: Identity yes, NOT no, Constant no, AND no, OR no, XOR no, AND-NOT no, OR-NOT no, XOR-NOT no
Left winner: Identity yes, NOT no, Constant no, AND no, OR no, XOR no, AND-NOT no, OR-NOT no, XOR-NOT no

Best right: I4 I3 I2 I1: 4
Best left: I4 I5 I6: 3

Truncated right: I4 I3 I2 I1: 4
Truncated left: I4 I5 I6: 3

Tentative from right
7 I4
6 I3
5 I2
4 I1
3 pending
2 pending
1 pending
0 pending

Tentative
0 I4
1 I5
2 I6
3 pending
4 I1
5 I2
6 I3
7 I4

Preferred from right
7 I4
6 I3
5 I2
4 I1
3 ??0
2 I6
1 I5
0 I4

Preferred
0 I4
1 I5
2 I6
3 ?70
4 I1
5 I2
6 I3
7 I4

Matching
0 I4
1 I5
2 I6
3 ?70 - Identity absent, NOT absent, Constant absent, AND absent, OR absent, XOR70, AND-NOT absent, OR-NOT absent, XOR-NOT absent
4 I1
5 I2
6 I3
7 I4

Perfect match
Identity no
NOT no
Constant no
AND no
OR no
XOR yes
AND-NOT no
OR-NOT no
XOR-NOT no

Matched
0 I4
1 I5
2 I6
3 XOR70
4 I1
5 I2
6 I3
7 I4

Selected
0 I4
1 I5
2 I6
3 XOR70
4 I1
5 I2
6 I3
7 I4

Applying to 00011001
Input
0 0
1 0
2 0
3 1
4 1
5 0
6 0
7 1
Output
0 I4 = 1
1 I5 = 0
2 I6 = 0
3 XOR70 = XOR(1,0) = 1
4 I1 = 0
5 I2 = 0
6 I3 = 1
7 I4 = 1

I will now return the answer in \boxed{}
The answer in \boxed is
\boxed{10010011}
</think>
\boxed{10010011}