We need to deduce the transformation by matching the example outputs.

Output 1: 01100100
0 0
1 1
2 1
3 0
4 0
5 1
6 0
7 0

Output 2: 10001011
0 1
1 0
2 0
3 0
4 1
5 0
6 1
7 1

Output 3: 11101011
0 1
1 1
2 1
3 0
4 1
5 0
6 1
7 1

Output 4: 10000000
0 1
1 0
2 0
3 0
4 0
5 0
6 0
7 0

Output 5: 11100010
0 1
1 1
2 1
3 0
4 0
5 0
6 1
7 0

Output 6: 01011001
0 0
1 1
2 0
3 1
4 1
5 0
6 0
7 1

Output 7: 00100000
0 0
1 0
2 1
3 0
4 0
5 0
6 0
7 0

Output 8: 10011101
0 1
1 0
2 0
3 1
4 1
5 1
6 0
7 1

Output 9: 01011111
0 0
1 1
2 0
3 1
4 1
5 1
6 1
7 1

Output 10: 11011100
0 1
1 1
2 0
3 1
4 1
5 1
6 0
7 0

Output bit columns (with bitsum as hash)
0 0111100101 6
1 1010110011 6
2 1010101000 4
3 0000010111 4
4 0110010111 6
5 1000000111 4
6 0110100010 4
7 0110010110 5

Input 1: 00110001
0 0
1 0
2 1
3 1
4 0
5 0
6 0
7 1

Input 2: 11001001
0 1
1 1
2 0
3 0
4 1
5 0
6 0
7 1

Input 3: 11111010
0 1
1 1
2 1
3 1
4 1
5 0
6 1
7 0

Input 4: 01000100
0 0
1 1
2 0
3 0
4 0
5 1
6 0
7 0

Input 5: 01110110
0 0
1 1
2 1
3 1
4 0
5 1
6 1
7 0

Input 6: 00101110
0 0
1 0
2 1
3 0
4 1
5 1
6 1
7 0

Input 7: 00010001
0 0
1 0
2 0
3 1
4 0
5 0
6 0
7 1

Input 8: 01001010
0 0
1 1
2 0
3 0
4 1
5 0
6 1
7 0

Input 9: 00101101
0 0
1 0
2 1
3 0
4 1
5 1
6 0
7 1

Input 10: 11100000
0 1
1 1
2 1
3 0
4 0
5 0
6 0
7 0

Identity
0 0110000001 3
1 0111100101 6 match 0
2 1010110011 6 match 1
3 1010101000 4 match 2
4 0110010110 5 match 7
5 0001110010 4
6 0010110100 4
7 1100001010 4

Matching output with Identity
0 1
1 2
2 3
3 absent
4 absent
5 absent
6 absent
7 4

Left
1 2 3 4x
Best: I1 I2 I3: 3

Right
4 3x
Best: I4: 1

NOT
0 1001111110 7
1 1000011010 4
2 0101001100 4
3 0101010111 6
4 1001101001 5
5 1110001101 6
6 1101001011 6
7 0011110101 6

Matching output with NOT
0 absent
1 absent
2 absent
3 absent
4 absent
5 absent
6 absent
7 absent

Left
none
Best: none

Right
none
Best: none

Constant
0 0000000000 a
1 1111111111 a

Matching output with Constant
0 absent
1 absent
2 absent
3 absent
4 absent
5 absent
6 absent
7 absent

Left
none
Best: none

Right
none
Best: none

AND
01 10 0110000001 3
12 21 0010100001 3
23 32 1010100000 3
34 43 0010000000 1
45 54 0000010010 2
56 65 0000110000 2
67 76 0000000000 a
70 07 0100000000 1

02 20 0010000001 2
13 31 0010100000 2
24 42 0010010010 3
35 53 0000100000 1
46 64 0010010100 3
57 75 0000000010 1
60 06 0010000000 1
71 17 0100000000 1

03 30 0010000000 1
14 41 0110000100 3
25 52 0000110010 3
36 63 0010100000 2
47 74 0100000010 2
50 05 0000000000 a
61 16 0010100100 3
72 27 1000000010 2

04 40 0110000000 2
15 51 0001100000 2
26 62 0010110000 3
37 73 1000001000 2

Matching output with AND
0 absent
1 absent
2 absent
3 absent
4 absent
5 absent
6 absent
7 absent

Left
none
Best: none

Right
none
Best: none

OR
01 10 0111100101 6 match 0
12 21 1111110111 9
23 32 1010111011 7
34 43 1110111110 8
45 54 0111110110 7
56 65 0011110110 6
67 76 1110111110 8
70 07 1110001011 6

02 20 1110110011 7
13 31 1111101101 8
24 42 1110110111 8
35 53 1011111010 7
46 64 0110110110 6
57 75 1101111010 7
60 06 0110110101 6
71 17 1111101111 9

03 30 1110101001 6
14 41 0111110111 8
25 52 1011110011 7
36 63 1010111100 6
47 74 1110011110 7
50 05 0111110011 7
61 16 0111110101 7
72 27 1110111011 8

04 40 0110010111 6 match 4
15 51 0111110111 8
26 62 1010110111 7
37 73 1110101010 6

Matching output with OR
0 01 10
1 absent
2 absent
3 absent
4 04 40
5 absent
6 absent
7 absent

Left
01 12x
10 21x
Best: OR01: 1

Right
none
Best: none

XOR
01 10 0001100100 3
12 21 1101010110 6
23 32 0000011011 4
34 43 1100111110 7
45 54 0111100100 5
56 65 0011000110 4
67 76 1110111110 8
70 07 1010001011 5

02 20 1100110010 5
13 31 1101001101 6
24 42 1100100101 5
35 53 1011011010 6
46 64 0100100010 3
57 75 1101111000 6
60 06 0100110101 5
71 17 1011101111 8

03 30 1100101001 5
14 41 0001110011 5
25 52 1011000001 4
36 63 1000011100 4
47 74 1010011100 5
50 05 0111110011 7
61 16 0101010001 4
72 27 0110111001 6

04 40 0000010111 4 match 3
15 51 0110010111 6 match 4
26 62 1000000111 4 match 5
37 73 0110100010 4 match 6

Matching output with XOR
0 absent
1 absent
2 absent
3 04 40
4 15 51
5 26 62
6 37 73
7 absent

Left
none
Best: none

Right
none
Best: none

AND-NOT
01 0000000000 a
12 0101000100 3
23 0000010011 3
34 1000101000 3
45 0110000100 3
56 0001000010 2
67 0010110100 4
70 1000001010 3

02 0100000000 1
13 0101000101 4
24 1000100001 3
35 1010001000 3
46 0100000010 2
57 0001110000 3
60 0000110100 3
71 1000001010 3

03 0100000001 2
14 0001100001 3
25 1010000001 3
36 1000001000 2
47 0010010100 3
50 0001110010 4
61 0000010000 1
72 0100001000 2

04 0000000001 1
15 0110000101 4
26 1000000011 3
37 0010100000 2
40 0000010110 3
51 0000010010 2
62 0000000100 1
73 0100000010 2

05 0110000001 3
16 0101000001 3
27 0010110001 4
30 1000101000 3
41 0000010010 2
52 0001000000 1
63 0000010100 2
74 1000001000 2

06 0100000001 2
17 0011100101 5
20 1000110010 4
31 1000001000 2
42 0100000100 2
53 0001010010 3
64 0000100000 1
75 1100001000 3

07 0010000001 2
10 0001100100 3
21 1000010010 3
32 0000001000 1
43 0100010110 4
54 0001100000 2
65 0010000100 2
76 1100001010 4

Matching output with AND-NOT
0 absent
1 absent
2 absent
3 absent
4 absent
5 absent
6 absent
7 absent

Left
none
Best: none

Right
none
Best: none

OR-NOT
01 1110011011 7
12 0111101101 7
23 1111110111 9
34 1011101001 6
45 1110011111 8
56 1101111011 8
67 0011110101 6
70 1101111110 8

02 0111001101 6
13 0111110111 8
24 1011111011 8
35 1110101101 7
46 1111011111 9
57 0011110111 7
60 1011111110 8
71 1100011010 5

03 0111010111 7
14 1111101101 8
25 1110111111 9
36 1111101011 8
47 0111110111 8
50 1001111110 7
61 1010111110 7
72 1101001110 6

04 1111101001 7
15 1111101101 8
26 1111111011 9
37 1011111101 8
40 1111111110 9
51 1001111010 6
62 0111111100 7
73 1101011111 8

05 1110001101 6
16 1111101111 9
27 1011110111 8
30 1011111110 8
41 1110011110 7
52 0101111110 7
63 0111110111 8
74 1101101011 7

06 1111001011 7
17 0111110101 7
20 1011111111 9
31 1010111010 6
42 0111011110 7
53 0101110111 7
64 1011111101 8
75 1110001111 7

07 0111110101 7
10 1111111111 a
21 1010111011 7
32 1111101100 7
43 0111010111 7
54 1001111011 7
65 1110111101 8
76 1101001011 6

Matching output with OR-NOT
0 absent
1 absent
2 absent
3 absent
4 absent
5 absent
6 absent
7 absent

Left
none
Best: none

Right
none
Best: none

XOR-NOT
01 1110011011 7
12 0010101001 4
23 1111100100 6
34 0011000001 3
45 1000011011 5
56 1100111001 6
67 0001000001 2
70 0101110100 5

02 0011001101 5
13 0010110010 4
24 0011011010 5
35 0100100101 4
46 1011011101 7
57 0010000111 4
60 1011001010 5
71 0100010000 2

03 0011010110 5
14 1110001100 5
25 0100111110 6
36 0111100011 6
47 0101100011 5
50 1000001100 3
61 1010101110 6
72 1001000110 4

04 1111101000 6
15 1001101000 4
26 0111111000 6
37 1001011101 6
40 1111101000 6
51 1001101000 4
62 0111111000 6
73 1001011101 6

05 1000001100 3
16 1010101110 6
27 1001000110 4
30 0011010110 5
41 1110001100 5
52 0100111110 6
63 0111100011 6
74 0101100011 5

06 1011001010 5
17 0100010000 2
20 0011001101 5
31 0010110010 4
42 0011011010 5
53 0100100101 4
64 1011011101 7
75 0010000111 4

07 0101110100 5
10 1110011011 7
21 0010101001 4
32 1111100100 6
43 0011000001 3
54 1000011011 5
65 1100111001 6
76 0001000001 2

Matching output with XOR-NOT
0 absent
1 absent
2 absent
3 absent
4 absent
5 absent
6 absent
7 absent

Left
none
Best: none

Right
none
Best: none

Selecting

Lefts
Identity I1 I2 I3: 3
NOT none
Constant none
AND none
OR OR01: 1
XOR none
AND-NOT none
OR-NOT none
XOR-NOT none

Rights
Identity I4: 1
NOT none
Constant none
AND none
OR none
XOR none
AND-NOT none
OR-NOT none
XOR-NOT none

Left longest: 3
Right longest: 1

Left winner: Identity yes, NOT no, Constant no, AND no, OR no, XOR no, AND-NOT no, OR-NOT no, XOR-NOT no
Right winner: Identity yes, NOT no, Constant no, AND no, OR no, XOR no, AND-NOT no, OR-NOT no, XOR-NOT no

Best left: I1 I2 I3: 3
Best right: I4: 1

Truncated left: I1 I2 I3: 3
Truncated right: I4: 1

Tentative from right
7 I4
6 pending
5 pending
4 pending
3 pending
2 pending
1 pending
0 pending

Tentative
0 I1
1 I2
2 I3
3 pending
4 pending
5 pending
6 pending
7 I4

Preferred from left
0 I1
1 I2
2 I3
3 ?4?
4 ?5?
5 ?6?
6 ?7?
7 I4

Preferred
0 I1
1 I2
2 I3
3 ?40
4 ?51
5 ?62
6 ?73
7 I4

Matching
0 I1
1 I2
2 I3
3 ?40 - Identity absent, NOT absent, Constant absent, AND absent, OR absent, XOR40, AND-NOT absent, OR-NOT absent, XOR-NOT absent
4 ?51 - Identity absent, NOT absent, Constant absent, AND absent, OR absent, XOR51, AND-NOT absent, OR-NOT absent, XOR-NOT absent
5 ?62 - Identity absent, NOT absent, Constant absent, AND absent, OR absent, XOR62, AND-NOT absent, OR-NOT absent, XOR-NOT absent
6 ?73 - Identity absent, NOT absent, Constant absent, AND absent, OR absent, XOR73, AND-NOT absent, OR-NOT absent, XOR-NOT absent
7 I4

Perfect match
Identity no
NOT no
Constant no
AND no
OR no
XOR yes
AND-NOT no
OR-NOT no
XOR-NOT no

Matched
0 I1
1 I2
2 I3
3 XOR40
4 XOR51
5 XOR62
6 XOR73
7 I4

Selected
0 I1
1 I2
2 I3
3 XOR40
4 XOR51
5 XOR62
6 XOR73
7 I4

Applying to 01111111
Input
0 0
1 1
2 1
3 1
4 1
5 1
6 1
7 1
Output
0 I1 = 1
1 I2 = 1
2 I3 = 1
3 XOR40 = XOR(1,0) = 1
4 XOR51 = XOR(1,1) = 0
5 XOR62 = XOR(1,1) = 0
6 XOR73 = XOR(1,1) = 0
7 I4 = 1

I will now return the answer in \boxed{}
The answer in \boxed is
\boxed{11110001}
</think>
\boxed{11110001}