We need to deduce the transformation by matching the example outputs.

Output 1: 00011110
0 0
1 0
2 0
3 1
4 1
5 1
6 1
7 0

Output 2: 11111101
0 1
1 1
2 1
3 1
4 1
5 1
6 0
7 1

Output 3: 11100011
0 1
1 1
2 1
3 0
4 0
5 0
6 1
7 1

Output 4: 00011010
0 0
1 0
2 0
3 1
4 1
5 0
6 1
7 0

Output 5: 11110011
0 1
1 1
2 1
3 1
4 0
5 0
6 1
7 1

Output 6: 10010000
0 1
1 0
2 0
3 1
4 0
5 0
6 0
7 0

Output 7: 00011100
0 0
1 0
2 0
3 1
4 1
5 1
6 0
7 0

Output 8: 10010110
0 1
1 0
2 0
3 1
4 0
5 1
6 1
7 0

Output bit columns (with bitsum as hash)
0 01101101 5
1 01101000 3
2 01101000 3
3 11011111 7
4 11010010 4
5 11000011 4
6 10111001 5
7 01101000 3

Input 1: 10001011
0 1
1 0
2 0
3 0
4 1
5 0
6 1
7 1

Input 2: 11111001
0 1
1 1
2 1
3 1
4 1
5 0
6 0
7 1

Input 3: 01110010
0 0
1 1
2 1
3 1
4 0
5 0
6 1
7 0

Input 4: 10001001
0 1
1 0
2 0
3 0
4 1
5 0
6 0
7 1

Input 5: 11111110
0 1
1 1
2 1
3 1
4 1
5 1
6 1
7 0

Input 6: 11001110
0 1
1 1
2 0
3 0
4 1
5 1
6 1
7 0

Input 7: 10001010
0 1
1 0
2 0
3 0
4 1
5 0
6 1
7 0

Input 8: 11001101
0 1
1 1
2 0
3 0
4 1
5 1
6 0
7 1


Identity
0 11011111 7 match 3
1 01101101 5 match 0
2 01101000 3 match 1 2 7
3 01101000 3 match 1 2 7
4 11011111 7 match 3
5 00001101 3
6 10101110 5
7 11010001 4

Matching output with Identity
0 1
1 2 3
2 2 3
3 0 4
4 absent
5 absent
6 absent
7 2 3

Left
1 2 3 4 5x
Best: I1 2 3 4: 4

Right
2 1y
3 2y
Best: I2: 1

NOT
0 00100000 1
1 10010010 3
2 10010111 5
3 10010111 5
4 00100000 1
5 11110010 5
6 01010001 3
7 00101110 4

Matching output with NOT
0 absent
1 absent
2 absent
3 absent
4 absent
5 absent
6 absent
7 absent

Left
none
Best: none

Right
none
Best: none

Constant
0 00000000 a
1 11111111 a

Matching output with Constant
0 absent
1 absent
2 absent
3 absent
4 absent
5 absent
6 absent
7 absent

Left
none
Best: none

Right
none
Best: none

AND
01 10 01001101 4
12 21 01101000 3 match 1 2 7
23 32 01101000 3 match 1 2 7
34 43 01001000 2
45 54 00001101 3
56 65 00001100 2
67 76 10000000 1
70 07 11010001 4

02 20 01001000 2
13 31 01101000 3 match 1 2 7
24 42 01001000 2
35 53 00001000 1
46 64 10001110 4
57 75 00000001 1
60 06 10001110 4
71 17 01000001 2

03 30 01001000 2
14 41 01001101 4
25 52 00001000 1
36 63 00101000 2
47 74 11010001 4
50 05 00001101 3
61 16 00101100 3
72 27 01000000 1

04 40 11011111 7 match 3
15 51 00001101 3
26 62 00101000 2
37 73 01000000 1

Matching output with AND
0 absent
1 12 21 23 32 13 31
2 12 21 23 32 13 31
3 04 40
4 absent
5 absent
6 absent
7 12 21 23 32 13 31

Left
none
Best: none

Right
12 01x
21 10x
23 12y
32 21y
13 02x
31 20x
Best: AND12: 1

OR
01 10 11111111 a
12 21 01101101 5 match 0
23 32 01101000 3 match 1 2 7
34 43 11111111 a
45 54 11011111 7 match 3
56 65 10101111 6
67 76 11111111 a
70 07 11011111 7 match 3

02 20 11111111 a
13 31 01101101 5 match 0
24 42 11111111 a
35 53 01101101 5 match 0
46 64 11111111 a
57 75 11011101 6
60 06 11111111 a
71 17 11111101 7

03 30 11111111 a
14 41 11111111 a
25 52 01101101 5 match 0
36 63 11101110 6
47 74 11011111 7 match 3
50 05 11011111 7 match 3
61 16 11101111 7
72 27 11111001 6

04 40 11011111 7 match 3
15 51 01101101 5 match 0
26 62 11101110 6
37 73 11111001 6

Matching output with OR
0 12 21 13 31 35 53 25 52 15 51
1 23 32
2 23 32
3 45 54 70 07 47 74 50 05 04 40
4 absent
5 absent
6 absent
7 23 32

Left
12 23 34x
21 32 43x
13 24x
31 42x
35 46x
53 64x
25 36x
52 63x
15 26x
51 62x
Best: OR12 23: 2

Right
23 12y
32 21y
Best: OR23: 1

XOR
01 10 10110010 4
12 21 00000101 2
23 32 00000000 a
34 43 10110111 6
45 54 11010010 4 match 4
56 65 10100011 4
67 76 01111111 7
70 07 00001110 3

02 20 10110111 6
13 31 00000101 2
24 42 10110111 6
35 53 01100101 4
46 64 01110001 4
57 75 11011100 5
60 06 01110001 4
71 17 10111100 5

03 30 10110111 6
14 41 10110010 4
25 52 01100101 4
36 63 11000110 4
47 74 00001110 3
50 05 11010010 4 match 4
61 16 11000011 4 match 5
72 27 10111001 5 match 6

04 40 00000000 a
15 51 01100000 2
26 62 11000110 4
37 73 10111001 5 match 6

Matching output with XOR
0 absent
1 absent
2 absent
3 absent
4 45 54 50 05
5 61 16
6 72 27 37 73
7 absent

Left
none
Best: none

Right
none
Best: none

AND-NOT
01 10010010 3
12 00000101 2
23 00000000 a
34 00100000 1
45 11010010 4 match 4
56 00000001 1
67 00101110 4
70 00000000 a

02 10010111 5
13 00000101 2
24 00100000 1
35 01100000 2
46 01010001 3
57 00001100 2
60 00100000 1
71 10010000 2

03 10010111 5
14 00100000 1
25 01100000 2
36 01000000 1
47 00001110 3
50 00000000 a
61 10000010 2
72 10010001 3

04 00000000 a
15 01100000 2
26 01000000 1
37 00101000 2
40 00000000 a
51 00000000 a
62 10000110 3
73 10010001 3

05 11010010 4 match 4
16 01000001 2
27 00101000 2
30 00100000 1
41 10010010 3
52 00000101 2
63 10000110 3
74 00000000 a

06 01010001 3
17 00101100 3
20 00100000 1
31 00000000 a
42 10010111 5
53 00000101 2
64 00100000 1
75 11010000 3

07 00001110 3
10 00100000 1
21 00000000 a
32 00000000 a
43 10010111 5
54 00000000 a
65 10100010 3
76 01010001 3

Matching output with AND-NOT
0 absent
1 absent
2 absent
3 absent
4 45 05
5 absent
6 absent
7 absent

Left
none
Best: none

Right
none
Best: none

OR-NOT
01 11011111 7 match 3
12 11111111 a
23 11111111 a
34 01101000 3 match 1 2 7
45 11111111 a
56 01011101 5
67 10101110 5
70 11110001 5

02 11011111 7 match 3
13 11111111 a
24 01101000 3 match 1 2 7
35 11111010 6
46 11011111 7 match 3
57 00101111 5
60 10101110 5
71 11010011 5

03 11011111 7 match 3
14 01101101 5 match 0
25 11111010 6
36 01111001 5
47 11111111 a
50 00101101 4
61 10111110 6
72 11010111 6

04 11111111 a
15 11111111 a
26 01111001 5
37 01101110 5
40 11111111 a
51 10011111 6
62 10111111 7
73 11010111 6

05 11111111 a
16 01111101 6
27 01101110 5
30 01101000 3 match 1 2 7
41 11011111 7 match 3
52 10011111 6
63 10111111 7
74 11110001 5

06 11011111 7 match 3
17 01101111 6
20 01101000 3 match 1 2 7
31 11111010 6
42 11011111 7 match 3
53 10011111 6
64 10101110 5
75 11110011 6

07 11111111 a
10 01101101 5 match 0
21 11111010 6
32 11111111 a
43 11011111 7 match 3
54 00101101 4
65 11111110 7
76 11010001 4

Matching output with OR-NOT
0 14 10
1 34 24 30 20
2 34 24 30 20
3 01 02 46 03 41 06 42 43
4 absent
5 absent
6 absent
7 34 24 30 20

Left
14 25x
10 21x
Best: OR-NOT14: 1

Right
34 23x
24 13x
30 27x
20 17x
Best: OR-NOT34: 1

XOR-NOT
01 01001101 4
12 11111010 6
23 11111111 a
34 01001000 2
45 00101101 4
56 01011100 4
67 10000000 1
70 11110001 5

02 01001000 2
13 11111010 6
24 01001000 2
35 10011010 4
46 10001110 4
57 00100011 3
60 10001110 4
71 01000011 3

03 01001000 2
14 01001101 4
25 10011010 4
36 00111001 4
47 11110001 5
50 00101101 4
61 00111100 4
72 01000110 3

04 11111111 a
15 10011111 6
26 00111001 4
37 01000110 3
40 11111111 a
51 10011111 6
62 00111001 4
73 01000110 3

05 00101101 4
16 00111100 4
27 01000110 3
30 01001000 2
41 01001101 4
52 10011010 4
63 00111001 4
74 11110001 5

06 10001110 4
17 01000011 3
20 01001000 2
31 11111010 6
42 01001000 2
53 10011010 4
64 10001110 4
75 00100011 3

07 11110001 5
10 01001101 4
21 11111010 6
32 11111111 a
43 01001000 2
54 00101101 4
65 01011100 4
76 10000000 1

Matching output with XOR-NOT
0 absent
1 absent
2 absent
3 absent
4 absent
5 absent
6 absent
7 absent

Left
none
Best: none

Right
none
Best: none

Selecting

Lefts
Identity I1 2 3 4: 4
NOT none
Constant none
AND none
OR OR12 23: 2
XOR none
AND-NOT none
OR-NOT OR-NOT14: 1
XOR-NOT none

Rights
Identity I2: 1
NOT none
Constant none
AND AND12: 1
OR OR23: 1
XOR none
AND-NOT none
OR-NOT OR-NOT34: 1
XOR-NOT none

Left longest: 4
Right longest: 1

Left winner: Identity yes, NOT no, Constant no, AND no, OR no, XOR no, AND-NOT no, OR-NOT no, XOR-NOT no
Right winner: Identity yes, NOT no, Constant no, AND no, OR no, XOR no, AND-NOT no, OR-NOT no, XOR-NOT no

Best left: I1 2 3 4: 4
Best right: I2: 1

Truncated left: I1 2 3 4: 4
Truncated right: I2: 1

Tentative from right
7 I2
6 pending
5 pending
4 pending
3 pending
2 pending
1 pending
0 pending

Tentative
0 I1
1 I2
2 I3
3 I4
4 pending
5 pending
6 pending
7 I2

Preferred from left
0 I1
1 I2
2 I3
3 I4
4 ?5?
5 ?6?
6 ?7?
7 I2

Preferred from right
7 I2
6 ?71
5 ?60
4 ?57
3 I4
2 I3
1 I2
0 I1

Preferred
0 I1
1 I2
2 I3
3 I4
4 ?57 ?75
5 ?60 ?06
6 ?71 ?17
7 I2

Matching
0 I1
1 I2
2 I3
3 I4
4 ?57 ?75 - Identity absent, NOT absent, Constant absent, AND absent, OR absent, XOR absent, AND-NOT absent, OR-NOT absent, XOR-NOT absent
5 ?60 ?06 - Identity absent, NOT absent, Constant absent, AND absent, OR absent, XOR absent, AND-NOT absent, OR-NOT absent, XOR-NOT absent
6 ?71 ?17 - Identity absent, NOT absent, Constant absent, AND absent, OR absent, XOR absent, AND-NOT absent, OR-NOT absent, XOR-NOT absent
7 I2

Perfect match
Identity no
NOT no
Constant no
AND no
OR no
XOR no
AND-NOT no
OR-NOT no
XOR-NOT no

Matched
0 I1
1 I2
2 I3
3 I4
4 none
5 none
6 none
7 I2


Reselect (whole-word coverage)
0 I1
1 I2
2 I2
3 I4
4 XOR05
5 XOR16
6 XOR27
7 I2
Selected
0 I1
1 I2
2 I2
3 I4
4 XOR05
5 XOR16
6 XOR27
7 I2

Applying to 10000101
Input
0 1
1 0
2 0
3 0
4 0
5 1
6 0
7 1
Output
0 I1 = 0
1 I2 = 0
2 I2 = 0
3 I4 = 0
4 XOR05 = XOR(1,1) = 0
5 XOR16 = XOR(0,0) = 0
6 XOR27 = XOR(0,1) = 1
7 I2 = 0

I will now return the answer in \boxed{}
The answer in \boxed is
\boxed{00000010}
</think>
\boxed{00000010}