We need to deduce the transformation by matching the example outputs.

Output 1: 10000010
0 1
1 0
2 0
3 0
4 0
5 0
6 1
7 0

Output 2: 00000000
0 0
1 0
2 0
3 0
4 0
5 0
6 0
7 0

Output 3: 00000010
0 0
1 0
2 0
3 0
4 0
5 0
6 1
7 0

Output 4: 00000000
0 0
1 0
2 0
3 0
4 0
5 0
6 0
7 0

Output 5: 00000010
0 0
1 0
2 0
3 0
4 0
5 0
6 1
7 0

Output 6: 00000000
0 0
1 0
2 0
3 0
4 0
5 0
6 0
7 0

Output 7: 00000011
0 0
1 0
2 0
3 0
4 0
5 0
6 1
7 1

Output 8: 00000000
0 0
1 0
2 0
3 0
4 0
5 0
6 0
7 0

Output 9: 10000000
0 1
1 0
2 0
3 0
4 0
5 0
6 0
7 0

Output bit columns (with bitsum as hash)
0 100000001 2
1 000000000 a
2 000000000 a
3 000000000 a
4 000000000 a
5 000000000 a
6 101010100 4
7 000000100 1

Input 1: 10110101
0 1
1 0
2 1
3 1
4 0
5 1
6 0
7 1

Input 2: 00001110
0 0
1 0
2 0
3 0
4 1
5 1
6 1
7 0

Input 3: 10110100
0 1
1 0
2 1
3 1
4 0
5 1
6 0
7 0

Input 4: 00101100
0 0
1 0
2 1
3 0
4 1
5 1
6 0
7 0

Input 5: 10000110
0 1
1 0
2 0
3 0
4 0
5 1
6 1
7 0

Input 6: 01010100
0 0
1 1
2 0
3 1
4 0
5 1
6 0
7 0

Input 7: 11001110
0 1
1 1
2 0
3 0
4 1
5 1
6 1
7 0

Input 8: 01010000
0 0
1 1
2 0
3 1
4 0
5 0
6 0
7 0

Input 9: 11110001
0 1
1 1
2 1
3 1
4 0
5 0
6 0
7 1


Identity
0 101010101 5
1 000001111 4
2 101100001 4
3 101001011 5
4 010100100 3
5 111111100 7
6 010010100 3
7 100000001 2 match 0

Matching output with Identity
0 7
1 absent
2 absent
3 absent
4 absent
5 absent
6 absent
7 absent

Left
7 0x
Best: I7: 1

Right
none
Best: none

NOT
0 010101010 4
1 111110000 5
2 010011110 5
3 010110100 4
4 101011011 6
5 000000011 2
6 101101011 6
7 011111110 7

Matching output with NOT
0 absent
1 absent
2 absent
3 absent
4 absent
5 absent
6 absent
7 absent

Left
none
Best: none

Right
none
Best: none

Constant
0 000000000 a match 1 2 3 4 5
1 111111111 a

Matching output with Constant
0 absent
1 C0
2 C0
3 C0
4 C0
5 C0
6 absent
7 absent

Left
none
Best: none

Right
none
Best: none

AND
01 10 000000101 2
12 21 000000001 1
23 32 101000001 3
34 43 000000000 a match 1 2 3 4 5
45 54 010100100 3
56 65 010010100 3
67 76 000000000 a match 1 2 3 4 5
70 07 100000001 2 match 0

02 20 101000001 3
13 31 000001011 3
24 42 000100000 1
35 53 101001000 3
46 64 010000100 2
57 75 100000000 1
60 06 000010100 2
71 17 000000001 1

03 30 101000001 3
14 41 000000100 1 match 7
25 52 101100000 3
36 63 000000000 a match 1 2 3 4 5
47 74 000000000 a match 1 2 3 4 5
50 05 101010100 4 match 6
61 16 000000100 1 match 7
72 27 100000001 2 match 0

04 40 000000100 1 match 7
15 51 000001100 2
26 62 000000000 a match 1 2 3 4 5
37 73 100000001 2 match 0

Matching output with AND
0 70 07 72 27 37 73
1 34 43 67 76 36 63 47 74 26 62
2 34 43 67 76 36 63 47 74 26 62
3 34 43 67 76 36 63 47 74 26 62
4 34 43 67 76 36 63 47 74 26 62
5 34 43 67 76 36 63 47 74 26 62
6 50 05
7 14 41 61 16 04 40

Left
70 01x
07 10x
72 03x
27 30x
37 40y
73 04y
Best: AND70: 1

Right
14 03x
41 30x
61 50 47 36 25x
16 05 74 63 52x
04 73y
40 37y
Best: AND61 50 47 36: 4

OR
01 10 101011111 7
12 21 101101111 7
23 32 101101011 6
34 43 111101111 8
45 54 111111100 7
56 65 111111100 7
67 76 110010101 5
70 07 101010101 5

02 20 101110101 6
13 31 101001111 6
24 42 111100101 6
35 53 111111111 a
46 64 010110100 4
57 75 111111101 8
60 06 111010101 6
71 17 100001111 5

03 30 101011111 7
14 41 010101111 6
25 52 111111101 8
36 63 111011111 8
47 74 110100101 5
50 05 111111101 8
61 16 010011111 6
72 27 101100001 4

04 40 111110101 7
15 51 111111111 a
26 62 111110101 7
37 73 101001011 5

Matching output with OR
0 absent
1 absent
2 absent
3 absent
4 absent
5 absent
6 absent
7 absent

Left
none
Best: none

Right
none
Best: none

XOR
01 10 101011010 5
12 21 101101110 6
23 32 000101010 3
34 43 111101111 8
45 54 101011000 4
56 65 101101000 4
67 76 110010101 5
70 07 001010100 3

02 20 000110100 3
13 31 101000100 3
24 42 111000101 5
35 53 010110111 6
46 64 000110000 2
57 75 011111101 7
60 06 111000001 4
71 17 100001110 4

03 30 000011110 4
14 41 010101011 5
25 52 010011101 5
36 63 111011111 8
47 74 110100101 5
50 05 010101001 4
61 16 010011011 5
72 27 001100000 2

04 40 111110001 6
15 51 111110011 7
26 62 111110101 7
37 73 001001010 3

Matching output with XOR
0 absent
1 absent
2 absent
3 absent
4 absent
5 absent
6 absent
7 absent

Left
none
Best: none

Right
none
Best: none

AND-NOT
01 101010000 3
12 000001110 3
23 000100000 1
34 101001011 5
45 000000000 a match 1 2 3 4 5
56 101101000 4
67 010010100 3
70 000000000 a match 1 2 3 4 5

02 000010100 2
13 000000100 1 match 7
24 101000001 3
35 000000011 2
46 000100000 1
57 011111100 6
60 010000000 1
71 100000000 1

03 000010100 2
14 000001011 3
25 000000001 1
36 101001011 5
47 010100100 3
50 010101000 3
61 010010000 2
72 000000000 a match 1 2 3 4 5

04 101010001 4
15 000000011 2
26 101100001 4
37 001001010 3
40 010100000 2
51 111110000 5
62 010010100 3
73 000000000 a match 1 2 3 4 5

05 000000001 1
16 000001011 3
27 001100000 2
30 000001010 2
41 010100000 2
52 010011100 4
63 010010100 3
74 100000001 2 match 0

06 101000001 3
17 000001110 3
20 000100000 1
31 101000000 2
42 010000100 2
53 010110100 4
64 000010000 1
75 000000001 1

07 001010100 3
10 000001010 2
21 101100000 3
32 000001010 2
43 010100100 3
54 101011000 4
65 000000000 a match 1 2 3 4 5
76 100000001 2 match 0

Matching output with AND-NOT
0 74 76
1 45 70 72 73 65
2 45 70 72 73 65
3 45 70 72 73 65
4 45 70 72 73 65
5 45 70 72 73 65
6 absent
7 13

Left
74 05x
76 07x
Best: AND-NOT74: 1

Right
13 02x
Best: AND-NOT13: 1

OR-NOT
01 111110101 7
12 010011111 6
23 111110101 7
34 101011011 6
45 010100111 5
56 111111111 a
67 011111110 7
70 110101011 6

02 111011111 8
13 010111111 7
24 101111011 7
35 101001011 5
46 111101111 8
57 111111110 8
60 010111110 6
71 111110001 6

03 111110101 7
14 101011111 7
25 101100011 5
36 101101011 6
47 011111110 7
50 111111110 8
61 111110100 6
72 110011111 7

04 101011111 7
15 000001111 4
26 101101011 6
37 111111111 a
40 010101110 5
51 111111100 7
62 010011110 5
73 110110101 6

05 101010111 6
16 101101111 7
27 111111111 a
30 111101011 7
41 111110100 6
52 111111110 8
63 010110100 4
74 101011011 6

06 101111111 8
17 011111111 8
20 111101011 7
31 111111011 8
42 010111110 6
53 111111100 7
64 111011111 8
75 100000011 3

07 111111111 a
10 010101111 6
21 111110001 6
32 111011111 8
43 010110100 4
54 111111111 a
65 010010111 5
76 101101011 6

Matching output with OR-NOT
0 absent
1 absent
2 absent
3 absent
4 absent
5 absent
6 absent
7 absent

Left
none
Best: none

Right
none
Best: none

XOR-NOT
01 010100101 4
12 010010001 3
23 111010101 6
34 000010000 1
45 010100111 5
56 010010111 5
67 001101010 4
70 110101011 6

02 111001011 6
13 010111011 6
24 000111010 4
35 101001000 3
46 111001111 7
57 100000010 2
60 000111110 5
71 011110001 5

03 111100001 5
14 101010100 4 match 6
25 101100010 4
36 000100000 1
47 001011010 4
50 101010110 5
61 101100100 4
72 110011111 7

04 000001110 3
15 000001100 2
26 000001010 2
37 110110101 6
40 000001110 3
51 000001100 2
62 000001010 2
73 110110101 6

05 101010110 5
16 101100100 4
27 110011111 7
30 111100001 5
41 101010100 4 match 6
52 101100010 4
63 000100000 1
74 001011010 4

06 000111110 5
17 011110001 5
20 111001011 6
31 010111011 6
42 000111010 4
53 101001000 3
64 111001111 7
75 100000010 2

07 110101011 6
10 010100101 4
21 010010001 3
32 111010101 6
43 000010000 1
54 010100111 5
65 010010111 5
76 001101010 4

Matching output with XOR-NOT
0 absent
1 absent
2 absent
3 absent
4 absent
5 absent
6 14 41
7 absent

Left
none
Best: none

Right
none
Best: none

Selecting

Lefts
Identity I7: 1
NOT none
Constant none
AND AND70: 1
OR none
XOR none
AND-NOT AND-NOT74: 1
OR-NOT none
XOR-NOT none

Rights
Identity none
NOT none
Constant none
AND AND61 50 47 36: 4
OR none
XOR none
AND-NOT AND-NOT13: 1
OR-NOT none
XOR-NOT none

Left longest: 1
Right longest: 4

Right winner: Identity no, NOT no, Constant no, AND yes, OR no, XOR no, AND-NOT no, OR-NOT no, XOR-NOT no
Left winner: Identity yes, NOT no, Constant no, AND no, OR no, XOR no, AND-NOT no, OR-NOT no, XOR-NOT no

Best right: AND61 50 47 36: 4
Best left: I7: 1

Truncated right: AND61 50 47 36: 4
Truncated left: I7: 1

Tentative from right
7 AND61
6 AND50
5 AND47
4 AND36
3 pending
2 pending
1 pending
0 pending

Tentative
0 I7
1 pending
2 pending
3 pending
4 AND36
5 AND47
6 AND50
7 AND61

Preferred from right
7 AND61
6 AND50
5 AND47
4 AND36
3 ?25
2 ?14
1 ?03
0 I7

Preferred from left
0 I7
1 ?03
2 ?14
3 ?25
4 AND36
5 AND47
6 AND50
7 AND61

Preferred
0 I7
1 ?03 ?30
2 ?14 ?41
3 ?25 ?52
4 AND36
5 AND47
6 AND50
7 AND61

Matching
0 I7
1 ?03 ?30 - Identity absent, NOT absent, Constant C0, AND absent, OR absent, XOR absent, AND-NOT absent, OR-NOT absent, XOR-NOT absent
2 ?14 ?41 - Identity absent, NOT absent, Constant C0, AND absent, OR absent, XOR absent, AND-NOT absent, OR-NOT absent, XOR-NOT absent
3 ?25 ?52 - Identity absent, NOT absent, Constant C0, AND absent, OR absent, XOR absent, AND-NOT absent, OR-NOT absent, XOR-NOT absent
4 AND36
5 AND47
6 AND50
7 AND61

Perfect match
Identity no
NOT no
Constant yes
AND no
OR no
XOR no
AND-NOT no
OR-NOT no
XOR-NOT no

Matched
0 I7
1 C0
2 C0
3 C0
4 AND36
5 AND47
6 AND50
7 AND61


Reselect (whole-word coverage)
0 I7
1 C0
2 C0
3 C0
4 C0
5 C0
6 AND05
7 AND16
Selected
0 I7
1 C0
2 C0
3 C0
4 C0
5 C0
6 AND05
7 AND16

Applying to 11011001
Input
0 1
1 1
2 0
3 1
4 1
5 0
6 0
7 1
Output
0 I7 = 1
1 C0 = 0
2 C0 = 0
3 C0 = 0
4 C0 = 0
5 C0 = 0
6 AND05 = AND(1,0) = 0
7 AND16 = AND(1,0) = 0

I will now return the answer in \boxed{}
The answer in \boxed is
\boxed{10000000}
</think>
\boxed{10000000}