We need to deduce the transformation by matching the example outputs.

Output 1: 01000111
0 0
1 1
2 0
3 0
4 0
5 1
6 1
7 1

Output 2: 00010110
0 0
1 0
2 0
3 1
4 0
5 1
6 1
7 0

Output 3: 10100101
0 1
1 0
2 1
3 0
4 0
5 1
6 0
7 1

Output 4: 00001011
0 0
1 0
2 0
3 0
4 1
5 0
6 1
7 1

Output 5: 11110111
0 1
1 1
2 1
3 1
4 0
5 1
6 1
7 1

Output 6: 10000110
0 1
1 0
2 0
3 0
4 0
5 1
6 1
7 0

Output 7: 11010110
0 1
1 1
2 0
3 1
4 0
5 1
6 1
7 0

Output 8: 01110110
0 0
1 1
2 1
3 1
4 0
5 1
6 1
7 0

Output 9: 00001111
0 0
1 0
2 0
3 0
4 1
5 1
6 1
7 1

Output bit columns (with bitsum as hash)
0 001011100 4
1 100010110 4
2 001010010 3
3 010010110 4
4 000100001 2
5 111011111 8
6 110111111 8
7 101110001 5

Input 1: 01111001
0 0
1 1
2 1
3 1
4 1
5 0
6 0
7 1

Input 2: 01101010
0 0
1 1
2 1
3 0
4 1
5 0
6 1
7 0

Input 3: 01010011
0 0
1 1
2 0
3 1
4 0
5 0
6 1
7 1

Input 4: 00100101
0 0
1 0
2 1
3 0
4 0
5 1
6 0
7 1

Input 5: 01110000
0 0
1 1
2 1
3 1
4 0
5 0
6 0
7 0

Input 6: 01001101
0 0
1 1
2 0
3 0
4 1
5 1
6 0
7 1

Input 7: 01001110
0 0
1 1
2 0
3 0
4 1
5 1
6 1
7 0

Input 8: 01001000
0 0
1 1
2 0
3 0
4 1
5 0
6 0
7 0

Input 9: 00000101
0 0
1 0
2 0
3 0
4 0
5 1
6 0
7 1


Identity
0 000000000 a
1 111011110 7
2 110110000 4
3 101010000 3
4 110001110 5
5 000101101 4
6 011000100 3
7 101101001 5

Matching output with Identity
0 absent
1 absent
2 absent
3 absent
4 absent
5 absent
6 absent
7 absent

Left
none
Best: none

Right
none
Best: none

NOT
0 111111111 a
1 000100001 2 match 4
2 001001111 5
3 010101111 6
4 001110001 4
5 111010010 5
6 100111011 6
7 010010110 4 match 3

Matching output with NOT
0 absent
1 absent
2 absent
3 7
4 1
5 absent
6 absent
7 absent

Left
none
Best: none

Right
none
Best: none

Constant
0 000000000 a
1 111111111 a

Matching output with Constant
0 absent
1 absent
2 absent
3 absent
4 absent
5 absent
6 absent
7 absent

Left
none
Best: none

Right
none
Best: none

AND
01 10 000000000 a
12 21 110010000 3
23 32 100010000 2
34 43 100000000 1
45 54 000001100 2
56 65 000000100 1
67 76 001000000 1
70 07 000000000 a

02 20 000000000 a
13 31 101010000 3
24 42 110000000 2
35 53 000000000 a
46 64 010000100 2
57 75 000101001 3
60 06 000000000 a
71 17 101001000 3

03 30 000000000 a
14 41 110001110 5
25 52 000100000 1
36 63 001000000 1
47 74 100001000 2
50 05 000000000 a
61 16 011000100 3
72 27 100100000 2

04 40 000000000 a
15 51 000001100 2
26 62 010000000 1
37 73 101000000 2

Matching output with AND
0 absent
1 absent
2 absent
3 absent
4 absent
5 absent
6 absent
7 absent

Left
none
Best: none

Right
none
Best: none

OR
01 10 111011110 7
12 21 111111110 8
23 32 111110000 5
34 43 111011110 7
45 54 110101111 7
56 65 011101101 6
67 76 111101101 7
70 07 101101001 5

02 20 110110000 4
13 31 111011110 7
24 42 110111110 7
35 53 101111101 7
46 64 111001110 6
57 75 101101101 6
60 06 011000100 3
71 17 111111111 a

03 30 101010000 3
14 41 111011110 7
25 52 110111101 7
36 63 111010100 5
47 74 111101111 8
50 05 000101101 4
61 16 111011110 7
72 27 111111001 7

04 40 110001110 5
15 51 111111111 a
26 62 111110100 6
37 73 101111001 6

Matching output with OR
0 absent
1 absent
2 absent
3 absent
4 absent
5 absent
6 absent
7 absent

Left
none
Best: none

Right
none
Best: none

XOR
01 10 111011110 7
12 21 001101110 5
23 32 011100000 3
34 43 011011110 6
45 54 110100011 5
56 65 011101001 5
67 76 110101101 6
70 07 101101001 5

02 20 110110000 4
13 31 010001110 4
24 42 000111110 5
35 53 101111101 7
46 64 101001010 4
57 75 101000100 3
60 06 011000100 3
71 17 010110111 6

03 30 101010000 3
14 41 001010000 2
25 52 110011101 6
36 63 110010100 4
47 74 011100111 6
50 05 000101101 4
61 16 100011010 4
72 27 011011001 5

04 40 110001110 5
15 51 111110011 7
26 62 101110100 5
37 73 000111001 4

Matching output with XOR
0 absent
1 absent
2 absent
3 absent
4 absent
5 absent
6 absent
7 absent

Left
none
Best: none

Right
none
Best: none

AND-NOT
01 000000000 a
12 001001110 4
23 010100000 2
34 001010000 2
45 110000010 3
56 000101001 3
67 010000100 2
70 101101001 5

02 000000000 a
13 010001110 4
24 000110000 2
35 101010000 3
46 100001010 3
57 000000100 1
60 011000100 3
71 000100001 2 match 4

03 000000000 a
14 001010000 2
25 110010000 3
36 100010000 2
47 010000110 3
50 000101101 4
61 000000000 a
72 001001001 3

04 000000000 a
15 111010010 5
26 100110000 3
37 000010000 1
40 110001110 5
51 000100001 2 match 4
62 001000100 2
73 000101001 3

05 000000000 a
16 100011010 4
27 010010000 2
30 101010000 3
41 000000000 a
52 000001101 3
63 010000100 2
74 001100001 3

06 000000000 a
17 010010110 4 match 3
20 110110000 4
31 000000000 a
42 000001110 3
53 000101101 4
64 001000000 1
75 101000000 2

07 000000000 a
10 111011110 7
21 000100000 1
32 001000000 1
43 010001110 4
54 000100001 2 match 4
65 011000000 2
76 100101001 4

Matching output with AND-NOT
0 absent
1 absent
2 absent
3 17
4 71 51 54
5 absent
6 absent
7 absent

Left
none
Best: none

Right
none
Best: none

OR-NOT
01 000100001 2 match 4
12 111011111 8 match 5
23 110111111 8 match 6
34 101110001 5 match 7
45 111011110 7
56 100111111 7
67 011010110 5
70 111111111 a

02 001001111 5
13 111111111 a
24 111110001 6
35 111010010 5
46 110111111 8 match 6
57 010111111 7
60 111111111 a
71 101101001 5

03 010101111 6
14 111111111 a
25 111110010 6
36 101111011 7
47 110011110 6
50 111111111 a
61 011100101 5
72 101101111 7

04 001110001 4
15 111011110 7
26 110111011 7
37 111010110 6
40 111111111 a
51 000101101 4
62 011001111 6
73 111101111 8

05 111010010 5
16 111111111 a
27 110110110 6
30 111111111 a
41 110101111 7
52 001101111 6
63 011101111 7
74 101111001 6

06 100111011 6
17 111011110 7
20 111111111 a
31 101110001 5 match 7
42 111001111 7
53 010101111 6
64 011110101 6
75 111111011 8

07 010010110 4 match 3
10 111111111 a
21 110110001 5
32 101011111 7
43 110101111 7
54 001111101 6
65 111010110 6
76 101111011 7

Matching output with OR-NOT
0 absent
1 absent
2 absent
3 07
4 01
5 12
6 23 46
7 34 31

Left
none
Best: none

Right
34 23 12 01 70x
31 20x
Best: OR-NOT34 23 12 01: 4

XOR-NOT
01 000100001 2 match 4
12 110010001 4
23 100011111 6
34 100100001 3
45 001011100 4 match 0
56 100010110 4 match 1
67 001010010 3 match 2
70 010010110 4 match 3

02 001001111 5
13 101110001 5 match 7
24 111000001 4
35 010000010 2
46 010110101 5
57 010111011 6
60 100111011 6
71 101001000 3

03 010101111 6
14 110101111 7
25 001100010 3
36 001101011 5
47 100011000 3
50 111010010 5
61 011100101 5
72 100100110 4

04 001110001 4
15 000001100 2
26 010001011 4
37 111000110 5
40 001110001 4
51 000001100 2
62 010001011 4
73 111000110 5

05 111010010 5
16 011100101 5
27 100100110 4
30 010101111 6
41 110101111 7
52 001100010 3
63 001101011 5
74 100011000 3

06 100111011 6
17 101001000 3
20 001001111 5
31 101110001 5 match 7
42 111000001 4
53 010000010 2
64 010110101 5
75 010111011 6

07 010010110 4 match 3
10 000100001 2 match 4
21 110010001 4
32 100011111 6
43 100100001 3
54 001011100 4 match 0
65 100010110 4 match 1
76 001010010 3 match 2

Matching output with XOR-NOT
0 45 54
1 56 65
2 67 76
3 70 07
4 01 10
5 absent
6 absent
7 13 31

Left
45 56 67 70 01 12x
54 65 76 07 10 21x
Best: XOR-NOT45 56 67 70 01: 5

Right
13 02x
31 20x
Best: XOR-NOT13: 1

Selecting

Lefts
Identity none
NOT none
Constant none
AND none
OR none
XOR none
AND-NOT none
OR-NOT none
XOR-NOT XOR-NOT45 56 67 70 01: 5

Rights
Identity none
NOT none
Constant none
AND none
OR none
XOR none
AND-NOT none
OR-NOT OR-NOT34 23 12 01: 4
XOR-NOT XOR-NOT13: 1

Left longest: 5
Right longest: 4

Left winner: Identity no, NOT no, Constant no, AND no, OR no, XOR no, AND-NOT no, OR-NOT no, XOR-NOT yes
Right winner: Identity no, NOT no, Constant no, AND no, OR no, XOR no, AND-NOT no, OR-NOT yes, XOR-NOT no

Best left: XOR-NOT45 56 67 70 01: 5
Best right: OR-NOT34 23 12 01: 4

Truncated left: XOR-NOT45 56 67 70 01: 5
Truncated right: OR-NOT34 23 12: 3 truncated

Tentative from right
7 OR-NOT34
6 OR-NOT23
5 OR-NOT12
4 pending
3 pending
2 pending
1 pending
0 pending

Tentative
0 XOR-NOT45
1 XOR-NOT56
2 XOR-NOT67
3 XOR-NOT70
4 XOR-NOT01
5 OR-NOT12
6 OR-NOT23
7 OR-NOT34

Preferred from left
0 XOR-NOT45
1 XOR-NOT56
2 XOR-NOT67
3 XOR-NOT70
4 XOR-NOT01
5 OR-NOT12
6 OR-NOT23
7 OR-NOT34

Preferred from right
7 OR-NOT34
6 OR-NOT23
5 OR-NOT12
4 XOR-NOT01
3 XOR-NOT70
2 XOR-NOT67
1 XOR-NOT56
0 XOR-NOT45

Preferred
0 XOR-NOT45
1 XOR-NOT56
2 XOR-NOT67
3 XOR-NOT70
4 XOR-NOT01
5 OR-NOT12
6 OR-NOT23
7 OR-NOT34

Matching
0 XOR-NOT45
1 XOR-NOT56
2 XOR-NOT67
3 XOR-NOT70
4 XOR-NOT01
5 OR-NOT12
6 OR-NOT23
7 OR-NOT34

Perfect match
Identity no
NOT no
Constant no
AND no
OR no
XOR no
AND-NOT no
OR-NOT no
XOR-NOT no

Matched
0 XOR-NOT45
1 XOR-NOT56
2 XOR-NOT67
3 XOR-NOT70
4 XOR-NOT01
5 OR-NOT12
6 OR-NOT23
7 OR-NOT34


Reselect (whole-word coverage)
0 XOR-NOT45
1 XOR-NOT56
2 XOR-NOT67
3 AND-NOT17
4 NOT1
5 OR-NOT12
6 OR-NOT23
7 OR-NOT31
Selected
0 XOR-NOT45
1 XOR-NOT56
2 XOR-NOT67
3 AND-NOT17
4 NOT1
5 OR-NOT12
6 OR-NOT23
7 OR-NOT31

Applying to 10010100
Input
0 1
1 0
2 0
3 1
4 0
5 1
6 0
7 0
Output
0 XOR-NOT45 = XOR(0,NOT(1)) = 0
1 XOR-NOT56 = XOR(1,NOT(0)) = 0
2 XOR-NOT67 = XOR(0,NOT(0)) = 1
3 AND-NOT17 = AND(0,NOT(0)) = 0
4 NOT1 = NOT(0) = 1
5 OR-NOT12 = OR(0,NOT(0)) = 1
6 OR-NOT23 = OR(0,NOT(1)) = 0
7 OR-NOT31 = OR(1,NOT(0)) = 1

I will now return the answer in \boxed{}
The answer in \boxed is
\boxed{00101101}
</think>
\boxed{00101101}