We need to deduce the transformation by matching the example outputs.

Output 1: 00011111
0 0
1 0
2 0
3 1
4 1
5 1
6 1
7 1

Output 2: 10111001
0 1
1 0
2 1
3 1
4 1
5 0
6 0
7 1

Output 3: 00111101
0 0
1 0
2 1
3 1
4 1
5 1
6 0
7 1

Output 4: 00110001
0 0
1 0
2 1
3 1
4 0
5 0
6 0
7 1

Output 5: 01010101
0 0
1 1
2 0
3 1
4 0
5 1
6 0
7 1

Output 6: 01100101
0 0
1 1
2 1
3 0
4 0
5 1
6 0
7 1

Output 7: 00111111
0 0
1 0
2 1
3 1
4 1
5 1
6 1
7 1

Output 8: 01010001
0 0
1 1
2 0
3 1
4 0
5 0
6 0
7 1

Output 9: 10110100
0 1
1 0
2 1
3 1
4 0
5 1
6 0
7 0

Output 10: 00010011
0 0
1 0
2 0
3 1
4 0
5 0
6 1
7 1

Output bit columns (with bitsum as hash)
0 0100000010 2
1 0000110100 3
2 0111011010 6
3 1111101111 9
4 1110001000 4
5 1010111010 6
6 1000001001 3
7 1111111101 9

Input 1: 10000101
0 1
1 0
2 0
3 0
4 0
5 1
6 0
7 1

Input 2: 10110011
0 1
1 0
2 1
3 1
4 0
5 0
6 1
7 1

Input 3: 10011011
0 1
1 0
2 0
3 1
4 1
5 0
6 1
7 1

Input 4: 11111011
0 1
1 1
2 1
3 1
4 1
5 0
6 1
7 1

Input 5: 11011001
0 1
1 1
2 0
3 1
4 1
5 0
6 0
7 1

Input 6: 01010111
0 0
1 1
2 0
3 1
4 0
5 1
6 1
7 1

Input 7: 10001011
0 1
1 0
2 0
3 0
4 1
5 0
6 1
7 1

Input 8: 11111001
0 1
1 1
2 1
3 1
4 1
5 0
6 0
7 1

Input 9: 01011100
0 0
1 1
2 0
3 1
4 1
5 1
6 0
7 0

Input 10: 11100101
0 1
1 1
2 1
3 0
4 0
5 1
6 0
7 1


Identity
0 1111101101 8
1 0001110111 6
2 0101000101 4
3 0111110110 7
4 0011101110 6
5 1000010011 4
6 0111011000 5
7 1111111101 9 match 7

Matching output with Identity
0 absent
1 absent
2 absent
3 absent
4 absent
5 absent
6 absent
7 7

Left
none
Best: none

Right
7 6x
Best: I7: 1

NOT
0 0000010010 2
1 1110001000 4 match 4
2 1010111010 6 match 5
3 1000001001 3 match 6
4 1100010001 4
5 0111101100 6
6 1000100111 5
7 0000000010 1

Matching output with NOT
0 absent
1 absent
2 absent
3 absent
4 1
5 2
6 3
7 absent

Left
none
Best: none

Right
none
Best: none

Constant
0 0000000000 a
1 1111111111 a

Matching output with Constant
0 absent
1 absent
2 absent
3 absent
4 absent
5 absent
6 absent
7 absent

Left
none
Best: none

Right
none
Best: none

AND
01 10 0001100101 4
12 21 0001000101 3
23 32 0101000100 3
34 43 0011100110 5
45 54 0000000010 1
56 65 0000010000 1
67 76 0111011000 5
70 07 1111101101 8

02 20 0101000101 4
13 31 0001110110 5
24 42 0001000100 2
35 53 0000010010 2
46 64 0011001000 3
57 75 1000010001 3
60 06 0111001000 4
71 17 0001110101 5

03 30 0111100100 5
14 41 0001100110 4
25 52 0000000001 1
36 63 0111010000 4
47 74 0011101100 5
50 05 1000000001 2
61 16 0001010000 2
72 27 0101000101 4

04 40 0011101100 5
15 51 0000010011 3
26 62 0101000000 2
37 73 0111110100 6

Matching output with AND
0 absent
1 absent
2 absent
3 absent
4 absent
5 absent
6 absent
7 absent

Left
none
Best: none

Right
none
Best: none

OR
01 10 1111111111 a
12 21 0101110111 7
23 32 0111110111 8
34 43 0111111110 8
45 54 1011111111 9
56 65 1111011011 8
67 76 1111111101 9 match 7
70 07 1111111101 9 match 7

02 20 1111101101 8
13 31 0111110111 8
24 42 0111101111 8
35 53 1111110111 9
46 64 0111111110 8
57 75 1111111111 a
60 06 1111111101 9 match 7
71 17 1111111111 a

03 30 1111111111 a
14 41 0011111111 8
25 52 1101010111 7
36 63 0111111110 8
47 74 1111111111 a
50 05 1111111111 a
61 16 0111111111 9
72 27 1111111101 9 match 7

04 40 1111101111 9 match 3
15 51 1001110111 7
26 62 0111011101 7
37 73 1111111111 a

Matching output with OR
0 absent
1 absent
2 absent
3 04 40
4 absent
5 absent
6 absent
7 67 76 70 07 60 06 72 27

Left
none
Best: none

Right
67 56x
76 65x
70 67y
07 76y
60 57x
06 75x
72 61x
27 16x
Best: OR67: 1

XOR
01 10 1110011010 6
12 21 0100110010 4
23 32 0010110011 5
34 43 0100011000 3
45 54 1011111101 8
56 65 1111001011 7
67 76 1000100101 4
70 07 0000010000 1

02 20 1010101000 4
13 31 0110000001 3
24 42 0110101011 6
35 53 1111100101 7
46 64 0100110110 5
57 75 0111101110 7
60 06 1000110101 5
71 17 1110001010 5

03 30 1000011011 5
14 41 0010011001 4
25 52 1101010110 6
36 63 0000101110 4
47 74 1100010011 5
50 05 0111111110 8
61 16 0110101111 7
72 27 1010111000 5

04 40 1100000011 4
15 51 1001100100 4
26 62 0010011101 5
37 73 1000001011 4

Matching output with XOR
0 absent
1 absent
2 absent
3 absent
4 absent
5 absent
6 absent
7 absent

Left
none
Best: none

Right
none
Best: none

AND-NOT
01 1110001000 4 match 4
12 0000110010 3
23 0000000001 1
34 0100010000 2
45 0011101100 5
56 1000000011 3
67 0000000000 a
70 0000010000 1

02 1010101000 4
13 0000000001 1
24 0100000001 2
35 0111100100 5
46 0000100110 3
57 0000000010 1
60 0000010000 1
71 1110001000 4 match 4

03 1000001001 3 match 6
14 0000010001 2
25 0101000100 3
36 0000100110 3
47 0000000010 1
50 0000010010 2
61 0110001000 3
72 1010111000 5

04 1100000001 3
15 0001100100 3
26 0000000101 2
37 0000000010 1
40 0000000010 1
51 1000000000 1
62 0010011000 3
73 1000001001 3 match 6

05 0111101100 6
16 0000100111 4
27 0000000000 a
30 0000010010 2
41 0010001000 2
52 1000010010 3
63 0000001000 1
74 1100010001 4

06 1000100101 4
17 0000000010 1
20 0000000000 a
31 0110000000 2
42 0010101010 4
53 1000000001 2
64 0100010000 2
75 0111101100 6

07 0000000000 a
10 0000010010 2
21 0100000000 1
32 0010110010 4
43 0000001000 1
54 1000010001 3
65 0111001000 4
76 1000100101 4

Matching output with AND-NOT
0 absent
1 absent
2 absent
3 absent
4 01 71
5 absent
6 03 73
7 absent

Left
none
Best: none

Right
none
Best: none

OR-NOT
01 1111101101 8
12 1011111111 9
23 1101001101 6
34 1111110111 9
45 0111101110 7
56 1000110111 6
67 0111011010 6 match 2
70 1111111111 a

02 1111111111 a
13 1001111111 8
24 1101010101 6
35 0111111110 8
46 1011101111 8
57 1000010011 4
60 0111011010 6 match 2
71 1111111101 9 match 7

03 1111101101 8
14 1101110111 8
25 0111101101 7
36 1111110111 9
47 0011101110 6
50 1000010011 4
61 1111011000 6
72 1111111111 a

04 1111111101 9 match 7
15 0111111111 9
26 1101100111 7
37 0111110110 7
40 0011111110 7
51 1110011011 7
62 1111111010 8
73 1111111101 9 match 7

05 1111101101 8
16 1001110111 7
27 0101000111 5
30 0111110110 7
41 1111101110 8
52 1010111011 7
63 1111011001 7
74 1111111101 9 match 7

06 1111101111 9 match 3
17 0001110111 6
20 0101010111 6
31 1111111110 9
42 1011111110 8
53 1000011011 5
64 1111011001 7
75 1111111101 9 match 7

07 1111101111 9 match 3
10 0001110111 6
21 1111001101 7
32 1111111110 9
43 1011101111 8
54 1100010011 5
65 0111111100 7
76 1111111111 a

Matching output with OR-NOT
0 absent
1 absent
2 67 60
3 06 07
4 absent
5 absent
6 absent
7 71 04 73 74 75

Left
none
Best: none

Right
71 60y
04 73y
73 62x
74 63x
75 64x
Best: OR-NOT71: 1

XOR-NOT
01 0001100101 4
12 1011001101 6
23 1101001100 5
34 1011100111 7
45 0100000010 2 match 0
56 0000110100 3 match 1
67 0111011010 6 match 2
70 1111101111 9 match 3

02 0101010111 6
13 1001111110 7
24 1001010100 4
35 0000011010 3
46 1011001001 5
57 1000010001 3
60 0111001010 5
71 0001110101 5

03 0111100100 5
14 1101100110 6
25 0010101001 4
36 1111010001 6
47 0011101100 5
50 1000000001 2
61 1001010000 3
72 0101000111 5

04 0011111100 6
15 0110011011 6
26 1101100010 5
37 0111110100 6
40 0011111100 6
51 0110011011 6
62 1101100010 5
73 0111110100 6

05 1000000001 2
16 1001010000 3
27 0101000111 5
30 0111100100 5
41 1101100110 6
52 0010101001 4
63 1111010001 6
74 0011101100 5

06 0111001010 5
17 0001110101 5
20 0101010111 6
31 1001111110 7
42 1001010100 4
53 0000011010 3
64 1011001001 5
75 1000010001 3

07 1111101111 9 match 3
10 0001100101 4
21 1011001101 6
32 1101001100 5
43 1011100111 7
54 0100000010 2 match 0
65 0000110100 3 match 1
76 0111011010 6 match 2

Matching output with XOR-NOT
0 45 54
1 56 65
2 67 76
3 70 07
4 absent
5 absent
6 absent
7 absent

Left
45 56 67 70 01x
54 65 76 07 10x
Best: XOR-NOT45 56 67 70: 4

Right
none
Best: none

Selecting

Lefts
Identity none
NOT none
Constant none
AND none
OR none
XOR none
AND-NOT none
OR-NOT none
XOR-NOT XOR-NOT45 56 67 70: 4

Rights
Identity I7: 1
NOT none
Constant none
AND none
OR OR67: 1
XOR none
AND-NOT none
OR-NOT OR-NOT71: 1
XOR-NOT none

Left longest: 4
Right longest: 1

Left winner: Identity no, NOT no, Constant no, AND no, OR no, XOR no, AND-NOT no, OR-NOT no, XOR-NOT yes
Right winner: Identity yes, NOT no, Constant no, AND no, OR no, XOR no, AND-NOT no, OR-NOT no, XOR-NOT no

Best left: XOR-NOT45 56 67 70: 4
Best right: I7: 1

Truncated left: XOR-NOT45 56 67 70: 4
Truncated right: I7: 1

Tentative from right
7 I7
6 pending
5 pending
4 pending
3 pending
2 pending
1 pending
0 pending

Tentative
0 XOR-NOT45
1 XOR-NOT56
2 XOR-NOT67
3 XOR-NOT70
4 pending
5 pending
6 pending
7 I7

Preferred from left
0 XOR-NOT45
1 XOR-NOT56
2 XOR-NOT67
3 XOR-NOT70
4 ?01
5 ?12
6 ?23
7 I7

Preferred from right
7 I7
6 ?23
5 ?12
4 ?01
3 XOR-NOT70
2 XOR-NOT67
1 XOR-NOT56
0 XOR-NOT45

Preferred
0 XOR-NOT45
1 XOR-NOT56
2 XOR-NOT67
3 XOR-NOT70
4 ?01 ?10
5 ?12 ?21
6 ?23 ?32
7 I7

Matching
0 XOR-NOT45
1 XOR-NOT56
2 XOR-NOT67
3 XOR-NOT70
4 ?01 ?10 - Identity absent, NOT NOT1, Constant absent, AND absent, OR absent, XOR absent, AND-NOT01, OR-NOT absent, XOR-NOT absent
5 ?12 ?21 - Identity absent, NOT NOT2, Constant absent, AND absent, OR absent, XOR absent, AND-NOT absent, OR-NOT absent, XOR-NOT absent
6 ?23 ?32 - Identity absent, NOT NOT3, Constant absent, AND absent, OR absent, XOR absent, AND-NOT absent, OR-NOT absent, XOR-NOT absent
7 I7

Perfect match
Identity no
NOT yes
Constant no
AND no
OR no
XOR no
AND-NOT no
OR-NOT no
XOR-NOT no

Matched
0 XOR-NOT45
1 XOR-NOT56
2 XOR-NOT67
3 XOR-NOT70
4 NOT1
5 NOT2
6 NOT3
7 I7


Reselect (whole-word coverage)
0 XOR-NOT45
1 XOR-NOT56
2 XOR-NOT67
3 OR-NOT07
4 NOT1
5 NOT2
6 NOT3
7 OR06
Selected
0 XOR-NOT45
1 XOR-NOT56
2 XOR-NOT67
3 OR-NOT07
4 NOT1
5 NOT2
6 NOT3
7 OR06

Applying to 00010010
Input
0 0
1 0
2 0
3 1
4 0
5 0
6 1
7 0
Output
0 XOR-NOT45 = XOR(0,NOT(0)) = 1
1 XOR-NOT56 = XOR(0,NOT(1)) = 0
2 XOR-NOT67 = XOR(1,NOT(0)) = 0
3 OR-NOT07 = OR(0,NOT(0)) = 1
4 NOT1 = NOT(0) = 1
5 NOT2 = NOT(0) = 1
6 NOT3 = NOT(1) = 0
7 OR06 = OR(0,1) = 1

I will now return the answer in \boxed{}
The answer in \boxed is
\boxed{10011101}
</think>
\boxed{10011101}