We need to deduce the transformation by matching the example outputs.

Output 1: 11110111
0 1
1 1
2 1
3 1
4 0
5 1
6 1
7 1

Output 2: 00110011
0 0
1 0
2 1
3 1
4 0
5 0
6 1
7 1

Output 3: 10110111
0 1
1 0
2 1
3 1
4 0
5 1
6 1
7 1

Output 4: 10010010
0 1
1 0
2 0
3 1
4 0
5 0
6 1
7 0

Output 5: 11011010
0 1
1 1
2 0
3 1
4 1
5 0
6 1
7 0

Output 6: 10011000
0 1
1 0
2 0
3 1
4 1
5 0
6 0
7 0

Output 7: 10101001
0 1
1 0
2 1
3 0
4 1
5 0
6 0
7 1

Output 8: 11011001
0 1
1 1
2 0
3 1
4 1
5 0
6 0
7 1

Output bit columns (with bitsum as hash)
0 10111111 7
1 10001001 3
2 11100010 4
3 11111101 7
4 00001111 4
5 10100000 2
6 11111000 5
7 11100011 5

Input 1: 10100100
0 1
1 0
2 1
3 0
4 0
5 1
6 0
7 0

Input 2: 10010101
0 1
1 0
2 0
3 1
4 0
5 1
6 0
7 1

Input 3: 10000101
0 1
1 0
2 0
3 0
4 0
5 1
6 0
7 1

Input 4: 01010111
0 0
1 1
2 0
3 1
4 0
5 1
6 1
7 1

Input 5: 01010110
0 0
1 1
2 0
3 1
4 0
5 1
6 1
7 0

Input 6: 01011110
0 0
1 1
2 0
3 1
4 1
5 1
6 1
7 0

Input 7: 10011110
0 1
1 0
2 0
3 1
4 1
5 1
6 1
7 0

Input 8: 11111011
0 1
1 1
2 1
3 1
4 1
5 0
6 1
7 1


Identity
0 11100011 5 match 7
1 00011101 4
2 10000001 2
3 01011111 6
4 00000111 3
5 11111110 7
6 00011111 5
7 01110001 4

Matching output with Identity
0 absent
1 absent
2 absent
3 absent
4 absent
5 absent
6 absent
7 0

Left
none
Best: none

Right
0 7x
Best: I0: 1

NOT
0 00011100 3
1 11100010 4 match 2
2 01111110 6
3 10100000 2 match 5
4 11111000 5 match 6
5 00000001 1
6 11100000 3
7 10001110 4

Matching output with NOT
0 absent
1 absent
2 1
3 absent
4 absent
5 3
6 4
7 absent

Left
none
Best: none

Right
none
Best: none

Constant
0 00000000 a
1 11111111 a

Matching output with Constant
0 absent
1 absent
2 absent
3 absent
4 absent
5 absent
6 absent
7 absent

Left
none
Best: none

Right
none
Best: none

AND
01 10 00000001 1
12 21 00000001 1
23 32 00000001 1
34 43 00000111 3
45 54 00000110 2
56 65 00011110 4
67 76 00010001 2
70 07 01100001 3

02 20 10000001 2
13 31 00011101 4
24 42 00000001 1
35 53 01011110 5
46 64 00000111 3
57 75 01110000 3
60 06 00000011 2
71 17 00010001 2

03 30 01000011 3
14 41 00000101 2
25 52 10000000 1
36 63 00011111 5
47 74 00000001 1
50 05 11100010 4 match 2
61 16 00011101 4
72 27 00000001 1

04 40 00000011 2
15 51 00011100 3
26 62 00000001 1
37 73 01010001 3

Matching output with AND
0 absent
1 absent
2 50 05
3 absent
4 absent
5 absent
6 absent
7 absent

Left
none
Best: none

Right
none
Best: none

OR
01 10 11111111 a
12 21 10011101 5
23 32 11011111 7
34 43 01011111 6
45 54 11111111 a
56 65 11111111 a
67 76 01111111 7
70 07 11110011 6

02 20 11100011 5 match 7
13 31 01011111 6
24 42 10000111 4
35 53 11111111 a
46 64 00011111 5
57 75 11111111 a
60 06 11111111 a
71 17 01111101 6

03 30 11111111 a
14 41 00011111 5
25 52 11111111 a
36 63 01011111 6
47 74 01110111 6
50 05 11111111 a
61 16 00011111 5
72 27 11110001 5

04 40 11100111 6
15 51 11111111 a
26 62 10011111 6
37 73 01111111 7

Matching output with OR
0 absent
1 absent
2 absent
3 absent
4 absent
5 absent
6 absent
7 02 20

Left
none
Best: none

Right
02 71x
20 17x
Best: OR02: 1

XOR
01 10 11111110 7
12 21 10011100 4
23 32 11011110 6
34 43 01011000 3
45 54 11111001 6
56 65 11100001 4
67 76 01101110 5
70 07 10010010 3

02 20 01100010 3
13 31 01000010 2
24 42 10000110 3
35 53 10100001 3
46 64 00011000 2
57 75 10001111 5
60 06 11111100 6
71 17 01101100 4

03 30 10111100 5
14 41 00011010 3
25 52 01111111 7
36 63 01000000 1
47 74 01110110 5
50 05 00011101 4
61 16 00000010 1
72 27 11110000 4

04 40 11100100 4
15 51 11100011 5 match 7
26 62 10011110 5
37 73 00101110 4

Matching output with XOR
0 absent
1 absent
2 absent
3 absent
4 absent
5 absent
6 absent
7 15 51

Left
none
Best: none

Right
15 04x
51 40x
Best: XOR15: 1

AND-NOT
01 11100010 4 match 2
12 00011100 3
23 10000000 1
34 01011000 3
45 00000001 1
56 11100000 3
67 00001110 3
70 00010000 1

02 01100010 3
13 00000000 a
24 10000000 1
35 00000001 1
46 00000000 a
57 10001110 4
60 00011100 3
71 01100000 2

03 10100000 2 match 5
14 00011000 2
25 00000001 1
36 01000000 1
47 00000110 2
50 00011100 3
61 00000010 1
72 01110000 3

04 11100000 3
15 00000001 1
26 10000000 1
37 00001110 3
40 00000100 1
51 11100010 4 match 2
62 00011110 4
73 00100000 1

05 00000001 1
16 00000000 a
27 10000000 1
30 00011100 3
41 00000010 1
52 01111110 6
63 00000000 a
74 01110000 3

06 11100000 3
17 00001100 2
20 00000000 a
31 01000010 2
42 00000110 2
53 10100000 2 match 5
64 00011000 2
75 00000001 1

07 10000010 2
10 00011100 3
21 10000000 1
32 01011110 5
43 00000000 a
54 11111000 5 match 6
65 00000001 1
76 01100000 2

Matching output with AND-NOT
0 absent
1 absent
2 01 51
3 absent
4 absent
5 03 53
6 54
7 absent

Left
none
Best: none

Right
none
Best: none

OR-NOT
01 11100011 5 match 7
12 01111111 7
23 10100001 3
34 11111111 a
45 00000111 3
56 11111110 7
67 10011111 6
70 01111101 6

02 11111111 a
13 10111101 6
24 11111001 6
35 01011111 6
46 11100111 6
57 11111110 7
60 00011111 5
71 11110011 6

03 11100011 5 match 7
14 11111101 7 match 3
25 10000001 2
36 11111111 a
47 10001111 5
50 11111110 7
61 11111111 a
72 01111111 7

04 11111011 7
15 00011101 4
26 11100001 4
37 11011111 7
40 00011111 5
51 11111110 7
62 01111111 7
73 11110001 5

05 11100011 5 match 7
16 11111101 7 match 3
27 10001111 5
30 01011111 6
41 11100111 6
52 11111110 7
63 10111111 7 match 0
74 11111001 6

06 11100011 5 match 7
17 10011111 6
20 10011101 5
31 11111111 a
42 01111111 7
53 11111110 7
64 11111111 a
75 01110001 4

07 11101111 7
10 00011101 4
21 11100011 5 match 7
32 01111111 7
43 10100111 5
54 11111110 7
65 00011111 5
76 11110001 5

Matching output with OR-NOT
0 63
1 absent
2 absent
3 14 16
4 absent
5 absent
6 absent
7 01 03 05 06 21

Left
63 74x
Best: OR-NOT63: 1

Right
01 70x
03 72x
05 74x
06 75x
21 10x
Best: OR-NOT01: 1

XOR-NOT
01 00000001 1
12 01100011 4
23 00100001 2
34 10100111 5
45 00000110 2
56 00011110 4
67 10010001 3
70 01101101 5

02 10011101 5
13 10111101 6
24 01111001 5
35 01011110 5
46 11100111 6
57 01110000 3
60 00000011 2
71 10010011 4

03 01000011 3
14 11100101 5
25 10000000 1
36 10111111 7 match 0
47 10001001 3 match 1
50 11100010 4 match 2
61 11111101 7 match 3
72 00001111 4 match 4

04 00011011 4
15 00011100 3
26 01100001 3
37 11010001 4
40 00011011 4
51 00011100 3
62 01100001 3
73 11010001 4

05 11100010 4 match 2
16 11111101 7 match 3
27 00001111 4 match 4
30 01000011 3
41 11100101 5
52 10000000 1
63 10111111 7 match 0
74 10001001 3 match 1

06 00000011 2
17 10010011 4
20 10011101 5
31 10111101 6
42 01111001 5
53 01011110 5
64 11100111 6
75 01110000 3

07 01101101 5
10 00000001 1
21 01100011 4
32 00100001 2
43 10100111 5
54 00000110 2
65 00011110 4
76 10010001 3

Matching output with XOR-NOT
0 36 63
1 47 74
2 50 05
3 61 16
4 72 27
5 absent
6 absent
7 absent

Left
36 47 50 61 72 03x
63 74 05 16 27 30x
Best: XOR-NOT36 47 50 61 72: 5

Right
none
Best: none

Selecting

Lefts
Identity none
NOT none
Constant none
AND none
OR none
XOR none
AND-NOT none
OR-NOT OR-NOT63: 1
XOR-NOT XOR-NOT36 47 50 61 72: 5

Rights
Identity I0: 1
NOT none
Constant none
AND none
OR OR02: 1
XOR XOR15: 1
AND-NOT none
OR-NOT OR-NOT01: 1
XOR-NOT none

Left longest: 5
Right longest: 1

Left winner: Identity no, NOT no, Constant no, AND no, OR no, XOR no, AND-NOT no, OR-NOT no, XOR-NOT yes
Right winner: Identity yes, NOT no, Constant no, AND no, OR no, XOR no, AND-NOT no, OR-NOT no, XOR-NOT no

Best left: XOR-NOT36 47 50 61 72: 5
Best right: I0: 1

Truncated left: XOR-NOT36 47 50 61 72: 5
Truncated right: I0: 1

Tentative from right
7 I0
6 pending
5 pending
4 pending
3 pending
2 pending
1 pending
0 pending

Tentative
0 XOR-NOT36
1 XOR-NOT47
2 XOR-NOT50
3 XOR-NOT61
4 XOR-NOT72
5 pending
6 pending
7 I0

Preferred from left
0 XOR-NOT36
1 XOR-NOT47
2 XOR-NOT50
3 XOR-NOT61
4 XOR-NOT72
5 ?03
6 ?14
7 I0

Preferred from right
7 I0
6 ?14
5 ?03
4 XOR-NOT72
3 XOR-NOT61
2 XOR-NOT50
1 XOR-NOT47
0 XOR-NOT36

Preferred
0 XOR-NOT36
1 XOR-NOT47
2 XOR-NOT50
3 XOR-NOT61
4 XOR-NOT72
5 ?03 ?30
6 ?14 ?41
7 I0

Matching
0 XOR-NOT36
1 XOR-NOT47
2 XOR-NOT50
3 XOR-NOT61
4 XOR-NOT72
5 ?03 ?30 - Identity absent, NOT NOT3, Constant absent, AND absent, OR absent, XOR absent, AND-NOT03, OR-NOT absent, XOR-NOT absent
6 ?14 ?41 - Identity absent, NOT NOT4, Constant absent, AND absent, OR absent, XOR absent, AND-NOT absent, OR-NOT absent, XOR-NOT absent
7 I0

Perfect match
Identity no
NOT yes
Constant no
AND no
OR no
XOR no
AND-NOT no
OR-NOT no
XOR-NOT no

Matched
0 XOR-NOT36
1 XOR-NOT47
2 XOR-NOT50
3 XOR-NOT61
4 XOR-NOT72
5 NOT3
6 NOT4
7 I0


Reselect (whole-word coverage)
0 OR-NOT63
1 XOR-NOT47
2 NOT1
3 OR-NOT14
4 XOR-NOT27
5 NOT3
6 NOT4
7 OR-NOT01
Selected
0 OR-NOT63
1 XOR-NOT47
2 NOT1
3 OR-NOT14
4 XOR-NOT27
5 NOT3
6 NOT4
7 OR-NOT01

Applying to 00000000
Input
0 0
1 0
2 0
3 0
4 0
5 0
6 0
7 0
Output
0 OR-NOT63 = OR(0,NOT(0)) = 1
1 XOR-NOT47 = XOR(0,NOT(0)) = 1
2 NOT1 = NOT(0) = 1
3 OR-NOT14 = OR(0,NOT(0)) = 1
4 XOR-NOT27 = XOR(0,NOT(0)) = 1
5 NOT3 = NOT(0) = 1
6 NOT4 = NOT(0) = 1
7 OR-NOT01 = OR(0,NOT(0)) = 1

I will now return the answer in \boxed{}
The answer in \boxed is
\boxed{11111111}
</think>
\boxed{11111111}