We need to deduce the transformation by matching the example outputs.

Output 1: 10111110
0 1
1 0
2 1
3 1
4 1
5 1
6 1
7 0

Output 2: 01010110
0 0
1 1
2 0
3 1
4 0
5 1
6 1
7 0

Output 3: 10111110
0 1
1 0
2 1
3 1
4 1
5 1
6 1
7 0

Output 4: 11111111
0 1
1 1
2 1
3 1
4 1
5 1
6 1
7 1

Output 5: 11111001
0 1
1 1
2 1
3 1
4 1
5 0
6 0
7 1

Output 6: 10101110
0 1
1 0
2 1
3 0
4 1
5 1
6 1
7 0

Output 7: 00111111
0 0
1 0
2 1
3 1
4 1
5 1
6 1
7 1

Output 8: 01011011
0 0
1 1
2 0
3 1
4 1
5 0
6 1
7 1

Output 9: 00111101
0 0
1 0
2 1
3 1
4 1
5 1
6 0
7 1

Output 10: 11111111
0 1
1 1
2 1
3 1
4 1
5 1
6 1
7 1

Output bit columns (with bitsum as hash)
0 1011110001 6
1 0101100101 5
2 1011111011 8
3 1111101111 9
4 1011111111 9
5 1111011011 8
6 1111011101 8
7 0001101111 6

Input 1: 11110010
0 1
1 1
2 1
3 1
4 0
5 0
6 1
7 0

Input 2: 10100101
0 1
1 0
2 1
3 0
4 0
5 1
6 0
7 1

Input 3: 11110011
0 1
1 1
2 1
3 1
4 0
5 0
6 1
7 1

Input 4: 01111111
0 0
1 1
2 1
3 1
4 1
5 1
6 1
7 1

Input 5: 11000000
0 1
1 1
2 0
3 0
4 0
5 0
6 0
7 0

Input 6: 01110010
0 0
1 1
2 1
3 1
4 0
5 0
6 1
7 0

Input 7: 11010001
0 1
1 1
2 0
3 1
4 0
5 0
6 0
7 1

Input 8: 11011000
0 1
1 1
2 0
3 1
4 1
5 0
6 0
7 0

Input 9: 11101110
0 1
1 1
2 1
3 0
4 1
5 1
6 1
7 0

Input 10: 10111111
0 1
1 0
2 1
3 1
4 1
5 1
6 1
7 1


Identity
0 1110101111 8
1 1011111110 8
2 1111010011 7
3 1011011101 7
4 0001000111 4
5 0101000011 4
6 1011010011 6
7 0111001001 5

Matching output with Identity
0 absent
1 absent
2 absent
3 absent
4 absent
5 absent
6 absent
7 absent

Left
none
Best: none

Right
none
Best: none

NOT
0 0001010000 2
1 0100000001 2
2 0000101100 3
3 0100100010 3
4 1110111000 6
5 1010111100 6
6 0100101100 4
7 1000110110 5

Matching output with NOT
0 absent
1 absent
2 absent
3 absent
4 absent
5 absent
6 absent
7 absent

Left
none
Best: none

Right
none
Best: none

Constant
0 0000000000 a
1 1111111111 a

Matching output with Constant
0 absent
1 absent
2 absent
3 absent
4 absent
5 absent
6 absent
7 absent

Left
none
Best: none

Right
none
Best: none

AND
01 10 1010101110 6
12 21 1011010010 5
23 32 1011010001 5
34 43 0001000101 3
45 54 0001000011 3
56 65 0001000011 3
67 76 0011000001 3
70 07 0110001001 4

02 20 1110000011 5
13 31 1011011100 6
24 42 0001000011 3
35 53 0001000001 2
46 64 0001000011 3
57 75 0101000001 3
60 06 1010000011 4
71 17 0011001000 3

03 30 1010001101 5
14 41 0001000110 3
25 52 0101000011 4
36 63 1011010001 5
47 74 0001000001 2
50 05 0100000011 3
61 16 1011010010 5
72 27 0111000001 4

04 40 0000000111 3
15 51 0001000010 2
26 62 1011010011 6
37 73 0011001001 4

Matching output with AND
0 absent
1 absent
2 absent
3 absent
4 absent
5 absent
6 absent
7 absent

Left
none
Best: none

Right
none
Best: none

OR
01 10 1111111111 a
12 21 1111111111 a
23 32 1111011111 9
34 43 1011011111 8
45 54 0101000111 5
56 65 1111010011 7
67 76 1111011011 8 match 5
70 07 1111101111 9 match 3

02 20 1111111111 a
13 31 1011111111 9 match 4
24 42 1111010111 8
35 53 1111011111 9
46 64 1011010111 7
57 75 0111001011 6
60 06 1111111111 a
71 17 1111111111 a

03 30 1111111111 a
14 41 1011111111 9 match 4
25 52 1111010011 7
36 63 1011011111 8
47 74 0111001111 7
50 05 1111101111 9 match 3
61 16 1011111111 9 match 4
72 27 1111011011 8 match 5

04 40 1111101111 9 match 3
15 51 1111111111 a
26 62 1111010011 7
37 73 1111011101 8 match 6

Matching output with OR
0 absent
1 absent
2 absent
3 70 07 50 05 04 40
4 13 31 14 41 61 16
5 67 76 72 27
6 37 73
7 absent

Left
none
Best: none

Right
none
Best: none

XOR
01 10 0101010001 4
12 21 0100101101 5
23 32 0100001110 4
34 43 1010011010 5
45 54 0100000100 2
56 65 1110010000 4
67 76 1100011010 5
70 07 1001100110 5

02 20 0001111100 5
13 31 0000100011 3
24 42 1110010100 5
35 53 1110011110 7
46 64 1010010100 4
57 75 0010001010 3
60 06 0101111100 6
71 17 1100110111 7

03 30 0101110010 5
14 41 1010111001 6
25 52 1010010000 3
36 63 0000001110 3
47 74 0110001110 5
50 05 1011101100 6
61 16 0000101101 4
72 27 1000011010 4

04 40 1111101000 6
15 51 1110111101 8
26 62 0100000000 1
37 73 1100010100 4

Matching output with XOR
0 absent
1 absent
2 absent
3 absent
4 absent
5 absent
6 absent
7 absent

Left
none
Best: none

Right
none
Best: none

AND-NOT
01 0100000001 2
12 0000101100 3
23 0100000010 2
34 1010011000 4
45 0000000100 1
56 0100000000 1
67 1000010010 3
70 0001000000 1

02 0000101100 3
13 0000100010 2
24 1110010000 4
35 1010011100 5
46 0000000100 1
57 0000000010 1
60 0001010000 2
71 0100000001 2

03 0100100010 3
14 1010111000 5
25 1010010000 3
36 0000001100 2
47 0000000110 2
50 0001000000 1
61 0000000001 1
72 0000001000 1

04 1110101000 5
15 1010111100 6
26 0100000000 1
37 1000010100 3
40 0001000000 1
51 0100000001 2
62 0000000000 a
73 0100000000 1

05 1010101100 5
16 0000101100 3
27 1000010010 3
30 0001010000 2
41 0000000001 1
52 0000000000 a
63 0000000010 1
74 0110001000 3

06 0100101100 4
17 1000110110 5
20 0001010000 2
31 0000000001 1
42 0000000100 1
53 0100000010 2
64 1010010000 3
75 0010001000 2

07 1000100110 4
10 0001010000 2
21 0100000001 2
32 0000001100 2
43 0000000010 1
54 0100000000 1
65 1010010000 3
76 0100001000 2

Matching output with AND-NOT
0 absent
1 absent
2 absent
3 absent
4 absent
5 absent
6 absent
7 absent

Left
none
Best: none

Right
none
Best: none

OR-NOT
01 1110101111 8
12 1011111110 8
23 1111110011 8
34 1111111101 9
45 1011111111 9 match 4
56 0101101111 7
67 1011110111 8
70 0111011001 6

02 1110101111 8
13 1111111110 9
24 1111111011 9
35 1011111101 8
46 0101101111 7
57 1101110111 8
60 1011010011 6
71 0111001001 5

03 1110101111 8
14 1111111110 9
25 1111111111 a
36 1111111101 9
47 1001110111 7
50 0101010011 5
61 1111010011 7
72 0111101101 7

04 1110111111 9
15 1011111110 8
26 1111111111 a
37 1011111111 9 match 4
40 0001010111 5
51 0101000011 4
62 1011111111 9 match 4
73 0111101011 7

05 1110111111 9
16 1111111110 9
27 1111110111 9
30 1011011101 7
41 0101000111 5
52 0101101111 7
63 1111110011 8
74 1111111001 8

06 1110101111 8
17 1011111110 8
20 1111010011 7
31 1111011101 8 match 6
42 0001101111 6 match 7
53 0101100011 5
64 1111111011 9
75 1111111101 9

07 1110111111 9
10 1011111110 8
21 1111010011 7
32 1011111101 8
43 0101100111 6
54 1111111011 9
65 1011111111 9 match 4
76 0111101101 7

Matching output with OR-NOT
0 absent
1 absent
2 absent
3 absent
4 45 37 62 65
5 absent
6 31
7 42

Left
none
Best: none

Right
42 31 20x
Best: OR-NOT42 31: 2

XOR-NOT
01 1010101110 6
12 1011010010 5
23 1011110001 6 match 0
34 0101100101 5 match 1
45 1011111011 8 match 2
56 0001101111 6 match 7
67 0011100101 5
70 0110011001 5

02 1110000011 5
13 1111011100 7
24 0001101011 5
35 0001100001 3
46 0101101011 6
57 1101110101 7
60 1010000011 4
71 0011001000 3

03 1010001101 5
14 0101000110 4
25 0101101111 7
36 1111110001 7
47 1001110001 5
50 0100010011 4
61 1111010010 6
72 0111100101 6

04 0000010111 4
15 0001000010 2
26 1011111111 9 match 4
37 0011101011 6
40 0000010111 4
51 0001000010 2
62 1011111111 9 match 4
73 0011101011 6

05 0100010011 4
16 1111010010 6
27 0111100101 6
30 1010001101 5
41 0101000110 4
52 0101101111 7
63 1111110001 7
74 1001110001 5

06 1010000011 4
17 0011001000 3
20 1110000011 5
31 1111011100 7
42 0001101011 5
53 0001100001 3
64 0101101011 6
75 1101110101 7

07 0110011001 5
10 1010101110 6
21 1011010010 5
32 1011110001 6 match 0
43 0101100101 5 match 1
54 1011111011 8 match 2
65 0001101111 6 match 7
76 0011100101 5

Matching output with XOR-NOT
0 23 32
1 34 43
2 45 54
3 absent
4 26 62
5 absent
6 absent
7 56 65

Left
23 34 45 56y
32 43 54 65y
Best: XOR-NOT23 34 45: 3

Right
56 45y
65 54y
Best: XOR-NOT56: 1

Selecting

Lefts
Identity none
NOT none
Constant none
AND none
OR none
XOR none
AND-NOT none
OR-NOT none
XOR-NOT XOR-NOT23 34 45: 3

Rights
Identity none
NOT none
Constant none
AND none
OR none
XOR none
AND-NOT none
OR-NOT OR-NOT42 31: 2
XOR-NOT XOR-NOT56: 1

Left longest: 3
Right longest: 2

Left winner: Identity no, NOT no, Constant no, AND no, OR no, XOR no, AND-NOT no, OR-NOT no, XOR-NOT yes
Right winner: Identity no, NOT no, Constant no, AND no, OR no, XOR no, AND-NOT no, OR-NOT yes, XOR-NOT no

Best left: XOR-NOT23 34 45: 3
Best right: OR-NOT42 31: 2

Truncated left: XOR-NOT23 34 45: 3
Truncated right: OR-NOT42 31: 2

Tentative from right
7 OR-NOT42
6 OR-NOT31
5 pending
4 pending
3 pending
2 pending
1 pending
0 pending

Tentative
0 XOR-NOT23
1 XOR-NOT34
2 XOR-NOT45
3 pending
4 pending
5 pending
6 OR-NOT31
7 OR-NOT42

Preferred from left
0 XOR-NOT23
1 XOR-NOT34
2 XOR-NOT45
3 ?56
4 ?67
5 ?70
6 OR-NOT31
7 OR-NOT42

Preferred from right
7 OR-NOT42
6 OR-NOT31
5 ?70
4 ?67
3 ?56
2 XOR-NOT45
1 XOR-NOT34
0 XOR-NOT23

Preferred
0 XOR-NOT23
1 XOR-NOT34
2 XOR-NOT45
3 ?56 ?65
4 ?67 ?76
5 ?70 ?07
6 OR-NOT31
7 OR-NOT42

Matching
0 XOR-NOT23
1 XOR-NOT34
2 XOR-NOT45
3 ?56 ?65 - Identity absent, NOT absent, Constant absent, AND absent, OR absent, XOR absent, AND-NOT absent, OR-NOT absent, XOR-NOT absent
4 ?67 ?76 - Identity absent, NOT absent, Constant absent, AND absent, OR absent, XOR absent, AND-NOT absent, OR-NOT absent, XOR-NOT absent
5 ?70 ?07 - Identity absent, NOT absent, Constant absent, AND absent, OR absent, XOR absent, AND-NOT absent, OR-NOT absent, XOR-NOT absent
6 OR-NOT31
7 OR-NOT42

Perfect match
Identity no
NOT no
Constant no
AND no
OR no
XOR no
AND-NOT no
OR-NOT no
XOR-NOT no

Matched
0 XOR-NOT23
1 XOR-NOT34
2 XOR-NOT45
3 none
4 none
5 none
6 OR-NOT31
7 OR-NOT42


Reselect (whole-word coverage)
0 XOR-NOT23
1 XOR-NOT34
2 XOR-NOT45
3 OR04
4 OR14
5 OR27
6 OR37
7 OR-NOT42
Selected
0 XOR-NOT23
1 XOR-NOT34
2 XOR-NOT45
3 OR04
4 OR14
5 OR27
6 OR37
7 OR-NOT42

Applying to 10010101
Input
0 1
1 0
2 0
3 1
4 0
5 1
6 0
7 1
Output
0 XOR-NOT23 = XOR(0,NOT(1)) = 0
1 XOR-NOT34 = XOR(1,NOT(0)) = 0
2 XOR-NOT45 = XOR(0,NOT(1)) = 0
3 OR04 = OR(1,0) = 1
4 OR14 = OR(0,0) = 0
5 OR27 = OR(0,1) = 1
6 OR37 = OR(1,1) = 1
7 OR-NOT42 = OR(0,NOT(0)) = 1

I will now return the answer in \boxed{}
The answer in \boxed is
\boxed{00010111}
</think>
\boxed{00010111}