We need to deduce the transformation by matching the example outputs.

Output 1: 01100000
0 0
1 1
2 1
3 0
4 0
5 0
6 0
7 0

Output 2: 00000001
0 0
1 0
2 0
3 0
4 0
5 0
6 0
7 1

Output 3: 01000001
0 0
1 1
2 0
3 0
4 0
5 0
6 0
7 1

Output 4: 01000001
0 0
1 1
2 0
3 0
4 0
5 0
6 0
7 1

Output 5: 10000000
0 1
1 0
2 0
3 0
4 0
5 0
6 0
7 0

Output 6: 00000001
0 0
1 0
2 0
3 0
4 0
5 0
6 0
7 1

Output 7: 11000001
0 1
1 1
2 0
3 0
4 0
5 0
6 0
7 1

Output 8: 01000000
0 0
1 1
2 0
3 0
4 0
5 0
6 0
7 0

Output bit columns (with bitsum as hash)
0 00001010 2
1 10110011 5
2 10000000 1
3 00000000 a
4 00000000 a
5 00000000 a
6 00000000 a
7 01110110 5

Input 1: 01110011
0 0
1 1
2 1
3 1
4 0
5 0
6 1
7 1

Input 2: 11000010
0 1
1 1
2 0
3 0
4 0
5 0
6 1
7 0

Input 3: 10101010
0 1
1 0
2 1
3 0
4 1
5 0
6 1
7 0

Input 4: 11110010
0 1
1 1
2 1
3 1
4 0
5 0
6 1
7 0

Input 5: 01110100
0 0
1 1
2 1
3 1
4 0
5 1
6 0
7 0

Input 6: 10101000
0 1
1 0
2 1
3 0
4 1
5 0
6 0
7 0

Input 7: 11111110
0 1
1 1
2 1
3 1
4 1
5 1
6 1
7 0

Input 8: 00100110
0 0
1 0
2 1
3 0
4 0
5 1
6 1
7 0


Identity
0 01110110 5 match 7
1 11011010 5
2 10111111 7
3 10011010 4
4 00100110 3
5 00001011 3
6 11110011 6
7 10000000 1 match 2

Matching output with Identity
0 absent
1 absent
2 7
3 absent
4 absent
5 absent
6 absent
7 0

Left
none
Best: none

Right
0 7y
Best: I0: 1

NOT
0 10001001 3
1 00100101 3
2 01000000 1
3 01100101 4
4 11011001 5
5 11110100 5
6 00001100 2
7 01111111 7

Matching output with NOT
0 absent
1 absent
2 absent
3 absent
4 absent
5 absent
6 absent
7 absent

Left
none
Best: none

Right
none
Best: none

Constant
0 00000000 a match 3 4 5 6
1 11111111 a

Matching output with Constant
0 absent
1 absent
2 absent
3 C0
4 C0
5 C0
6 C0
7 absent

Left
none
Best: none

Right
none
Best: none

AND
01 10 01010010 3
12 21 10011010 4
23 32 10011010 4
34 43 00000010 1
45 54 00000010 1
56 65 00000011 2
67 76 10000000 1 match 2
70 07 00000000 a match 3 4 5 6

02 20 00110110 4
13 31 10011010 4
24 42 00100110 3
35 53 00001010 2 match 0
46 64 00100010 2
57 75 00000000 a match 3 4 5 6
60 06 01110010 4
71 17 10000000 1 match 2

03 30 00010010 2
14 41 00000010 1
25 52 00001011 3
36 63 10010010 3
47 74 00000000 a match 3 4 5 6
50 05 00000010 1
61 16 11010010 4
72 27 10000000 1 match 2

04 40 00100110 3
15 51 00001010 2 match 0
26 62 10110011 5 match 1
37 73 10000000 1 match 2

Matching output with AND
0 35 53 15 51
1 26 62
2 67 76 71 17 72 27 37 73
3 70 07 57 75 47 74
4 70 07 57 75 47 74
5 70 07 57 75 47 74
6 70 07 57 75 47 74
7 absent

Left
35 46x
53 64x
15 26 37 40x
51 62 73 04x
Best: AND15 26 37: 3

Right
none
Best: none

OR
01 10 11111110 7
12 21 11111111 a
23 32 10111111 7
34 43 10111110 6
45 54 00101111 5
56 65 11111011 7
67 76 11110011 6
70 07 11110110 6

02 20 11111111 a
13 31 11011010 5
24 42 10111111 7
35 53 10011011 5
46 64 11110111 7
57 75 10001011 4
60 06 11110111 7
71 17 11011010 5

03 30 11111110 7
14 41 11111110 7
25 52 10111111 7
36 63 11111011 7
47 74 10100110 4
50 05 01111111 7
61 16 11111011 7
72 27 10111111 7

04 40 01110110 5 match 7
15 51 11011011 6
26 62 11111111 a
37 73 10011010 4

Matching output with OR
0 absent
1 absent
2 absent
3 absent
4 absent
5 absent
6 absent
7 04 40

Left
none
Best: none

Right
04 73x
40 37x
Best: OR04: 1

XOR
01 10 10101100 4
12 21 01100101 4
23 32 00100101 3
34 43 10111100 5
45 54 00101101 4
56 65 11111000 5
67 76 01110011 5
70 07 11110110 6

02 20 11001001 4
13 31 01000000 1
24 42 10011001 4
35 53 10010001 3
46 64 11010101 5
57 75 10001011 4
60 06 10000101 3
71 17 01011010 4

03 30 11101100 5
14 41 11111100 6
25 52 10110100 4
36 63 01101001 4
47 74 10100110 4
50 05 01111101 6
61 16 00101001 3
72 27 00111111 6

04 40 01010000 2
15 51 11010001 4
26 62 01001100 3
37 73 00011010 3

Matching output with XOR
0 absent
1 absent
2 absent
3 absent
4 absent
5 absent
6 absent
7 absent

Left
none
Best: none

Right
none
Best: none

AND-NOT
01 00100100 2
12 01000000 1
23 00100101 3
34 10011000 3
45 00100100 2
56 00001000 1
67 01110011 5
70 10000000 1 match 2

02 01000000 1
13 01000000 1
24 10011001 4
35 10010000 2
46 00000100 1
57 00001011 3
60 10000001 2
71 00000000 a match 3 4 5 6

03 01100100 3
14 11011000 4
25 10110100 4
36 00001000 1
47 00100110 3
50 00001001 2
61 00100001 2
72 00000000 a match 3 4 5 6

04 01010000 2
15 11010000 3
26 00001100 2
37 00011010 3
40 00000000 a match 3 4 5 6
51 00000001 1
62 01000000 1
73 00000000 a match 3 4 5 6

05 01110100 4
16 00001000 1
27 00111111 6
30 10001000 2
41 00100100 2
52 00000000 a match 3 4 5 6
63 01100001 3
74 10000000 1 match 2

06 00000100 1
17 01011010 4
20 10001001 3
31 00000000 a match 3 4 5 6
42 00000000 a match 3 4 5 6
53 00000001 1
64 11010001 4
75 10000000 1 match 2

07 01110110 5 match 7
10 10001000 2
21 00100101 3
32 00000000 a match 3 4 5 6
43 00100100 2
54 00001001 2
65 11110000 4
76 00000000 a match 3 4 5 6

Matching output with AND-NOT
0 absent
1 absent
2 70 74 75
3 71 72 40 73 52 31 42 32 76
4 71 72 40 73 52 31 42 32 76
5 71 72 40 73 52 31 42 32 76
6 71 72 40 73 52 31 42 32 76
7 07

Left
none
Best: none

Right
07 76 65x
Best: AND-NOT07 76: 2

OR-NOT
01 01110111 6
12 11011010 5
23 11111111 a
34 11011011 6
45 11110110 6
56 00001111 4
67 11111111 a
70 10001001 3

02 01110110 5 match 7
13 11111111 a
24 11111111 a
35 11111110 7
46 00101110 4
57 01111111 7
60 11111011 7
71 10100101 4

03 01110111 6
14 11011011 6
25 11111111 a
36 10011110 5
47 01111111 7
50 10001011 4
61 11110111 7
72 11000000 2

04 11111111 a
15 11111110 7
26 10111111 7
37 11111111 a
40 10101111 6
51 00101111 5
62 11110011 6
73 11100101 5

05 11110110 6
16 11011110 6
27 11111111 a
30 10011011 5
41 00100111 4
52 01001011 4
63 11110111 7
74 11011001 5

06 01111110 6
17 11111111 a
20 10111111 7
31 10111111 7
42 01100110 4
53 01101111 6
64 11111011 7
75 11110100 5

07 01111111 7
10 11011011 6
21 10111111 7
32 11011010 5
43 01100111 5
54 11011011 6
65 11110111 7
76 10001100 3

Matching output with OR-NOT
0 absent
1 absent
2 absent
3 absent
4 absent
5 absent
6 absent
7 02

Left
none
Best: none

Right
02 71x
Best: OR-NOT02: 1

XOR-NOT
01 01010011 4
12 10011010 4
23 11011010 5
34 01000011 3
45 11010010 4
56 00000111 3
67 10001100 3
70 00001001 2

02 00110110 4
13 10111111 7
24 01100110 4
35 01101110 5
46 00101010 3
57 01110100 4
60 01111010 5
71 10100101 4

03 00010011 3
14 00000011 2
25 01001011 4
36 10010110 4
47 01011001 4
50 10000010 2
61 11010110 5
72 11000000 2

04 10101111 6
15 00101110 4
26 10110011 5 match 1
37 11100101 5
40 10101111 6
51 00101110 4
62 10110011 5 match 1
73 11100101 5

05 10000010 2
16 11010110 5
27 11000000 2
30 00010011 3
41 00000011 2
52 01001011 4
63 10010110 4
74 01011001 4

06 01111010 5
17 10100101 4
20 00110110 4
31 10111111 7
42 01100110 4
53 01101110 5
64 00101010 3
75 01110100 4

07 00001001 2
10 01010011 4
21 10011010 4
32 11011010 5
43 01000011 3
54 11010010 4
65 00000111 3
76 10001100 3

Matching output with XOR-NOT
0 absent
1 26 62
2 absent
3 absent
4 absent
5 absent
6 absent
7 absent

Left
none
Best: none

Right
none
Best: none

Selecting

Lefts
Identity none
NOT none
Constant none
AND AND15 26 37: 3
OR none
XOR none
AND-NOT none
OR-NOT none
XOR-NOT none

Rights
Identity I0: 1
NOT none
Constant none
AND none
OR OR04: 1
XOR none
AND-NOT AND-NOT07 76: 2
OR-NOT OR-NOT02: 1
XOR-NOT none

Left longest: 3
Right longest: 2

Left winner: Identity no, NOT no, Constant no, AND yes, OR no, XOR no, AND-NOT no, OR-NOT no, XOR-NOT no
Right winner: Identity no, NOT no, Constant no, AND no, OR no, XOR no, AND-NOT yes, OR-NOT no, XOR-NOT no

Best left: AND15 26 37: 3
Best right: AND-NOT07 76: 2

Truncated left: AND15 26 37: 3
Truncated right: AND-NOT07 76: 2

Tentative from right
7 AND-NOT07
6 AND-NOT76
5 pending
4 pending
3 pending
2 pending
1 pending
0 pending

Tentative
0 AND15
1 AND26
2 AND37
3 pending
4 pending
5 pending
6 AND-NOT76
7 AND-NOT07

Preferred from left
0 AND15
1 AND26
2 AND37
3 ?40
4 ?51
5 ?62
6 AND-NOT76
7 AND-NOT07

Preferred from right
7 AND-NOT07
6 AND-NOT76
5 ?62
4 ?51
3 ?40
2 AND37
1 AND26
0 AND15

Preferred
0 AND15
1 AND26
2 AND37
3 ?40 ?04
4 ?51 ?15
5 ?62 ?26
6 AND-NOT76
7 AND-NOT07

Matching
0 AND15
1 AND26
2 AND37
3 ?40 ?04 - Identity absent, NOT absent, Constant C0, AND absent, OR absent, XOR absent, AND-NOT40, OR-NOT absent, XOR-NOT absent
4 ?51 ?15 - Identity absent, NOT absent, Constant C0, AND absent, OR absent, XOR absent, AND-NOT absent, OR-NOT absent, XOR-NOT absent
5 ?62 ?26 - Identity absent, NOT absent, Constant C0, AND absent, OR absent, XOR absent, AND-NOT absent, OR-NOT absent, XOR-NOT absent
6 AND-NOT76
7 AND-NOT07

Perfect match
Identity no
NOT no
Constant yes
AND no
OR no
XOR no
AND-NOT no
OR-NOT no
XOR-NOT no

Matched
0 AND15
1 AND26
2 AND37
3 C0
4 C0
5 C0
6 AND-NOT76
7 AND-NOT07


Reselect (whole-word coverage)
0 AND15
1 AND26
2 I7
3 C0
4 C0
5 C0
6 C0
7 I0
Selected
0 AND15
1 AND26
2 I7
3 C0
4 C0
5 C0
6 C0
7 I0

Applying to 00010101
Input
0 0
1 0
2 0
3 1
4 0
5 1
6 0
7 1
Output
0 AND15 = AND(0,1) = 0
1 AND26 = AND(0,0) = 0
2 I7 = 1
3 C0 = 0
4 C0 = 0
5 C0 = 0
6 C0 = 0
7 I0 = 0

I will now return the answer in \boxed{}
The answer in \boxed is
\boxed{00100000}
</think>
\boxed{00100000}