We need to deduce the transformation by matching the example outputs.

Output 1: 11111110
0 1
1 1
2 1
3 1
4 1
5 1
6 1
7 0

Output 2: 11111100
0 1
1 1
2 1
3 1
4 1
5 1
6 0
7 0

Output 3: 10111010
0 1
1 0
2 1
3 1
4 1
5 0
6 1
7 0

Output 4: 01111100
0 0
1 1
2 1
3 1
4 1
5 1
6 0
7 0

Output 5: 11111111
0 1
1 1
2 1
3 1
4 1
5 1
6 1
7 1

Output 6: 01111111
0 0
1 1
2 1
3 1
4 1
5 1
6 1
7 1

Output 7: 01001111
0 0
1 1
2 0
3 0
4 1
5 1
6 1
7 1

Output 8: 01111100
0 0
1 1
2 1
3 1
4 1
5 1
6 0
7 0

Output bit columns (with bitsum as hash)
0 11101000 4
1 11011111 7
2 11111101 7
3 11111101 7
4 11111111 a
5 11011111 7
6 10101110 5
7 00001110 3

Input 1: 01111100
0 0
1 1
2 1
3 1
4 1
5 1
6 0
7 0

Input 2: 11000000
0 1
1 1
2 0
3 0
4 0
5 0
6 0
7 0

Input 3: 01110101
0 0
1 1
2 1
3 1
4 0
5 1
6 0
7 1

Input 4: 11011001
0 1
1 1
2 0
3 1
4 1
5 0
6 0
7 1

Input 5: 11001111
0 1
1 1
2 0
3 0
4 1
5 1
6 1
7 1

Input 6: 11011110
0 1
1 1
2 0
3 1
4 1
5 1
6 1
7 0

Input 7: 00011010
0 0
1 0
2 0
3 1
4 1
5 0
6 1
7 0

Input 8: 11101000
0 1
1 1
2 1
3 0
4 1
5 0
6 0
7 0


Identity
0 01011101 5
1 11111101 7 match 2 3
2 10100001 3
3 10110110 5
4 10011111 6
5 10101100 4
6 00001110 3 match 7
7 00111000 3

Matching output with Identity
0 absent
1 absent
2 1
3 1
4 absent
5 absent
6 absent
7 6

Left
none
Best: none

Right
6 5x
Best: I6: 1

NOT
0 10100010 3
1 00000010 1
2 01011110 5
3 01001001 3
4 01100000 2
5 01010011 4
6 11110001 5
7 11000111 5

Matching output with NOT
0 absent
1 absent
2 absent
3 absent
4 absent
5 absent
6 absent
7 absent

Left
none
Best: none

Right
none
Best: none

Constant
0 00000000 a
1 11111111 a match 4

Matching output with Constant
0 absent
1 absent
2 absent
3 absent
4 C1
5 absent
6 absent
7 absent

Left
none
Best: none

Right
none
Best: none

AND
01 10 01011101 5
12 21 10100001 3
23 32 10100000 2
34 43 10010110 4
45 54 10001100 3
56 65 00001100 2
67 76 00001000 1
70 07 00011000 2

02 20 00000001 1
13 31 10110100 4
24 42 10000001 2
35 53 10100100 3
46 64 00001110 3 match 7
57 75 00101000 2
60 06 00001100 2
71 17 00111000 3

03 30 00010100 2
14 41 10011101 5
25 52 10100000 2
36 63 00000110 2
47 74 00011000 2
50 05 00001100 2
61 16 00001100 2
72 27 00100000 1

04 40 00011101 4
15 51 10101100 4
26 62 00000000 a
37 73 00110000 2

Matching output with AND
0 absent
1 absent
2 absent
3 absent
4 absent
5 absent
6 absent
7 46 64

Left
none
Best: none

Right
46 35x
64 53x
Best: AND46: 1

OR
01 10 11111101 7 match 2 3
12 21 11111101 7 match 2 3
23 32 10110111 6
34 43 10111111 7
45 54 10111111 7
56 65 10101110 5 match 6
67 76 00111110 5
70 07 01111101 6

02 20 11111101 7 match 2 3
13 31 11111111 a match 4
24 42 10111111 7
35 53 10111110 6
46 64 10011111 6
57 75 10111100 5
60 06 01011111 6
71 17 11111101 7 match 2 3

03 30 11111111 a match 4
14 41 11111111 a match 4
25 52 10101101 5
36 63 10111110 6
47 74 10111111 7
50 05 11111101 7 match 2 3
61 16 11111111 a match 4
72 27 10111001 5

04 40 11011111 7 match 1 5
15 51 11111101 7 match 2 3
26 62 10101111 6
37 73 10111110 6

Matching output with OR
0 absent
1 04 40
2 01 10 12 21 02 20 71 17 50 05 15 51
3 01 10 12 21 02 20 71 17 50 05 15 51
4 13 31 03 30 14 41 61 16
5 04 40
6 56 65
7 absent

Left
none
Best: none

Right
none
Best: none

XOR
01 10 10100000 2
12 21 01011100 4
23 32 00010111 4
34 43 00101001 3
45 54 00110011 4
56 65 10100010 3
67 76 00110110 4
70 07 01100101 4

02 20 11111100 6
13 31 01001011 4
24 42 00111110 5
35 53 00011010 3
46 64 10010001 3
57 75 10010100 3
60 06 01010011 4
71 17 11000101 4

03 30 11101011 6
14 41 01100010 3
25 52 00001101 3
36 63 10111000 4
47 74 10100111 5
50 05 11110001 5
61 16 11110011 6
72 27 10011001 4

04 40 11000010 3
15 51 01010001 3
26 62 10101111 6
37 73 10001110 4

Matching output with XOR
0 absent
1 absent
2 absent
3 absent
4 absent
5 absent
6 absent
7 absent

Left
none
Best: none

Right
none
Best: none

AND-NOT
01 00000000 a
12 01011100 4
23 00000001 1
34 00100000 1
45 00010011 3
56 10100000 2
67 00000110 2
70 00100000 1

02 01011100 4
13 01001001 3
24 00100000 1
35 00010010 2
46 10010001 3
57 10000100 2
60 00000010 1
71 00000000 a

03 01001001 3
14 01100000 2
25 00000001 1
36 10110000 3
47 10000111 4
50 10100000 2
61 00000010 1
72 00011000 2

04 01000000 1
15 01010001 3
26 10100001 3
37 10000110 3
40 10000010 2
51 00000000 a
62 00001110 3 match 7
73 00001000 1

05 01010001 3
16 11110001 5
27 10000001 2
30 10100010 3
41 00000010 1
52 00001100 2
63 00001000 1
74 00100000 1

06 01010001 3
17 11000101 4
20 10100000 2
31 00000010 1
42 00011110 4
53 00001000 1
64 00000000 a
75 00010000 1

07 01000101 3
10 10100000 2
21 00000000 a
32 00010110 3
43 00001001 2
54 00100000 1
65 00000010 1
76 00110000 2

Matching output with AND-NOT
0 absent
1 absent
2 absent
3 absent
4 absent
5 absent
6 absent
7 62

Left
none
Best: none

Right
62 51x
Best: AND-NOT62: 1

OR-NOT
01 01011111 6
12 11111111 a match 4
23 11101001 5
34 11110110 6
45 11011111 7 match 1 5
56 11111101 7 match 2 3
67 11001111 6
70 10111010 5

02 01011111 6
13 11111101 7 match 2 3
24 11100001 4
35 11110111 7
46 11111111 a match 4
57 11101111 7
60 10101110 5 match 6
71 00111010 4

03 01011101 5
14 11111101 7 match 2 3
25 11110011 6
36 11110111 7
47 11011111 7 match 1 5
50 10101110 5 match 6
61 00001110 3 match 7
72 01111110 6

04 01111101 6
15 11111111 a match 4
26 11110001 5
37 11110111 7
40 10111111 7
51 10101110 5 match 6
62 01011110 5
73 01111001 5

05 01011111 6
16 11111101 7 match 2 3
27 11100111 6
30 10110110 5
41 10011111 6
52 11111110 7
63 01001111 5
74 01111000 4

06 11111101 7 match 2 3
17 11111111 a match 4
20 10100011 4
31 10110110 5
42 11011111 7 match 1 5
53 11101101 6
64 01101110 5
75 01111011 6

07 11011111 7 match 1 5
10 11111111 a match 4
21 10100011 4
32 11111110 7
43 11011111 7 match 1 5
54 11101100 5
65 01011111 6
76 11111001 6

Matching output with OR-NOT
0 absent
1 45 47 42 07 43
2 56 13 14 16 06
3 56 13 14 16 06
4 12 46 15 17 10
5 45 47 42 07 43
6 60 50 51
7 61

Left
none
Best: none

Right
61 50 47 36x
Best: OR-NOT61 50 47: 3

XOR-NOT
01 01011111 6
12 10100011 4
23 11101000 4 match 0
34 11010110 5
45 11001100 4
56 01011101 5
67 11001001 4
70 10011010 4

02 00000011 2
13 10110100 4
24 11000001 3
35 11100101 5
46 01101110 5
57 01101011 5
60 10101100 4
71 00111010 4

03 00010100 2
14 10011101 5
25 11110010 5
36 01000111 4
47 01011000 3
50 00001110 3 match 7
61 00001100 2
72 01100110 4

04 00111101 5
15 10101110 5 match 6
26 01010000 2
37 01110001 4
40 00111101 5
51 10101110 5 match 6
62 01010000 2
73 01110001 4

05 00001110 3 match 7
16 00001100 2
27 01100110 4
30 00010100 2
41 10011101 5
52 11110010 5
63 01000111 4
74 01011000 3

06 10101100 4
17 00111010 4
20 00000011 2
31 10110100 4
42 11000001 3
53 11100101 5
64 01101110 5
75 01101011 5

07 10011010 4
10 01011111 6
21 10100011 4
32 11101000 4 match 0
43 11010110 5
54 11001100 4
65 01011101 5
76 11001001 4

Matching output with XOR-NOT
0 23 32
1 absent
2 absent
3 absent
4 absent
5 absent
6 15 51
7 50 05

Left
23 34x
32 43x
Best: XOR-NOT23: 1

Right
50 47x
05 74x
Best: XOR-NOT50: 1

Selecting

Lefts
Identity none
NOT none
Constant none
AND none
OR none
XOR none
AND-NOT none
OR-NOT none
XOR-NOT XOR-NOT23: 1

Rights
Identity I6: 1
NOT none
Constant none
AND AND46: 1
OR none
XOR none
AND-NOT AND-NOT62: 1
OR-NOT OR-NOT61 50 47: 3
XOR-NOT XOR-NOT50: 1

Left longest: 1
Right longest: 3

Right winner: Identity no, NOT no, Constant no, AND no, OR no, XOR no, AND-NOT no, OR-NOT yes, XOR-NOT no
Left winner: Identity no, NOT no, Constant no, AND no, OR no, XOR no, AND-NOT no, OR-NOT no, XOR-NOT yes

Best right: OR-NOT61 50 47: 3
Best left: XOR-NOT23: 1

Truncated right: OR-NOT61 50 47: 3
Truncated left: XOR-NOT23: 1

Tentative from right
7 OR-NOT61
6 OR-NOT50
5 OR-NOT47
4 pending
3 pending
2 pending
1 pending
0 pending

Tentative
0 XOR-NOT23
1 pending
2 pending
3 pending
4 pending
5 OR-NOT47
6 OR-NOT50
7 OR-NOT61

Preferred from right
7 OR-NOT61
6 OR-NOT50
5 OR-NOT47
4 ?36
3 ?25
2 ?14
1 ?03
0 XOR-NOT23

Preferred from left
0 XOR-NOT23
1 ?03
2 ?14
3 ?25
4 ?36
5 OR-NOT47
6 OR-NOT50
7 OR-NOT61

Preferred
0 XOR-NOT23
1 ?03 ?30
2 ?14 ?41
3 ?25 ?52
4 ?36 ?63
5 OR-NOT47
6 OR-NOT50
7 OR-NOT61

Matching
0 XOR-NOT23
1 ?03 ?30 - Identity absent, NOT absent, Constant absent, AND absent, OR absent, XOR absent, AND-NOT absent, OR-NOT absent, XOR-NOT absent
2 ?14 ?41 - Identity I1, NOT absent, Constant absent, AND absent, OR absent, XOR absent, AND-NOT absent, OR-NOT14, XOR-NOT absent
3 ?25 ?52 - Identity absent, NOT absent, Constant absent, AND absent, OR absent, XOR absent, AND-NOT absent, OR-NOT absent, XOR-NOT absent
4 ?36 ?63 - Identity absent, NOT absent, Constant C1, AND absent, OR absent, XOR absent, AND-NOT absent, OR-NOT absent, XOR-NOT absent
5 OR-NOT47
6 OR-NOT50
7 OR-NOT61

Perfect match
Identity no
NOT no
Constant no
AND no
OR no
XOR no
AND-NOT no
OR-NOT no
XOR-NOT no

Matched
0 XOR-NOT23
1 none
2 I1 OR-NOT14
3 none
4 C1
5 OR-NOT47
6 OR-NOT50
7 OR-NOT61


Reselect (whole-word coverage)
0 XOR-NOT23
1 OR04
2 OR01
3 OR01
4 OR13
5 OR04
6 OR-NOT50
7 I6
Selected
0 XOR-NOT23
1 OR04
2 OR01
3 OR01
4 OR13
5 OR04
6 OR-NOT50
7 I6

Applying to 10100010
Input
0 1
1 0
2 1
3 0
4 0
5 0
6 1
7 0
Output
0 XOR-NOT23 = XOR(1,NOT(0)) = 0
1 OR04 = OR(1,0) = 1
2 OR01 = OR(1,0) = 1
3 OR01 = OR(1,0) = 1
4 OR13 = OR(0,0) = 0
5 OR04 = OR(1,0) = 1
6 OR-NOT50 = OR(0,NOT(1)) = 0
7 I6 = 1

I will now return the answer in \boxed{}
The answer in \boxed is
\boxed{01110101}
</think>
\boxed{01110101}