We need to deduce the transformation by matching the example outputs.

Output 1: 11000100
0 1
1 1
2 0
3 0
4 0
5 1
6 0
7 0

Output 2: 11000000
0 1
1 1
2 0
3 0
4 0
5 0
6 0
7 0

Output 3: 01010110
0 0
1 1
2 0
3 1
4 0
5 1
6 1
7 0

Output 4: 01000001
0 0
1 1
2 0
3 0
4 0
5 0
6 0
7 1

Output 5: 11010001
0 1
1 1
2 0
3 1
4 0
5 0
6 0
7 1

Output 6: 01001111
0 0
1 1
2 0
3 0
4 1
5 1
6 1
7 1

Output 7: 01010110
0 0
1 1
2 0
3 1
4 0
5 1
6 1
7 0

Output bit columns (with bitsum as hash)
0 1100100 3
1 1111111 a
2 0000000 a
3 0010101 3
4 0000010 1
5 1010011 4
6 0010011 3
7 0001110 3

Input 1: 00100111
0 0
1 0
2 1
3 0
4 0
5 1
6 1
7 1

Input 2: 00000111
0 0
1 0
2 0
3 0
4 0
5 1
6 1
7 1

Input 3: 10110001
0 1
1 0
2 1
3 1
4 0
5 0
6 0
7 1

Input 4: 00001101
0 0
1 0
2 0
3 0
4 1
5 1
6 0
7 1

Input 5: 10001011
0 1
1 0
2 0
3 0
4 1
5 0
6 1
7 1

Input 6: 01111001
0 0
1 1
2 1
3 1
4 1
5 0
6 0
7 1

Input 7: 10110101
0 1
1 0
2 1
3 1
4 0
5 1
6 0
7 1


Identity
0 0010101 3 match 3
1 0000010 1 match 4
2 1010011 4 match 5
3 0010011 3 match 6
4 0001110 3 match 7
5 1101001 4
6 1100100 3 match 0
7 1111111 a match 1

Matching output with Identity
0 6
1 7
2 absent
3 0
4 1
5 2
6 3
7 4

Left
6 7 0y
Best: I6 7: 2

Right
4 3 2 1 0 7y
Best: I4 3 2 1 0: 5

NOT
0 1101010 4
1 1111101 6
2 0101100 3
3 1101100 4
4 1110001 4
5 0010110 3
6 0011011 4
7 0000000 a match 2

Matching output with NOT
0 absent
1 absent
2 7
3 absent
4 absent
5 absent
6 absent
7 absent

Left
none
Best: none

Right
none
Best: none

Constant
0 0000000 a match 2
1 1111111 a match 1

Matching output with Constant
0 absent
1 C1
2 C0
3 absent
4 absent
5 absent
6 absent
7 absent

Left
none
Best: none

Right
none
Best: none

AND
01 10 0000000 a match 2
12 21 0000010 1 match 4
23 32 0010011 3 match 6
34 43 0000010 1 match 4
45 54 0001000 1
56 65 1100000 2
67 76 1100100 3 match 0
70 07 0010101 3 match 3

02 20 0010001 2
13 31 0000010 1 match 4
24 42 0000010 1 match 4
35 53 0000001 1
46 64 0000100 1
57 75 1101001 4
60 06 0000100 1
71 17 0000010 1 match 4

03 30 0010001 2
14 41 0000010 1 match 4
25 52 1000001 2
36 63 0000000 a match 2
47 74 0001110 3 match 7
50 05 0000001 1
61 16 0000000 a match 2
72 27 1010011 4 match 5

04 40 0000100 1
15 51 0000000 a match 2
26 62 1000000 1
37 73 0010011 3 match 6

Matching output with AND
0 67 76
1 absent
2 01 10 36 63 61 16 15 51
3 70 07
4 12 21 34 43 13 31 24 42 71 17 14 41
5 72 27
6 23 32 37 73
7 47 74

Left
67 70y
76 07y
Best: AND67: 1

Right
47 36y
74 63y
Best: AND47: 1

OR
01 10 0010111 4
12 21 1010011 4 match 5
23 32 1010011 4 match 5
34 43 0011111 5
45 54 1101111 6
56 65 1101101 5
67 76 1111111 a match 1
70 07 1111111 a match 1

02 20 1010111 5
13 31 0010011 3 match 6
24 42 1011111 6
35 53 1111011 6
46 64 1101110 5
57 75 1111111 a match 1
60 06 1110101 5
71 17 1111111 a match 1

03 30 0010111 4
14 41 0001110 3 match 7
25 52 1111011 6
36 63 1110111 6
47 74 1111111 a match 1
50 05 1111101 6
61 16 1100110 4
72 27 1111111 a match 1

04 40 0011111 5
15 51 1101011 5
26 62 1110111 6
37 73 1111111 a match 1

Matching output with OR
0 absent
1 67 76 70 07 57 75 71 17 47 74 72 27 37 73
2 absent
3 absent
4 absent
5 12 21 23 32
6 13 31
7 14 41

Left
none
Best: none

Right
14 03x
41 30x
Best: OR14: 1

XOR
01 10 0010111 4
12 21 1010001 3
23 32 1000000 1
34 43 0011101 4
45 54 1100111 5
56 65 0001101 3
67 76 0011011 4
70 07 1101010 4

02 20 1000110 3
13 31 0010001 2
24 42 1011101 5
35 53 1111010 5
46 64 1101010 4
57 75 0010110 3
60 06 1110001 4
71 17 1111101 6

03 30 0000110 2
14 41 0001100 2
25 52 0111010 4
36 63 1110111 6
47 74 1110001 4
50 05 1111100 5
61 16 1100110 4
72 27 0101100 3

04 40 0011011 4
15 51 1101011 5
26 62 0110111 5
37 73 1101100 4

Matching output with XOR
0 absent
1 absent
2 absent
3 absent
4 absent
5 absent
6 absent
7 absent

Left
none
Best: none

Right
none
Best: none

AND-NOT
01 0010101 3 match 3
12 0000000 a match 2
23 1000000 1
34 0010001 2
45 0000110 2
56 0001001 2
67 0000000 a match 2
70 1101010 4

02 0000100 1
13 0000000 a match 2
24 1010001 3
35 0010010 2
46 0001010 2
57 0000000 a match 2
60 1100000 2
71 1111101 6

03 0000100 1
14 0000000 a match 2
25 0010010 2
36 0010011 3 match 6
47 0000000 a match 2
50 1101000 3
61 1100100 3 match 0
72 0101100 3

04 0010001 2
15 0000010 1 match 4
26 0010011 3 match 6
37 0000000 a match 2
40 0001010 2
51 1101001 4
62 0100100 2
73 1101100 4

05 0010100 2
16 0000010 1 match 4
27 0000000 a match 2
30 0000010 1 match 4
41 0001100 2
52 0101000 2
63 1100100 3 match 0
74 1110001 4

06 0010001 2
17 0000000 a match 2
20 1000010 2
31 0010001 2
42 0001100 2
53 1101000 3
64 1100000 2
75 0010110 3

07 0000000 a match 2
10 0000010 1 match 4
21 1010001 3
32 0000000 a match 2
43 0001100 2
54 1100001 3
65 0000100 1
76 0011011 4

Matching output with AND-NOT
0 61 63
1 absent
2 12 67 13 57 14 47 37 27 17 07 32
3 01
4 15 16 30 10
5 absent
6 36 26
7 absent

Left
61 72x
63 74x
Best: AND-NOT61: 1

Right
none
Best: none

OR-NOT
01 1111101 6
12 0101110 4
23 1111111 a match 1
34 1110011 5
45 0011110 4
56 1111011 6
67 1100100 3 match 0
70 1111111 a match 1

02 0111101 5
13 1101110 5
24 1110011 5
35 0010111 4
46 0011111 5
57 1101001 4
60 1101110 5
71 1111111 a match 1

03 1111101 6
14 1110011 5
25 1010111 5
36 0011011 4
47 0001110 3 match 7
50 1101011 5
61 1111101 6
72 1111111 a match 1

04 1110101 5
15 0010110 3
26 1011011 5
37 0010011 3 match 6
40 1101110 5
51 1111101 6
62 1101100 4
73 1111111 a match 1

05 0010111 4
16 0011011 4
27 1010011 4 match 5
30 1111011 6
41 1111111 a match 1
52 1101101 5
63 1101100 4
74 1111111 a match 1

06 0011111 5
17 0000010 1 match 4
20 1111011 6
31 1111111 a match 1
42 0101110 4
53 1101101 5
64 1110101 5
75 1111111 a match 1

07 0010101 3 match 3
10 1101010 4
21 1111111 a match 1
32 0111111 6
43 1101110 5
54 1111001 5
65 1110110 5
76 1111111 a match 1

Matching output with OR-NOT
0 67
1 23 70 71 72 73 41 74 31 75 21 76
2 absent
3 07
4 17
5 27
6 37
7 47

Left
67 70 01x
Best: OR-NOT67 70: 2

Right
47 36x
Best: OR-NOT47: 1

XOR-NOT
01 1101000 3
12 0101110 4
23 0111111 6
34 1100010 3
45 0011000 2
56 1110010 4
67 1100100 3 match 0
70 0010101 3 match 3

02 0111001 4
13 1101110 5
24 0100010 2
35 0000101 2
46 0010101 3 match 3
57 1101001 4
60 0001110 3 match 7
71 0000010 1 match 4

03 1111001 5
14 1110011 5
25 1000101 3
36 0001000 1
47 0001110 3 match 7
50 0000011 2
61 0011001 3
72 1010011 4 match 5

04 1100100 3 match 0
15 0010100 2
26 1001000 2
37 0010011 3 match 6
40 1100100 3 match 0
51 0010100 2
62 1001000 2
73 0010011 3 match 6

05 0000011 2
16 0011001 3
27 1010011 4 match 5
30 1111001 5
41 1110011 5
52 1000101 3
63 0001000 1
74 0001110 3 match 7

06 0001110 3 match 7
17 0000010 1 match 4
20 0111001 4
31 1101110 5
42 0100010 2
53 0000101 2
64 0010101 3 match 3
75 1101001 4

07 0010101 3 match 3
10 1101000 3
21 0101110 4
32 0111111 6
43 1100010 3
54 0011000 2
65 1110010 4
76 1100100 3 match 0

Matching output with XOR-NOT
0 67 04 40 76
1 absent
2 absent
3 70 46 64 07
4 71 17
5 72 27
6 37 73
7 60 47 74 06

Left
67 70y
04 15x
40 51x
76 07y
Best: XOR-NOT67: 1

Right
60 57x
47 36x
74 63x
06 75x
Best: XOR-NOT60: 1

Selecting

Lefts
Identity I6 7: 2
NOT none
Constant none
AND AND67: 1
OR none
XOR none
AND-NOT AND-NOT61: 1
OR-NOT OR-NOT67 70: 2
XOR-NOT XOR-NOT67: 1

Rights
Identity I4 3 2 1 0: 5
NOT none
Constant none
AND AND47: 1
OR OR14: 1
XOR none
AND-NOT none
OR-NOT OR-NOT47: 1
XOR-NOT XOR-NOT60: 1

Left longest: 2
Right longest: 5

Right winner: Identity yes, NOT no, Constant no, AND no, OR no, XOR no, AND-NOT no, OR-NOT no, XOR-NOT no
Left winner: Identity yes, NOT no, Constant no, AND no, OR no, XOR no, AND-NOT no, OR-NOT no, XOR-NOT no

Best right: I4 3 2 1 0: 5
Best left: I6 7: 2

Truncated right: I4 3 2 1 0: 5
Truncated left: I6 7: 2

Tentative from right
7 I4
6 I3
5 I2
4 I1
3 I0
2 pending
1 pending
0 pending

Tentative
0 I6
1 I7
2 pending
3 I0
4 I1
5 I2
6 I3
7 I4

Preferred from right
7 I4
6 I3
5 I2
4 I1
3 I0
2 ??7
1 I7
0 I6

Preferred from left
0 I6
1 I7
2 ?07
3 I0
4 I1
5 I2
6 I3
7 I4

Preferred
0 I6
1 I7
2 ?07 ?70
3 I0
4 I1
5 I2
6 I3
7 I4

Matching
0 I6
1 I7
2 ?07 ?70 - Identity absent, NOT NOT7, Constant C0, AND absent, OR absent, XOR absent, AND-NOT07, OR-NOT absent, XOR-NOT absent
3 I0
4 I1
5 I2
6 I3
7 I4

Perfect match
Identity no
NOT yes
Constant no
AND no
OR no
XOR no
AND-NOT no
OR-NOT no
XOR-NOT no

Matched
0 I6
1 I7
2 NOT7
3 I0
4 I1
5 I2
6 I3
7 I4


Reselect (whole-word coverage)
0 I6
1 I7
2 C0
3 I0
4 I1
5 I2
6 I3
7 I4
Selected
0 I6
1 I7
2 C0
3 I0
4 I1
5 I2
6 I3
7 I4

Applying to 01101010
Input
0 0
1 1
2 1
3 0
4 1
5 0
6 1
7 0
Output
0 I6 = 1
1 I7 = 0
2 C0 = 0
3 I0 = 0
4 I1 = 1
5 I2 = 1
6 I3 = 0
7 I4 = 1

I will now return the answer in \boxed{}
The answer in \boxed is
\boxed{10001101}
</think>
\boxed{10001101}