We need to deduce the transformation by matching the example outputs.
I will put my final answer inside \boxed{}.

Output 0: 00100110
0 0
1 0
2 1
3 0
4 0
5 1
6 1
7 0

Output 1: 01000100
0 0
1 1
2 0
3 0
4 0
5 1
6 0
7 0

Output 2: 00010001
0 0
1 0
2 0
3 1
4 0
5 0
6 0
7 1

Output 3: 00001010
0 0
1 0
2 0
3 0
4 1
5 0
6 1
7 0

Output 4: 01001100
0 0
1 1
2 0
3 0
4 1
5 1
6 0
7 0

Output 5: 10011100
0 1
1 0
2 0
3 1
4 1
5 1
6 0
7 0

Output 6: 00110111
0 0
1 0
2 1
3 1
4 0
5 1
6 1
7 1

Output 7: 01011010
0 0
1 1
2 0
3 1
4 1
5 0
6 1
7 0

Output 8: 00101100
0 0
1 0
2 1
3 0
4 1
5 1
6 0
7 0

Output bit columns (with bitsum as hash)
0 000001000 1
1 010010010 3
2 100000101 3
3 001001110 4
4 000111011 5
5 110011101 6
6 100100110 4
7 001000100 2

Input 0: 10001110
0 1
1 0
2 0
3 0
4 1
5 1
6 1
7 0

Input 1: 10011001
0 1
1 0
2 0
3 1
4 1
5 0
6 0
7 1

Input 2: 01100100
0 0
1 1
2 1
3 0
4 0
5 1
6 0
7 0

Input 3: 10000010
0 1
1 0
2 0
3 0
4 0
5 0
6 1
7 0

Input 4: 00011011
0 0
1 0
2 0
3 1
4 1
5 0
6 1
7 1

Input 5: 00111010
0 0
1 0
2 1
3 1
4 1
5 0
6 1
7 0

Input 6: 01101111
0 0
1 1
2 1
3 0
4 1
5 1
6 1
7 1

Input 7: 10010110
0 1
1 0
2 0
3 1
4 0
5 1
6 1
7 0

Input 8: 00001010
0 0
1 0
2 0
3 0
4 1
5 0
6 1
7 0

When matching output
x: not in operator
y: wrong position

Identity
0 110100010 4
1 001000100 2 match 7
2 001001100 3
3 010011010 4
4 110011101 6 match 5
5 101000110 4
6 100111111 7
7 010010100 3

Matching output
0 absent
1 absent
2 absent
3 absent
4 absent
5 4
6 absent
7 1

Left
none
Best: none

Right
1 0x
Best: I1: 1

NOT
0 001011101 5
1 110111011 7
2 110110011 6
3 101100101 5
4 001100010 3
5 010111001 5
6 011000000 2
7 101101011 6

Matching output
0 absent
1 absent
2 absent
3 absent
4 absent
5 absent
6 absent
7 absent

Left
none
Best: none

Right
none
Best: none

Constant
0 000000000 a
1 111111111 a

Matching output
0 absent
1 absent
2 absent
3 absent
4 absent
5 absent
6 absent
7 absent

Left
none
Best: none

Right
none
Best: none

AND
01 10 000000000 a
12 21 001000100 2 match 7
23 32 000001000 1 match 0
34 43 010011000 3
45 54 100000100 2
56 65 100000110 3
67 76 000010100 2
70 07 010000000 1

02 20 000000000 a
13 31 000000000 a
24 42 000001100 2
35 53 000000010 1
46 64 100011101 5
57 75 000000100 1
60 06 100100010 3
71 17 000000100 1

03 30 010000010 2
14 41 000000100 1
25 52 001000100 2 match 7
36 63 000011010 3
47 74 010010100 3
50 05 100000010 2
61 16 000000100 1
72 27 000000100 1

04 40 110000000 2
15 51 001000100 2 match 7
26 62 000001100 2
37 73 010010000 2

Matching output
0 23 32
1 absent
2 absent
3 absent
4 absent
5 absent
6 absent
7 12 21 25 52 15 51

Left
23 34x
32 43x
Best: AND23: 1

Right
12 01x
21 10x
25 14x
52 41x
15 04x
51 40x
Best: AND12: 1

OR
01 10 111100110 6
12 21 001001100 3
23 32 011011110 6
34 43 110011111 7
45 54 111011111 8
56 65 101111111 8
67 76 110111111 8
70 07 110110110 6

02 20 111101110 7
13 31 011011110 6
24 42 111011101 7
35 53 111011110 7
46 64 110111111 8
57 75 111010110 6
60 06 110111111 8
71 17 011010100 4

03 30 110111010 6
14 41 111011101 7
25 52 101001110 5
36 63 110111111 8
47 74 110011101 6 match 5
50 05 111100110 6
61 16 101111111 8
72 27 011011100 5

04 40 110111111 8
15 51 101000110 4
26 62 101111111 8
37 73 010011110 5

Matching output
0 absent
1 absent
2 absent
3 absent
4 absent
5 47 74
6 absent
7 absent

Left
none
Best: none

Right
none
Best: none

XOR
01 10 111100110 6
12 21 000001000 1 match 0
23 32 011010110 5
34 43 100000111 4
45 54 011011011 6
56 65 001111001 5
67 76 110101011 6
70 07 100110110 5

02 20 111101110 7
13 31 011011110 6
24 42 111010001 5
35 53 111011100 6
46 64 010100010 3
57 75 111010010 5
60 06 010011101 5
71 17 011010000 3

03 30 100111000 4
14 41 111011001 6
25 52 100001010 3
36 63 110100101 5
47 74 100001001 3
50 05 011100100 4
61 16 101111011 7
72 27 011011000 4

04 40 000111111 6
15 51 100000010 2
26 62 101110011 6
37 73 000001110 3

Matching output
0 12 21
1 absent
2 absent
3 absent
4 absent
5 absent
6 absent
7 absent

Left
12 23x
21 32x
Best: XOR12: 1

Right
none
Best: none

AND-NOT
01 110100010 4
12 000000000 a
23 001000100 2 match 7
34 000000010 1
45 010011001 4
56 001000000 1
67 100101011 5
70 000010100 2

02 110100010 4
13 001000100 2 match 7
24 001000000 1
35 010011000 3
46 010000000 1
57 101000010 3
60 000011101 4
71 010010000 2

03 100100000 2
14 001000000 1
25 000001000 1 match 0
36 010000000 1
47 100001001 3
50 001000100 2 match 7
61 100111011 6
72 010010000 2

04 000100010 2
15 000000000 a
26 001000000 1
37 000001010 2
40 000011101 4
51 100000010 2
62 100110011 5
73 000000100 1

05 010100000 2
16 001000000 1
27 001001000 2
30 000011000 2
41 110011001 5
52 100000010 2
63 100100101 4
74 000000000 a

06 010000000 1
17 001000000 1
20 001001100 3
31 010011010 4
42 110010001 4
53 101000100 3
64 000100010 2
75 010010000 2

07 100100010 3
10 001000100 2 match 7
21 000001000 1 match 0
32 010010010 3 match 1
43 100000101 3 match 2
54 001000010 2
65 000111001 4
76 010000000 1

Matching output
0 25 21
1 32
2 43
3 absent
4 absent
5 absent
6 absent
7 23 13 50 10

Left
25 36x
21 32 43 54x
Best: AND-NOT21 32 43: 3

Right
23 12x
13 02x
50 47x
10 07x
Best: AND-NOT23: 1

OR-NOT
01 110111011 7
12 111110111 8
23 101101101 6
34 011111010 6
45 110111101 7
56 111000110 5
67 101111111 8
70 011011101 6

02 110110011 6
13 101100101 5
24 001101110 5
35 010111011 6
46 111011101 7
57 101101111 7
60 101111111 8
71 110111111 8

03 111100111 7
14 001100110 4
25 011111101 7
36 011011010 5
47 111111111 a
50 101011111 7
61 110111111 8
72 110110111 7

04 111100010 5
15 011111101 7
26 011001100 4
37 111111011 8
40 111011101 7
51 111111111 a
62 110111111 8
73 111110101 7

05 110111011 7
16 011000100 3
27 101101111 7
30 011011111 7
41 110111111 8
52 111110111 8
63 101111111 8
74 011110110 6

06 111100010 5
17 101101111 7
20 001011101 5
31 110111011 7
42 110111111 8
53 101100111 6
64 101111111 8
75 010111101 6

07 111101011 7
10 001011101 5
21 111111111 a
32 110111011 7
43 111111101 8
54 101100110 5
65 110111111 8
76 011010100 4

Matching output
0 absent
1 absent
2 absent
3 absent
4 absent
5 absent
6 absent
7 absent

Left
none
Best: none

Right
none
Best: none

XOR-NOT
01 000011001 3
12 111110111 8
23 100101001 4
34 011111000 5
45 100100100 3
56 110000110 4
67 001010100 3
70 011001001 4

02 000010001 2
13 100100001 3
24 000101110 4
35 000100011 3
46 101011101 6
57 000101101 4
60 101100010 4
71 100101111 6

03 011000111 5
14 000100110 3
25 011110101 6
36 001011010 4
47 011110110 6
50 100011011 5
61 010000100 2
72 100100111 5

04 111000000 3
15 011111101 7
26 010001100 3
37 111110001 6
40 111000000 3
51 011111101 7
62 010001100 3
73 111110001 6

05 100011011 5
16 010000100 2
27 100100111 5
30 011000111 5
41 000100110 3
52 011110101 6
63 001011010 4
74 011110110 6

06 101100010 4
17 100101111 6
20 000010001 2
31 100100001 3
42 000101110 4
53 000100011 3
64 101011101 6
75 000101101 4

07 011001001 4
10 000011001 3
21 111110111 8
32 100101001 4
43 011111000 5
54 100100100 3
65 110000110 4
76 001010100 3

Matching output
0 absent
1 absent
2 absent
3 absent
4 absent
5 absent
6 absent
7 absent

Left
none
Best: none

Right
none
Best: none

Selecting

Lefts
Identity none
NOT none
Constant none
AND AND23: 1
OR none
XOR XOR12: 1
AND-NOT AND-NOT21 32 43: 3
OR-NOT none
XOR-NOT none

Rights
Identity I1: 1
NOT none
Constant none
AND AND12: 1
OR none
XOR none
AND-NOT AND-NOT23: 1
OR-NOT none
XOR-NOT none

Left longest: 3
Right longest: 1

Left winner: Identity no, NOT no, Constant no, AND no, OR no, XOR no, AND-NOT yes, OR-NOT no, XOR-NOT no
Right winner: Identity yes, NOT no, Constant no, AND no, OR no, XOR no, AND-NOT no, OR-NOT no, XOR-NOT no

Best left: AND-NOT21 32 43: 3
Best right: I1: 1

Truncated left: AND-NOT21 32 43: 3
Truncated right: I1: 1

Tentative from right
7 I1
6 pending
5 pending
4 pending
3 pending
2 pending
1 pending
0 pending

Tentative
0 AND-NOT21
1 AND-NOT32
2 AND-NOT43
3 pending
4 pending
5 pending
6 pending
7 I1

Preferred from left
0 AND-NOT21
1 AND-NOT32
2 AND-NOT43
3 ?54
4 ?65
5 ?76
6 ?07
7 I1

Preferred from right
7 I1
6 ?07
5 ?76
4 ?65
3 ?54
2 AND-NOT43
1 AND-NOT32
0 AND-NOT21

Preferred
0 AND-NOT21
1 AND-NOT32
2 AND-NOT43
3 ?54 ?45
4 ?65 ?56
5 ?76 ?67
6 ?07 ?70
7 I1

Matching
0 AND-NOT21
1 AND-NOT32
2 AND-NOT43
3 ?54 ?45 - Identity absent, NOT absent, Constant absent, AND absent, OR absent, XOR absent, AND-NOT absent, OR-NOT absent, XOR-NOT absent
4 ?65 ?56 - Identity absent, NOT absent, Constant absent, AND absent, OR absent, XOR absent, AND-NOT absent, OR-NOT absent, XOR-NOT absent
5 ?76 ?67 - Identity absent, NOT absent, Constant absent, AND absent, OR absent, XOR absent, AND-NOT absent, OR-NOT absent, XOR-NOT absent
6 ?07 ?70 - Identity absent, NOT absent, Constant absent, AND absent, OR absent, XOR absent, AND-NOT absent, OR-NOT absent, XOR-NOT absent
7 I1

Perfect match
Identity no
NOT no
Constant no
AND no
OR no
XOR no
AND-NOT no
OR-NOT no
XOR-NOT no

Matched
0 AND-NOT21
1 AND-NOT32
2 AND-NOT43
3 none
4 none
5 none
6 none
7 I1

Selected
0 AND-NOT21
1 AND-NOT32
2 AND-NOT43
3 default 1
4 default 1
5 default 1
6 default 1
7 I1

Applying to 11100000
Input
0 1
1 1
2 1
3 0
4 0
5 0
6 0
7 0
Output
0 AND-NOT21 = AND(1,NOT(1)) = 0
1 AND-NOT32 = AND(0,NOT(1)) = 0
2 AND-NOT43 = AND(0,NOT(0)) = 0
3 default 1 = 1
4 default 1 = 1
5 default 1 = 1
6 default 1 = 1
7 I1 = 1

I will now return the answer in \boxed{}
The answer in \boxed is
\boxed{00011111}