We need to deduce the transformation by matching the example outputs.
I will put my final answer inside \boxed{}.

Output 0: 01111101
0 0
1 1
2 1
3 1
4 1
5 1
6 0
7 1

Output 1: 11111110
0 1
1 1
2 1
3 1
4 1
5 1
6 1
7 0

Output 2: 00000111
0 0
1 0
2 0
3 0
4 0
5 1
6 1
7 1

Output 3: 01001111
0 0
1 1
2 0
3 0
4 1
5 1
6 1
7 1

Output 4: 11110101
0 1
1 1
2 1
3 1
4 0
5 1
6 0
7 1

Output 5: 10101111
0 1
1 0
2 1
3 0
4 1
5 1
6 1
7 1

Output 6: 11111010
0 1
1 1
2 1
3 1
4 1
5 0
6 1
7 0

Output 7: 10111011
0 1
1 0
2 1
3 1
4 1
5 0
6 1
7 1

Output bit columns (with bitsum as hash)
0 01001111 5
1 11011010 5
2 11001111 6
3 11001011 5
4 11010111 6
5 11111100 6
6 01110111 6
7 10111101 6

Input 0: 11101001
0 1
1 1
2 1
3 0
4 1
5 0
6 0
7 1

Input 1: 11010100
0 1
1 1
2 0
3 1
4 0
5 1
6 0
7 0

Input 2: 00110011
0 0
1 0
2 1
3 1
4 0
5 0
6 1
7 1

Input 3: 00111000
0 0
1 0
2 1
3 1
4 1
5 0
6 0
7 0

Input 4: 00101011
0 0
1 0
2 1
3 0
4 1
5 0
6 1
7 1

Input 5: 00100010
0 0
1 0
2 1
3 0
4 0
5 0
6 1
7 0

Input 6: 10000010
0 1
1 0
2 0
3 0
4 0
5 0
6 1
7 0

Input 7: 00001010
0 0
1 0
2 0
3 0
4 1
5 0
6 1
7 0

When matching output
x: not in operator
y: wrong position

Identity
0 11000010 3
1 11000000 2
2 10111100 5
3 01110000 3
4 10011001 4
5 01000000 1
6 00101111 5
7 10101000 3

Matching output
0 absent
1 absent
2 absent
3 absent
4 absent
5 absent
6 absent
7 absent

Left
none
Best: none

Right
none
Best: none

NOT
0 00111101 5
1 00111111 6
2 01000011 3
3 10001111 5
4 01100110 4
5 10111111 7
6 11010000 3
7 01010111 5

Matching output
0 absent
1 absent
2 absent
3 absent
4 absent
5 absent
6 absent
7 absent

Left
none
Best: none

Right
none
Best: none

Constant
0 00000000 a
1 11111111 a

Matching output
0 absent
1 absent
2 absent
3 absent
4 absent
5 absent
6 absent
7 absent

Left
none
Best: none

Right
none
Best: none

AND
01 10 11000000 2
12 21 10000000 1
23 32 00110000 2
34 43 00010000 1
45 54 00000000 a
56 65 00000000 a
67 76 00101000 2
70 07 10000000 1

02 20 10000000 1
13 31 01000000 1
24 42 10011000 3
35 53 01000000 1
46 64 00001001 2
57 75 00000000 a
60 06 00000010 1
71 17 10000000 1

03 30 01000000 1
14 41 10000000 1
25 52 00000000 a
36 63 00100000 1
47 74 10001000 2
50 05 01000000 1
61 16 00000000 a
72 27 10101000 3

04 40 10000000 1
15 51 01000000 1
26 62 00101100 3
37 73 00100000 1

Matching output
0 absent
1 absent
2 absent
3 absent
4 absent
5 absent
6 absent
7 absent

Left
none
Best: none

Right
none
Best: none

OR
01 10 11000010 3
12 21 11111100 6 match 5
23 32 11111100 6 match 5
34 43 11111001 6
45 54 11011001 5
56 65 01101111 6
67 76 10101111 6
70 07 11101010 5

02 20 11111110 7
13 31 11110000 4
24 42 10111101 6 match 7
35 53 01110000 3
46 64 10111111 7
57 75 11101000 4
60 06 11101111 7
71 17 11101000 4

03 30 11110010 5
14 41 11011001 5
25 52 11111100 6 match 5
36 63 01111111 7
47 74 10111001 5
50 05 11000010 3
61 16 11101111 7
72 27 10111100 5

04 40 11011011 6
15 51 11000000 2
26 62 10111111 7
37 73 11111000 5

Matching output
0 absent
1 absent
2 absent
3 absent
4 absent
5 12 21 23 32 25 52
6 absent
7 24 42

Left
none
Best: none

Right
24 13x
42 31x
Best: OR24: 1

XOR
01 10 00000010 1
12 21 01111100 5
23 32 11001100 4
34 43 11101001 5
45 54 11011001 5
56 65 01101111 6
67 76 10000111 4
70 07 01101010 4

02 20 01111110 6
13 31 10110000 3
24 42 00100101 3
35 53 00110000 2
46 64 10110110 5
57 75 11101000 4
60 06 11101101 6
71 17 01101000 3

03 30 10110010 4
14 41 01011001 4
25 52 11111100 6 match 5
36 63 01011111 6
47 74 00110001 3
50 05 10000010 2
61 16 11101111 7
72 27 00010100 2

04 40 01011011 5
15 51 10000000 1
26 62 10010011 4
37 73 11011000 4

Matching output
0 absent
1 absent
2 absent
3 absent
4 absent
5 25 52
6 absent
7 absent

Left
none
Best: none

Right
none
Best: none

AND-NOT
01 00000010 1
12 01000000 1
23 10001100 3
34 01100000 2
45 10011001 4
56 01000000 1
67 00000111 3
70 00101000 2

02 01000010 2
13 10000000 1
24 00100100 2
35 00110000 2
46 10010000 2
57 01000000 1
60 00101101 4
71 00101000 2

03 10000010 2
14 01000000 1
25 10111100 5
36 01010000 2
47 00010001 2
50 00000000 a
61 00101111 5
72 00000000 a

04 01000010 2
15 10000000 1
26 10010000 2
37 01010000 2
40 00011001 3
51 00000000 a
62 00000011 2
73 10001000 2

05 10000010 2
16 11000000 2
27 00010100 2
30 00110000 2
41 00011001 3
52 01000000 1
63 00001111 4
74 00100000 1

06 11000000 2
17 01000000 1
20 00111100 4
31 00110000 2
42 00000001 1
53 00000000 a
64 00100110 3
75 10101000 3

07 01000010 2
10 00000000 a
21 00111100 4
32 01000000 1
43 10001001 3
54 01000000 1
65 00101111 5
76 10000000 1

Matching output
0 absent
1 absent
2 absent
3 absent
4 absent
5 absent
6 absent
7 absent

Left
none
Best: none

Right
none
Best: none

OR-NOT
01 11111111 a
12 11000011 4
23 10111111 7
34 01110110 5
45 10111111 7
56 11010000 3
67 01111111 7
70 10111101 6 match 7

02 11000011 4
13 11001111 6 match 2
24 11111110 7
35 11111111 a
46 11011001 5
57 01010111 5
60 00111111 6
71 10111111 7

03 11001111 6 match 2
14 11100110 5
25 10111111 7
36 11110000 4
47 11011111 7
50 01111101 6
61 00111111 6
72 11101011 6

04 11100110 5
15 11111111 a
26 11111100 6 match 5
37 01110111 6 match 6
40 10111101 6 match 7
51 01111111 7
62 01101111 6
73 10101111 6

05 11111111 a
16 11010000 3
27 11111111 a
30 01111101 6
41 10111111 7
52 01000011 3
63 10101111 6
74 11101110 6

06 11010010 4
17 11010111 6 match 4
20 10111101 6 match 7
31 01111111 7
42 11011011 6
53 11001111 6 match 2
64 01101111 6
75 10111111 7

07 11010111 6 match 4
10 11111101 7
21 10111111 7
32 01110011 5
43 10011111 6
54 01100110 4
65 10111111 7
76 11111000 5

Matching output
0 absent
1 absent
2 13 03 53
3 absent
4 17 07
5 26
6 37
7 70 40 20

Left
none
Best: none

Right
70 67x
40 37 26 15x
20 17y
Best: OR-NOT40 37 26: 3

XOR-NOT
01 11111101 7
12 10000011 3
23 00110011 4
34 00010110 3
45 00100110 3
56 10010000 2
67 01111000 4
70 10010101 4

02 10000001 2
13 01001111 5 match 0
24 11011010 5 match 1
35 11001111 6 match 2
46 01001001 3
57 00010111 4
60 00010010 2
71 10010111 5

03 01001101 4
14 10100110 4
25 00000011 2
36 10100000 2
47 11001110 5
50 01111101 6
61 00010000 1
72 11101011 6

04 10100100 3
15 01111111 7
26 01101100 4
37 00100111 4
40 10100100 3
51 01111111 7
62 01101100 4
73 00100111 4

05 01111101 6
16 00010000 1
27 11101011 6
30 01001101 4
41 10100110 4
52 00000011 2
63 10100000 2
74 11001110 5

06 00010010 2
17 10010111 5
20 10000001 2
31 01001111 5 match 0
42 11011010 5 match 1
53 11001111 6 match 2
64 01001001 3
75 00010111 4

07 10010101 4
10 11111101 7
21 10000011 3
32 00110011 4
43 00010110 3
54 00100110 3
65 10010000 2
76 01111000 4

Matching output
0 13 31
1 24 42
2 35 53
3 absent
4 absent
5 absent
6 absent
7 absent

Left
13 24 35 46x
31 42 53 64x
Best: XOR-NOT13 24 35: 3

Right
none
Best: none

Selecting

Lefts
Identity none
NOT none
Constant none
AND none
OR none
XOR none
AND-NOT none
OR-NOT none
XOR-NOT XOR-NOT13 24 35: 3

Rights
Identity none
NOT none
Constant none
AND none
OR OR24: 1
XOR none
AND-NOT none
OR-NOT OR-NOT40 37 26: 3
XOR-NOT none

Left longest: 3
Right longest: 3

Left winner: Identity no, NOT no, Constant no, AND no, OR no, XOR no, AND-NOT no, OR-NOT no, XOR-NOT yes
Right winner: Identity no, NOT no, Constant no, AND no, OR no, XOR no, AND-NOT no, OR-NOT yes, XOR-NOT no

Best left: XOR-NOT13 24 35: 3
Best right: OR-NOT40 37 26: 3

Truncated left: XOR-NOT13 24 35: 3
Truncated right: OR-NOT40 37 26: 3

Tentative from right
7 OR-NOT40
6 OR-NOT37
5 OR-NOT26
4 pending
3 pending
2 pending
1 pending
0 pending

Tentative
0 XOR-NOT13
1 XOR-NOT24
2 XOR-NOT35
3 pending
4 pending
5 OR-NOT26
6 OR-NOT37
7 OR-NOT40

Preferred from left
0 XOR-NOT13
1 XOR-NOT24
2 XOR-NOT35
3 ?46
4 ?57
5 OR-NOT26
6 OR-NOT37
7 OR-NOT40

Preferred from right
7 OR-NOT40
6 OR-NOT37
5 OR-NOT26
4 ?57
3 ?46
2 XOR-NOT35
1 XOR-NOT24
0 XOR-NOT13

Preferred
0 XOR-NOT13
1 XOR-NOT24
2 XOR-NOT35
3 ?46 ?64
4 ?57 ?75
5 OR-NOT26
6 OR-NOT37
7 OR-NOT40

Matching
0 XOR-NOT13
1 XOR-NOT24
2 XOR-NOT35
3 ?46 ?64 - Identity absent, NOT absent, Constant absent, AND absent, OR absent, XOR absent, AND-NOT absent, OR-NOT absent, XOR-NOT absent
4 ?57 ?75 - Identity absent, NOT absent, Constant absent, AND absent, OR absent, XOR absent, AND-NOT absent, OR-NOT absent, XOR-NOT absent
5 OR-NOT26
6 OR-NOT37
7 OR-NOT40

Perfect match
Identity no
NOT no
Constant no
AND no
OR no
XOR no
AND-NOT no
OR-NOT no
XOR-NOT no

Matched
0 XOR-NOT13
1 XOR-NOT24
2 XOR-NOT35
3 none
4 none
5 OR-NOT26
6 OR-NOT37
7 OR-NOT40

Selected
0 XOR-NOT13
1 XOR-NOT24
2 XOR-NOT35
3 default 1
4 default 1
5 OR-NOT26
6 OR-NOT37
7 OR-NOT40

Applying to 01010101
Input
0 0
1 1
2 0
3 1
4 0
5 1
6 0
7 1
Output
0 XOR-NOT13 = XOR(1,NOT(1)) = 1
1 XOR-NOT24 = XOR(0,NOT(0)) = 1
2 XOR-NOT35 = XOR(1,NOT(1)) = 1
3 default 1 = 1
4 default 1 = 1
5 OR-NOT26 = OR(0,NOT(0)) = 1
6 OR-NOT37 = OR(1,NOT(1)) = 1
7 OR-NOT40 = OR(0,NOT(0)) = 1

I will now return the answer in \boxed{}
The answer in \boxed is
\boxed{11111111}