We need to deduce the transformation by matching the example outputs.
I will put my final answer inside \boxed{}.

Output 0: 01100010
0 0
1 1
2 1
3 0
4 0
5 0
6 1
7 0

Output 1: 10010100
0 1
1 0
2 0
3 1
4 0
5 1
6 0
7 0

Output 2: 00110001
0 0
1 0
2 1
3 1
4 0
5 0
6 0
7 1

Output 3: 11010111
0 1
1 1
2 0
3 1
4 0
5 1
6 1
7 1

Output 4: 10001100
0 1
1 0
2 0
3 0
4 1
5 1
6 0
7 0

Output 5: 10011100
0 1
1 0
2 0
3 1
4 1
5 1
6 0
7 0

Output 6: 00100001
0 0
1 0
2 1
3 0
4 0
5 0
6 0
7 1

Output 7: 00000000
0 0
1 0
2 0
3 0
4 0
5 0
6 0
7 0

Output 8: 11011111
0 1
1 1
2 0
3 1
4 1
5 1
6 1
7 1

Output bit columns (with bitsum as hash)
0 010111001 5
1 100100001 3
2 101000100 3
3 011101001 5
4 000011001 3
5 010111001 5
6 100100001 3
7 001100101 4

Input 0: 10101001
0 1
1 0
2 1
3 0
4 1
5 0
6 0
7 1

Input 1: 00110011
0 0
1 0
2 1
3 1
4 0
5 0
6 1
7 1

Input 2: 00100111
0 0
1 0
2 1
3 0
4 0
5 1
6 1
7 1

Input 3: 11011100
0 1
1 1
2 0
3 1
4 1
5 1
6 0
7 0

Input 4: 01110010
0 0
1 1
2 1
3 1
4 0
5 0
6 1
7 0

Input 5: 01010001
0 0
1 1
2 0
3 1
4 0
5 0
6 0
7 1

Input 6: 00100101
0 0
1 0
2 1
3 0
4 0
5 1
6 0
7 1

Input 7: 00100001
0 0
1 0
2 1
3 0
4 0
5 0
6 0
7 1

Input 8: 10011111
0 1
1 0
2 0
3 1
4 1
5 1
6 1
7 1

When matching output
x: not in operator
y: wrong position

Identity
0 100100001 3 match 1 6
1 000111000 3
2 111010110 6
3 010111001 5 match 0 5
4 100100001 3 match 1 6
5 001100101 4 match 7
6 011010001 4
7 111001111 7

Matching output
0 3
1 0 4
2 absent
3 absent
4 absent
5 3
6 0 4
7 5

Left
3 4 5y
Best: I3 4: 2

Right
5 4 3 2x
Best: I5 4 3: 3

NOT
0 011011110 6
1 111000111 6
2 000101001 3
3 101000110 4
4 011011110 6
5 110011010 5
6 100101110 5
7 000110000 2

Matching output
0 absent
1 absent
2 absent
3 absent
4 absent
5 absent
6 absent
7 absent

Left
none
Best: none

Right
none
Best: none

Constant
0 000000000 a
1 111111111 a

Matching output
0 absent
1 absent
2 absent
3 absent
4 absent
5 absent
6 absent
7 absent

Left
none
Best: none

Right
none
Best: none

AND
01 10 000100000 1
12 21 000010000 1
23 32 010010000 2
34 43 000100001 2
45 54 000100001 2
56 65 001000001 2
67 76 011000001 3
70 07 100000001 2

02 20 100000000 1
13 31 000111000 3
24 42 100000000 1
35 53 000100001 2
46 64 000000001 1
57 75 001000101 3
60 06 000000001 1
71 17 000001000 1

03 30 000100001 2
14 41 000100000 1
25 52 001000100 2
36 63 010010001 3
47 74 100000001 2
50 05 000100001 2
61 16 000010000 1
72 27 111000110 5

04 40 100100001 3 match 1 6
15 51 000100000 1
26 62 011010000 3
37 73 010001001 3

Matching output
0 absent
1 04 40
2 absent
3 absent
4 absent
5 absent
6 04 40
7 absent

Left
none
Best: none

Right
none
Best: none

OR
01 10 100111001 5
12 21 111111110 8
23 32 111111111 a
34 43 110111001 6
45 54 101100101 5
56 65 011110101 6
67 76 111011111 8
70 07 111101111 8

02 20 111110111 8
13 31 010111001 5 match 0 5
24 42 111110111 8
35 53 011111101 7
46 64 111110001 6
57 75 111101111 8
60 06 111110001 6
71 17 111111111 a

03 30 110111001 6
14 41 100111001 5
25 52 111110111 8
36 63 011111001 6
47 74 111101111 8
50 05 101100101 5
61 16 011111001 6
72 27 111011111 8

04 40 100100001 3 match 1 6
15 51 001111101 6
26 62 111010111 7
37 73 111111111 a

Matching output
0 13 31
1 04 40
2 absent
3 absent
4 absent
5 13 31
6 04 40
7 absent

Left
13 24x
31 42x
Best: OR13: 1

Right
none
Best: none

XOR
01 10 100011001 4
12 21 111101110 7
23 32 101101111 7
34 43 110011000 4
45 54 101000100 3 match 2
56 65 010110100 4
67 76 100011110 5
70 07 011101110 6

02 20 011110111 7
13 31 010000001 2
24 42 011110111 7
35 53 011011100 5
46 64 111110000 5
57 75 110101010 5
60 06 111110000 5
71 17 111110111 8

03 30 110011000 4
14 41 100011001 4
25 52 110110011 6
36 63 001101000 3
47 74 011101110 6
50 05 101000100 3 match 2
61 16 011101001 5 match 3
72 27 000011001 3 match 4

04 40 000000000 a
15 51 001011101 5
26 62 100000111 4
37 73 101110110 6

Matching output
0 absent
1 absent
2 45 54 50 05
3 61 16
4 72 27
5 absent
6 absent
7 absent

Left
none
Best: none

Right
none
Best: none

AND-NOT
01 100000001 2
12 000101000 2
23 101000110 4
34 010011000 3
45 100000000 1
56 000100100 2
67 000010000 1
70 011001110 5

02 000100001 2
13 000000000 a
24 011010110 5
35 010011000 3
46 100100000 2
57 000100000 1
60 011010000 3
71 111000111 6

03 100000000 1
14 000011000 2
25 110010010 4
36 000101000 2
47 000100000 1
50 001000100 2
61 011000001 3
72 000001001 2

04 000000000 a
15 000011000 2
26 100000110 3
37 000110000 2
40 000000000 a
51 001000101 3
62 000000001 1
73 101000110 4

05 100000000 1
16 000101000 2
27 000010000 1
30 010011000 3
41 100000001 2
52 000100001 2
63 001000000 1
74 011001110 5

06 100100000 2
17 000110000 2
20 011010110 5
31 010000001 2
42 000100001 2
53 001000100 2
64 011010000 3
75 110001010 4

07 000100000 1
10 000011000 2
21 111000110 5
32 000101001 3
43 100000000 1
54 001000100 2
65 010010000 2
76 100001110 4

Matching output
0 absent
1 absent
2 absent
3 absent
4 absent
5 absent
6 absent
7 absent

Left
none
Best: none

Right
none
Best: none

OR-NOT
01 111100111 7
12 000111001 4
23 111010110 6
34 011111111 8
45 110111011 7
56 101101111 7
67 011110001 5
70 111011111 8

02 100101001 4
13 101111110 7
24 111011110 7
35 110111011 7
46 100101111 6
57 001110101 5
60 011011111 7
71 111001111 7

03 101100111 6
14 011111110 7
25 111011110 7
36 110111111 8
47 100110001 4
50 011111111 8
61 111010111 7
72 111101111 8

04 111111111 a
15 110111010 6
26 111111110 8
37 010111001 5 match 0 5
40 111111111 a
51 111100111 7
62 011111001 6
73 111001111 7

05 110111011 7
16 100111110 6
27 111110110 7
30 011111111 8
41 111100111 7
52 001101101 5
63 111010111 7
74 111011111 8

06 100101111 6
17 000111000 3
20 111011110 7
31 111111111 a
42 100101001 4
53 101100111 6
64 011011111 7
75 111011111 8

07 100110001 4
10 011111110 7
21 111010111 7
32 010111001 5 match 0 5
43 101100111 6
54 011111111 8
65 111011011 7
76 111101111 8

Matching output
0 37 32
1 absent
2 absent
3 absent
4 absent
5 37 32
6 absent
7 absent

Left
37 40x
32 43x
Best: OR-NOT37: 1

Right
none
Best: none

XOR-NOT
01 011100110 5
12 000010001 2
23 010010000 2
34 001100111 5
45 010111011 6
56 101001011 5
67 011100001 4
70 100010001 3

02 100001000 2
13 101111110 7
24 100001000 2
35 100100011 4
46 000001111 4
57 001010101 4
60 000001111 4
71 000001000 1

03 001100111 5
14 011100110 5
25 001001100 3
36 110010111 6
47 100010001 3
50 010111011 6
61 100010110 4
72 111100110 6

04 111111111 a
15 110100010 4
26 011111000 5
37 010001001 3
40 111111111 a
51 110100010 4
62 011111000 5
73 010001001 3

05 010111011 6
16 100010110 4
27 111100110 6
30 001100111 5
41 011100110 5
52 001001100 3
63 110010111 6
74 100010001 3

06 000001111 4
17 000001000 1
20 100001000 2
31 101111110 7
42 100001000 2
53 100100011 4
64 000001111 4
75 001010101 4

07 100010001 3
10 011100110 5
21 000010001 2
32 010010000 2
43 001100111 5
54 010111011 6
65 101001011 5
76 011100001 4

Matching output
0 absent
1 absent
2 absent
3 absent
4 absent
5 absent
6 absent
7 absent

Left
none
Best: none

Right
none
Best: none

Selecting

Lefts
Identity I3 4: 2
NOT none
Constant none
AND none
OR OR13: 1
XOR none
AND-NOT none
OR-NOT OR-NOT37: 1
XOR-NOT none

Rights
Identity I5 4 3: 3
NOT none
Constant none
AND none
OR none
XOR none
AND-NOT none
OR-NOT none
XOR-NOT none

Left longest: 2
Right longest: 3

Right winner: Identity yes, NOT no, Constant no, AND no, OR no, XOR no, AND-NOT no, OR-NOT no, XOR-NOT no
Left winner: Identity yes, NOT no, Constant no, AND no, OR no, XOR no, AND-NOT no, OR-NOT no, XOR-NOT no

Best right: I5 4 3: 3
Best left: I3 4: 2

Truncated right: I5 4 3: 3
Truncated left: I3 4: 2

Tentative from right
7 I5
6 I4
5 I3
4 pending
3 pending
2 pending
1 pending
0 pending

Tentative
0 I3
1 I4
2 pending
3 pending
4 pending
5 I3
6 I4
7 I5

Preferred from right
7 I5
6 I4
5 I3
4 ??2
3 ??1
2 ??0
1 I4
0 I3

Preferred from left
0 I3
1 I4
2 ?50
3 ?61
4 ?72
5 I3
6 I4
7 I5

Preferred
0 I3
1 I4
2 ?50 ?05
3 ?61 ?16
4 ?72 ?27
5 I3
6 I4
7 I5

Matching
0 I3
1 I4
2 ?50 ?05 - Identity absent, NOT absent, Constant absent, AND absent, OR absent, XOR50, AND-NOT absent, OR-NOT absent, XOR-NOT absent
3 ?61 ?16 - Identity absent, NOT absent, Constant absent, AND absent, OR absent, XOR61, AND-NOT absent, OR-NOT absent, XOR-NOT absent
4 ?72 ?27 - Identity absent, NOT absent, Constant absent, AND absent, OR absent, XOR72, AND-NOT absent, OR-NOT absent, XOR-NOT absent
5 I3
6 I4
7 I5

Perfect match
Identity no
NOT no
Constant no
AND no
OR no
XOR yes
AND-NOT no
OR-NOT no
XOR-NOT no

Matched
0 I3
1 I4
2 XOR50
3 XOR61
4 XOR72
5 I3
6 I4
7 I5

Selected
0 I3
1 I4
2 XOR50
3 XOR61
4 XOR72
5 I3
6 I4
7 I5

Applying to 01111110
Input
0 0
1 1
2 1
3 1
4 1
5 1
6 1
7 0
Output
0 I3 = 1
1 I4 = 1
2 XOR50 = XOR(1,0) = 1
3 XOR61 = XOR(1,1) = 0
4 XOR72 = XOR(0,1) = 1
5 I3 = 1
6 I4 = 1
7 I5 = 1

I will now return the answer in \boxed{}
The answer in \boxed is
\boxed{11101111}