We need to deduce the transformation by matching the example outputs.
I will put my final answer inside \boxed{}.

Output 0: 00011000
0 0
1 0
2 0
3 1
4 1
5 0
6 0
7 0

Output 1: 10111000
0 1
1 0
2 1
3 1
4 1
5 0
6 0
7 0

Output 2: 00000100
0 0
1 0
2 0
3 0
4 0
5 1
6 0
7 0

Output 3: 01011110
0 0
1 1
2 0
3 1
4 1
5 1
6 1
7 0

Output 4: 01010100
0 0
1 1
2 0
3 1
4 0
5 1
6 0
7 0

Output 5: 01111100
0 0
1 1
2 1
3 1
4 1
5 1
6 0
7 0

Output 6: 01100100
0 0
1 1
2 1
3 0
4 0
5 1
6 0
7 0

Output 7: 10111011
0 1
1 0
2 1
3 1
4 1
5 0
6 1
7 1

Output 8: 01101100
0 0
1 1
2 1
3 0
4 1
5 1
6 0
7 0

Output 9: 10111111
0 1
1 0
2 1
3 1
4 1
5 1
6 1
7 1

Output bit columns (with bitsum as hash)
0 0100000101 3
1 0001111010 5
2 0100011111 6
3 1101110101 7
4 1101010111 7
5 0011111011 7
6 0001000101 3
7 0000000101 2

Input 0: 01110000
0 0
1 1
2 1
3 1
4 0
5 0
6 0
7 0

Input 1: 11101010
0 1
1 1
2 1
3 0
4 1
5 0
6 1
7 0

Input 2: 00001011
0 0
1 0
2 0
3 0
4 1
5 0
6 1
7 1

Input 3: 00111101
0 0
1 0
2 1
3 1
4 1
5 1
6 0
7 1

Input 4: 01010101
0 0
1 1
2 0
3 1
4 0
5 1
6 0
7 1

Input 5: 01111001
0 0
1 1
2 1
3 1
4 1
5 0
6 0
7 1

Input 6: 11001001
0 1
1 1
2 0
3 0
4 1
5 0
6 0
7 1

Input 7: 01101110
0 0
1 1
2 1
3 0
4 1
5 1
6 1
7 0

Input 8: 10111001
0 1
1 0
2 1
3 1
4 1
5 0
6 0
7 1

Input 9: 01111110
0 0
1 1
2 1
3 1
4 1
5 1
6 1
7 0

When matching output
x: not in operator
y: wrong position

Identity
0 0100001010 3
1 1100111101 7
2 1101010111 7 match 4
3 1001110011 6
4 0111011111 8
5 0001100101 4
6 0110000101 4
7 0011111010 6

Matching output
0 absent
1 absent
2 absent
3 absent
4 2
5 absent
6 absent
7 absent

Left
none
Best: none

Right
none
Best: none

NOT
0 1011110101 7
1 0011000010 3
2 0010101000 3
3 0110001100 4
4 1000100000 2
5 1110011010 6
6 1001111010 6
7 1100000101 4

Matching output
0 absent
1 absent
2 absent
3 absent
4 absent
5 absent
6 absent
7 absent

Left
none
Best: none

Right
none
Best: none

Constant
0 0000000000 a
1 1111111111 a

Matching output
0 absent
1 absent
2 absent
3 absent
4 absent
5 absent
6 absent
7 absent

Left
none
Best: none

Right
none
Best: none

AND
01 10 0100001000 2
12 21 1100010101 5
23 32 1001010011 5
34 43 0001010011 4
45 54 0001000101 3 match 6
56 65 0000000101 2 match 7
67 76 0010000000 1
70 07 0000001010 2

02 20 0100000010 2
13 31 1000110001 4
24 42 0101010111 6
35 53 0001100001 3
46 64 0110000101 4
57 75 0001100000 2
60 06 0100000000 1
71 17 0000111000 3

03 30 0000000010 1
14 41 0100011101 5
25 52 0001000101 3 match 6
36 63 0000000001 1
47 74 0011011010 5
50 05 0000000000 a
61 16 0100000101 3 match 0
72 27 0001010010 3

04 40 0100001010 3
15 51 0000100101 3
26 62 0100000101 3 match 0
37 73 0001110010 4

Matching output
0 61 16 26 62
1 absent
2 absent
3 absent
4 absent
5 absent
6 45 54 25 52
7 56 65

Left
61 72x
16 27x
26 37x
62 73x
Best: AND61: 1

Right
56 45 34x
65 54 43x
Best: AND56 45: 2

OR
01 10 1100111111 8
12 21 1101111111 9
23 32 1101110111 8
34 43 1111111111 a
45 54 0111111111 9
56 65 0111100101 6
67 76 0111111111 9
70 07 0111111010 7

02 20 1101011111 8
13 31 1101111111 9
24 42 1111011111 9
35 53 1001110111 7
46 64 0111011111 8
57 75 0011111111 8
60 06 0110001111 6
71 17 1111111111 a

03 30 1101111011 8
14 41 1111111111 a
25 52 1101110111 8
36 63 1111110111 9
47 74 0111111111 9
50 05 0101101111 7
61 16 1110111101 8
72 27 1111111111 a

04 40 0111011111 8
15 51 1101111101 8
26 62 1111010111 8
37 73 1011111011 8

Matching output
0 absent
1 absent
2 absent
3 absent
4 absent
5 absent
6 absent
7 absent

Left
none
Best: none

Right
none
Best: none

XOR
01 10 1000110111 6
12 21 0001101010 4
23 32 0100100100 3
34 43 1110101100 6
45 54 0110111010 6
56 65 0111100000 4
67 76 0101111111 8
70 07 0111110000 5

02 20 1001011101 6
13 31 0101001110 5
24 42 1010001000 3
35 53 1000010110 4
46 64 0001011010 4
57 75 0010011111 6
60 06 0010001111 5
71 17 1111000111 7

03 30 1101111001 7
14 41 1011100010 5
25 52 1100110010 5
36 63 1111110110 8
47 74 0100100101 4
50 05 0101101111 7
61 16 1010111000 5
72 27 1110101101 7

04 40 0011010101 5
15 51 1101011000 5
26 62 1011010010 5
37 73 1010001001 4

Matching output
0 absent
1 absent
2 absent
3 absent
4 absent
5 absent
6 absent
7 absent

Left
none
Best: none

Right
none
Best: none

AND-NOT
01 0000000010 1
12 0000101000 2
23 0100000100 2
34 1000100000 2
45 0110011010 5
56 0001100000 2
67 0100000101 3 match 0
70 0011110000 4

02 0000001000 1
13 0100001100 3
24 1000000000 1
35 1000010010 3
46 0001011010 4
57 0000000101 2 match 7
60 0010000101 3
71 0011000010 3

03 0100001000 2
14 1000100000 2
25 1100010010 4
36 1001110010 5
47 0100000101 3 match 0
50 0001100101 4
61 0010000000 1
72 0010101000 3

04 0000000000 a
15 1100011000 4
26 1001010010 4
37 1000000001 2
40 0011010101 5
51 0001000000 1
62 0010000000 1
73 0010001000 2

05 0100001010 3
16 1000111000 4
27 1100000101 4
30 1001110001 5
41 0011000010 3
52 0000100000 1
63 0110000100 3
74 0000100000 1

06 0000001010 2
17 1100000101 4
20 1001010101 5
31 0001000010 2
42 0010001000 2
53 0000000100 1
64 0000000000 a
75 0010011010 4

07 0100000000 1
10 1000110101 5
21 0001000010 2
32 0000100000 1
43 0110001100 4
54 0000100000 1
65 0110000000 2
76 0001111010 5 match 1

Matching output
0 67 47
1 76
2 absent
3 absent
4 absent
5 absent
6 absent
7 57

Left
67 70x
47 50x
Best: AND-NOT67: 1

Right
57 46x
Best: AND-NOT57: 1

OR-NOT
01 0111001010 5
12 1110111101 8
23 1111011111 9
34 1001110011 6
45 1111011111 9
56 1001111111 8
67 1110000101 5
70 1011111111 9

02 0110101010 5
13 1110111101 8
24 1101110111 8
35 1111111011 9
46 1111111111 a
57 1101100101 6
60 1111110101 8
71 0011111010 6

03 0110001110 5
14 1100111101 7
25 1111011111 9
36 1001111011 7
47 1111011111 9
50 1011110101 7
61 0111000111 6
72 0011111010 6

04 1100101010 5
15 1110111111 9
26 1101111111 9
37 1101110111 8
40 1111111111 a
51 0011100111 6
62 0110101101 6
73 0111111110 8

05 1110011010 6
16 1101111111 9
27 1101010111 7 match 4
30 1011110111 8
41 0111011111 8
52 0011101101 6
63 0110001101 5
74 1011111010 7

06 1101111010 7
17 1100111101 7
20 1111110111 9
31 1011110011 7
42 0111111111 9
53 0111101101 7
64 1110100101 6
75 1111111010 8

07 1100001111 6
10 1111111101 9
21 1111010111 8
32 1011111011 8
43 0111011111 8
54 1001100101 5
65 1110011111 8
76 1011111010 7

Matching output
0 absent
1 absent
2 absent
3 absent
4 27
5 absent
6 absent
7 absent

Left
none
Best: none

Right
none
Best: none

XOR-NOT
01 0111001000 4
12 1110010101 6
23 1011011011 7
34 0001010011 4
45 1001000101 4
56 1000011111 6
67 1010000000 2
70 1000001111 5

02 0110100010 4
13 1010110001 5
24 0101110111 7
35 0111101001 6
46 1110100101 6
57 1101100000 4
60 1101110000 5
71 0000111000 3

03 0010000110 3
14 0100011101 5
25 0011001101 5
36 0000001001 2
47 1011011010 6
50 1010010000 3
61 0101000111 5
72 0001010010 3

04 1100101010 5
15 0010100111 5
26 0100101101 5
37 0101110110 6
40 1100101010 5
51 0010100111 5
62 0100101101 5
73 0101110110 6

05 1010010000 3
16 0101000111 5
27 0001010010 3
30 0010000110 3
41 0100011101 5
52 0011001101 5
63 0000001001 2
74 1011011010 6

06 1101110000 5
17 0000111000 3
20 0110100010 4
31 1010110001 5
42 0101110111 7
53 0111101001 6
64 1110100101 6
75 1101100000 4

07 1000001111 5
10 0111001000 4
21 1110010101 6
32 1011011011 7
43 0001010011 4
54 1001000101 4
65 1000011111 6
76 1010000000 2

Matching output
0 absent
1 absent
2 absent
3 absent
4 absent
5 absent
6 absent
7 absent

Left
none
Best: none

Right
none
Best: none

Selecting

Lefts
Identity none
NOT none
Constant none
AND AND61: 1
OR none
XOR none
AND-NOT AND-NOT67: 1
OR-NOT none
XOR-NOT none

Rights
Identity none
NOT none
Constant none
AND AND56 45: 2
OR none
XOR none
AND-NOT AND-NOT57: 1
OR-NOT none
XOR-NOT none

Left longest: 1
Right longest: 2

Right winner: Identity no, NOT no, Constant no, AND yes, OR no, XOR no, AND-NOT no, OR-NOT no, XOR-NOT no
Left winner: Identity no, NOT no, Constant no, AND yes, OR no, XOR no, AND-NOT no, OR-NOT no, XOR-NOT no

Best right: AND56 45: 2
Best left: AND61: 1

Truncated right: AND56 45: 2
Truncated left: AND61: 1

Tentative from right
7 AND56
6 AND45
5 pending
4 pending
3 pending
2 pending
1 pending
0 pending

Tentative
0 AND61
1 pending
2 pending
3 pending
4 pending
5 pending
6 AND45
7 AND56

Preferred from right
7 AND56
6 AND45
5 ?34
4 ?23
3 ?12
2 ?01
1 ?70
0 AND61

Preferred from left
0 AND61
1 ?70
2 ?01
3 ?12
4 ?23
5 ?34
6 AND45
7 AND56

Preferred
0 AND61
1 ?70 ?07
2 ?01 ?10
3 ?12 ?21
4 ?23 ?32
5 ?34 ?43
6 AND45
7 AND56

Matching
0 AND61
1 ?70 ?07 - Identity absent, NOT absent, Constant absent, AND absent, OR absent, XOR absent, AND-NOT absent, OR-NOT absent, XOR-NOT absent
2 ?01 ?10 - Identity absent, NOT absent, Constant absent, AND absent, OR absent, XOR absent, AND-NOT absent, OR-NOT absent, XOR-NOT absent
3 ?12 ?21 - Identity absent, NOT absent, Constant absent, AND absent, OR absent, XOR absent, AND-NOT absent, OR-NOT absent, XOR-NOT absent
4 ?23 ?32 - Identity I2, NOT absent, Constant absent, AND absent, OR absent, XOR absent, AND-NOT absent, OR-NOT absent, XOR-NOT absent
5 ?34 ?43 - Identity absent, NOT absent, Constant absent, AND absent, OR absent, XOR absent, AND-NOT absent, OR-NOT absent, XOR-NOT absent
6 AND45
7 AND56

Perfect match
Identity no
NOT no
Constant no
AND no
OR no
XOR no
AND-NOT no
OR-NOT no
XOR-NOT no

Matched
0 AND61
1 none
2 none
3 none
4 I2
5 none
6 AND45
7 AND56

Selected
0 AND61
1 MAJ(0,3,7)
2 MAJ(0,1,4)
3 MAJ(1,2,5)
4 MAJ(2,3,4)
5 MAJ(3,4,7)
6 AND45
7 AND56

Applying to 11100101
Input
0 1
1 1
2 1
3 0
4 0
5 1
6 0
7 1
Output
0 AND61 = AND(0,1) = 0
1 MAJ(0,3,7) = MAJ(1,0,1) = 1
2 MAJ(0,1,4) = MAJ(1,1,0) = 1
3 MAJ(1,2,5) = MAJ(1,1,1) = 1
4 MAJ(2,3,4) = MAJ(1,0,0) = 0
5 MAJ(3,4,7) = MAJ(0,0,1) = 0
6 AND45 = AND(0,1) = 0
7 AND56 = AND(1,0) = 0

I will now return the answer in \boxed{}
The answer in \boxed{–} is \boxed{01110000}