We need to deduce the transformation by matching the example outputs.
I will put my final answer inside \boxed{}.

Output 0: 00000111
0 0
1 0
2 0
3 0
4 0
5 1
6 1
7 1

Output 1: 10000110
0 1
1 0
2 0
3 0
4 0
5 1
6 1
7 0

Output 2: 01101110
0 0
1 1
2 1
3 0
4 1
5 1
6 1
7 0

Output 3: 00001110
0 0
1 0
2 0
3 0
4 1
5 1
6 1
7 0

Output 4: 00011011
0 0
1 0
2 0
3 1
4 1
5 0
6 1
7 1

Output 5: 00111110
0 0
1 0
2 1
3 1
4 1
5 1
6 1
7 0

Output 6: 10011010
0 1
1 0
2 0
3 1
4 1
5 0
6 1
7 0

Output 7: 10011110
0 1
1 0
2 0
3 1
4 1
5 1
6 1
7 0

Output 8: 11011011
0 1
1 1
2 0
3 1
4 1
5 0
6 1
7 1

Output 9: 11000111
0 1
1 1
2 0
3 0
4 0
5 1
6 1
7 1

Output bit columns (with bitsum as hash)
0 0100001111 5
1 0010000011 3
2 0010010000 2
3 0000111110 5
4 0011111110 7
5 1111010101 7
6 1111111111 a
7 1000100011 4

Input 0: 01110101
0 0
1 1
2 1
3 1
4 0
5 1
6 0
7 1

Input 1: 01101101
0 0
1 1
2 1
3 0
4 1
5 1
6 0
7 1

Input 2: 10001000
0 1
1 0
2 0
3 0
4 1
5 0
6 0
7 0

Input 3: 11101010
0 1
1 1
2 1
3 0
4 1
5 0
6 1
7 0

Input 4: 10100101
0 1
1 0
2 1
3 0
4 0
5 1
6 0
7 1

Input 5: 10001011
0 1
1 0
2 0
3 0
4 1
5 0
6 1
7 1

Input 6: 10101101
0 1
1 0
2 1
3 0
4 1
5 1
6 0
7 1

Input 7: 11101101
0 1
1 1
2 1
3 0
4 1
5 1
6 0
7 1

Input 8: 10110001
0 1
1 0
2 1
3 1
4 0
5 0
6 0
7 1

Input 9: 01100001
0 0
1 1
2 1
3 0
4 0
5 0
6 0
7 1

When matching output
x: not in operator
y: wrong position

Identity
0 0011111110 7 match 4
1 1101000101 5
2 1101101111 8
3 1000000010 2
4 0111011100 6
5 1100101100 5
6 0001010000 2
7 1100111111 8

Matching output
0 absent
1 absent
2 absent
3 absent
4 0
5 absent
6 absent
7 absent

Left
none
Best: none

Right
none
Best: none

NOT
0 1100000001 3
1 0010111010 5
2 0010010000 2 match 2
3 0111111101 8
4 1000100011 4 match 7
5 0011010011 5
6 1110101111 8
7 0011000000 2

Matching output
0 absent
1 absent
2 2
3 absent
4 absent
5 absent
6 absent
7 4

Left
none
Best: none

Right
4 3x
Best: NOT4: 1

Constant
0 0000000000 a
1 1111111111 a match 6

Matching output
0 absent
1 absent
2 absent
3 absent
4 absent
5 absent
6 C1
7 absent

Left
none
Best: none

Right
none
Best: none

AND
01 10 0001000100 2
12 21 1101000101 5
23 32 1000000010 2
34 43 0000000000 a
45 54 0100001100 3
56 65 0000000000 a
67 76 0000010000 1
70 07 0000111110 5 match 3

02 20 0001101110 5
13 31 1000000000 1
24 42 0101001100 4
35 53 1000000000 1
46 64 0001010000 2
57 75 1100101100 5
60 06 0001010000 2
71 17 1100000101 4

03 30 0000000010 1
14 41 0101000100 3
25 52 1100101100 5
36 63 0000000000 a
47 74 0100011100 4
50 05 0000101100 3
61 16 0001000000 1
72 27 1100101111 7

04 40 0011011100 5
15 51 1100000100 3
26 62 0001000000 1
37 73 1000000010 2

Matching output
0 absent
1 absent
2 absent
3 70 07
4 absent
5 absent
6 absent
7 absent

Left
none
Best: none

Right
none
Best: none

OR
01 10 1111111111 a match 6
12 21 1101101111 8
23 32 1101101111 8
34 43 1111011110 8
45 54 1111111100 8
56 65 1101111100 7
67 76 1101111111 9
70 07 1111111111 a match 6

02 20 1111111111 a match 6
13 31 1101000111 6
24 42 1111111111 a match 6
35 53 1100101110 6
46 64 0111011100 6
57 75 1100111111 8
60 06 0011111110 7 match 4
71 17 1101111111 9

03 30 1011111110 8
14 41 1111011101 8
25 52 1101101111 8
36 63 1001010010 4
47 74 1111111111 a match 6
50 05 1111111110 9
61 16 1101010101 6
72 27 1101111111 9

04 40 0111111110 8
15 51 1101101101 7
26 62 1101111111 9
37 73 1100111111 8

Matching output
0 absent
1 absent
2 absent
3 absent
4 60 06
5 absent
6 01 10 70 07 02 20 24 42 47 74
7 absent

Left
none
Best: none

Right
none
Best: none

XOR
01 10 1110111011 8
12 21 0000101010 3
23 32 0101101101 6
34 43 1111011110 8
45 54 1011110000 5
56 65 1101111100 7
67 76 1101101111 8
70 07 1111000001 5

02 20 1110010001 5
13 31 0101000111 5
24 42 1010110011 6
35 53 0100101110 5
46 64 0110001100 4
57 75 0000010011 3
60 06 0010101110 5
71 17 0001111010 5

03 30 1011111100 7
14 41 1010011001 5
25 52 0001000011 3
36 63 1001010010 4
47 74 1011100011 6
50 05 1111010010 6
61 16 1100010101 5
72 27 0001010000 2

04 40 0100100010 3
15 51 0001101001 4
26 62 1100111111 8
37 73 0100111101 6

Matching output
0 absent
1 absent
2 absent
3 absent
4 absent
5 absent
6 absent
7 absent

Left
none
Best: none

Right
none
Best: none

AND-NOT
01 0010111010 5
12 0000000000 a
23 0101101101 6
34 1000000010 2
45 0011010000 3
56 1100101100 5
67 0001000000 1
70 1100000001 3

02 0010010000 2 match 2
13 0101000101 4
24 1000100011 4 match 7
35 0000000010 1
46 0110001100 4
57 0000000000 a
60 0000000000 a
71 0000111010 4

03 0011111100 6
14 1000000001 2
25 0001000011 3
36 1000000010 2
47 0011000000 2
50 1100000000 2
61 0000010000 1
72 0000010000 1

04 0000100010 2
15 0001000001 2
26 1100101111 7
37 0000000000 a
40 0100000000 1
51 0000101000 2
62 0000010000 1
73 0100111101 6

05 0011010010 4
16 1100000101 4
27 0001000000 1
30 1000000000 1
41 0010011000 3
52 0000000000 a
63 0001010000 2
74 1000100011 4 match 7

06 0010101110 5
17 0001000000 1
20 1100000001 3
31 0000000010 1
42 0010010000 2 match 2
53 0100101100 4
64 0000000000 a
75 0000010011 3

07 0011000000 2
10 1100000001 3
21 0000101010 3
32 0000000000 a
43 0111011100 6
54 1000100000 2
65 0001010000 2
76 1100101111 7

Matching output
0 absent
1 absent
2 02 42
3 absent
4 absent
5 absent
6 absent
7 24 74

Left
none
Best: none

Right
24 13x
74 63x
Best: AND-NOT24: 1

OR-NOT
01 0011111110 7 match 4
12 1111010101 7 match 5
23 1111111111 a match 6
34 1000100011 4 match 7
45 0111011111 8
56 1110101111 8
67 0011010000 3
70 1100111111 8

02 0011111110 7 match 4
13 1111111101 9
24 1101101111 8
35 1011010011 6
46 1111111111 a match 6
57 1111101100 7
60 1101010001 5
71 1110111111 9

03 0111111111 9
14 1101100111 7
25 1111111111 a match 6
36 1110101111 8
47 0111011100 6
50 1100101101 6
61 0011111010 6
72 1110111111 9

04 1011111111 9
15 1111010111 8
26 1111101111 9
37 1011000010 4
40 1111011101 8
51 1110111110 8
62 0011010000 3
73 1111111111 a match 6

05 0011111111 8
16 1111101111 9
27 1111101111 9
30 1100000011 4
41 0111111110 8
52 1110111100 7
63 0111111101 8
74 1100111111 8

06 1111111111 a match 6
17 1111000101 6
20 1101101111 8
31 1010111010 6
42 0111011100 6
53 1111111101 9
64 1001110011 6
75 1111111111 a match 6

07 0011111110 7 match 4
10 1101000101 5
21 1111111111 a match 6
32 1010010010 4
43 0111111101 8
54 1100101111 7
65 0011010011 5
76 1110111111 9

Matching output
0 absent
1 absent
2 absent
3 absent
4 01 02 07
5 12
6 23 46 25 73 06 75 21
7 34

Left
none
Best: none

Right
34 23 12 01 70x
Best: OR-NOT34 23 12 01: 4

XOR-NOT
01 0001000100 2
12 1111010101 7 match 5
23 1010010010 4
34 0000100001 2
45 0100001111 5 match 0
56 0010000011 3 match 1
67 0010010000 2 match 2
70 0000111110 5 match 3

02 0001101110 5
13 1010111000 5
24 0101001100 4
35 1011010001 5
46 1001110011 6
57 1111101100 7
60 1101010001 5
71 1110000101 5

03 0100000011 3
14 0101100110 5
25 1110111100 7
36 0110101101 6
47 0100011100 4
50 0000101101 4
61 0011101010 5
72 1110101111 8

04 1011011101 7
15 1110010110 6
26 0011000000 2
37 1011000010 4
40 1011011101 7
51 1110010110 6
62 0011000000 2
73 1011000010 4

05 0000101101 4
16 0011101010 5
27 1110101111 8
30 0100000011 3
41 0101100110 5
52 1110111100 7
63 0110101101 6
74 0100011100 4

06 1101010001 5
17 1110000101 5
20 0001101110 5
31 1010111000 5
42 0101001100 4
53 1011010001 5
64 1001110011 6
75 1111101100 7

07 0000111110 5 match 3
10 0001000100 2
21 1111010101 7 match 5
32 1010010010 4
43 0000100001 2
54 0100001111 5 match 0
65 0010000011 3 match 1
76 0010010000 2 match 2

Matching output
0 45 54
1 56 65
2 67 76
3 70 07
4 absent
5 12 21
6 absent
7 absent

Left
45 56 67 70 01x
54 65 76 07 10x
Best: XOR-NOT45 56 67 70: 4

Right
none
Best: none

Selecting

Lefts
Identity none
NOT none
Constant none
AND none
OR none
XOR none
AND-NOT none
OR-NOT none
XOR-NOT XOR-NOT45 56 67 70: 4

Rights
Identity none
NOT NOT4: 1
Constant none
AND none
OR none
XOR none
AND-NOT AND-NOT24: 1
OR-NOT OR-NOT34 23 12 01: 4
XOR-NOT none

Left longest: 4
Right longest: 4

Left winner: Identity no, NOT no, Constant no, AND no, OR no, XOR no, AND-NOT no, OR-NOT no, XOR-NOT yes
Right winner: Identity no, NOT no, Constant no, AND no, OR no, XOR no, AND-NOT no, OR-NOT yes, XOR-NOT no

Best left: XOR-NOT45 56 67 70: 4
Best right: OR-NOT34 23 12 01: 4

Truncated left: XOR-NOT45 56 67 70: 4
Truncated right: OR-NOT34 23 12 01: 4

Tentative from right
7 OR-NOT34
6 OR-NOT23
5 OR-NOT12
4 OR-NOT01
3 pending
2 pending
1 pending
0 pending

Tentative
0 XOR-NOT45
1 XOR-NOT56
2 XOR-NOT67
3 XOR-NOT70
4 OR-NOT01
5 OR-NOT12
6 OR-NOT23
7 OR-NOT34

Preferred from left
0 XOR-NOT45
1 XOR-NOT56
2 XOR-NOT67
3 XOR-NOT70
4 OR-NOT01
5 OR-NOT12
6 OR-NOT23
7 OR-NOT34

Preferred from right
7 OR-NOT34
6 OR-NOT23
5 OR-NOT12
4 OR-NOT01
3 XOR-NOT70
2 XOR-NOT67
1 XOR-NOT56
0 XOR-NOT45

Preferred
0 XOR-NOT45
1 XOR-NOT56
2 XOR-NOT67
3 XOR-NOT70
4 OR-NOT01
5 OR-NOT12
6 OR-NOT23
7 OR-NOT34

Matching
0 XOR-NOT45
1 XOR-NOT56
2 XOR-NOT67
3 XOR-NOT70
4 OR-NOT01
5 OR-NOT12
6 OR-NOT23
7 OR-NOT34

Perfect match
Identity no
NOT no
Constant no
AND no
OR no
XOR no
AND-NOT no
OR-NOT no
XOR-NOT no

Matched
0 XOR-NOT45
1 XOR-NOT56
2 XOR-NOT67
3 XOR-NOT70
4 OR-NOT01
5 OR-NOT12
6 OR-NOT23
7 OR-NOT34

Selected
0 XOR-NOT45
1 XOR-NOT56
2 XOR-NOT67
3 XOR-NOT70
4 OR-NOT01
5 OR-NOT12
6 OR-NOT23
7 OR-NOT34

Applying to 00110000
Input
0 0
1 0
2 1
3 1
4 0
5 0
6 0
7 0
Output
0 XOR-NOT45 = XOR(0,NOT(0)) = 1
1 XOR-NOT56 = XOR(0,NOT(0)) = 1
2 XOR-NOT67 = XOR(0,NOT(0)) = 1
3 XOR-NOT70 = XOR(0,NOT(0)) = 1
4 OR-NOT01 = OR(0,NOT(0)) = 1
5 OR-NOT12 = OR(0,NOT(1)) = 0
6 OR-NOT23 = OR(1,NOT(1)) = 1
7 OR-NOT34 = OR(1,NOT(0)) = 1

I will now return the answer in \boxed{}
The answer in \boxed is
\boxed{11111011}