We need to deduce the transformation by matching the example outputs.
I will put my final answer inside \boxed{}.

Output 0: 10111111
0 1
1 0
2 1
3 1
4 1
5 1
6 1
7 1

Output 1: 00111111
0 0
1 0
2 1
3 1
4 1
5 1
6 1
7 1

Output 2: 11111110
0 1
1 1
2 1
3 1
4 1
5 1
6 1
7 0

Output 3: 11111111
0 1
1 1
2 1
3 1
4 1
5 1
6 1
7 1

Output 4: 10111101
0 1
1 0
2 1
3 1
4 1
5 1
6 0
7 1

Output 5: 11011110
0 1
1 1
2 0
3 1
4 1
5 1
6 1
7 0

Output 6: 11111111
0 1
1 1
2 1
3 1
4 1
5 1
6 1
7 1

Output bit columns (with bitsum as hash)
0 1011111 6
1 0011011 4
2 1111101 6
3 1111111 a
4 1111111 a
5 1111111 a
6 1111011 6
7 1101101 5

Input 0: 01101111
0 0
1 1
2 1
3 0
4 1
5 1
6 1
7 1

Input 1: 01001110
0 0
1 1
2 0
3 0
4 1
5 1
6 1
7 0

Input 2: 01111101
0 0
1 1
2 1
3 1
4 1
5 1
6 0
7 1

Input 3: 10111111
0 1
1 0
2 1
3 1
4 1
5 1
6 1
7 1

Input 4: 01101011
0 0
1 1
2 1
3 0
4 1
5 0
6 1
7 1

Input 5: 00010101
0 0
1 0
2 0
3 1
4 0
5 1
6 0
7 1

Input 6: 11011111
0 1
1 1
2 0
3 1
4 1
5 1
6 1
7 1

When matching output
x: not in operator
y: wrong position

Identity
0 0001001 2
1 1110101 5
2 1011100 4
3 0011011 4 match 1
4 1111101 6 match 2
5 1111011 6 match 6
6 1101101 5 match 7
7 1011111 6 match 0

Matching output
0 7
1 3
2 4
3 absent
4 absent
5 absent
6 5
7 6

Left
7 0x
Best: I7: 1

Right
6 5 4y
Best: I6 5: 2

NOT
0 1110110 5
1 0001010 2
2 0100011 3
3 1100100 3
4 0000010 1
5 0000100 1
6 0010010 2
7 0100000 1

Matching output
0 absent
1 absent
2 absent
3 absent
4 absent
5 absent
6 absent
7 absent

Left
none
Best: none

Right
none
Best: none

Constant
0 0000000 a
1 1111111 a match 3 4 5

Matching output
0 absent
1 absent
2 absent
3 C1
4 C1
5 C1
6 absent
7 absent

Left
none
Best: none

Right
none
Best: none

AND
01 10 0000001 1
12 21 1010100 3
23 32 0011000 2
34 43 0011001 3
45 54 1111001 5
56 65 1101001 4
67 76 1001101 4
70 07 0001001 2

02 20 0001000 1
13 31 0010001 2
24 42 1011100 4
35 53 0011011 4 match 1
46 64 1101101 5 match 7
57 75 1011011 5
60 06 0001001 2
71 17 1010101 4

03 30 0001001 2
14 41 1110101 5
25 52 1011000 3
36 63 0001001 2
47 74 1011101 5
50 05 0001001 2
61 16 1100101 4
72 27 1011100 4

04 40 0001001 2
15 51 1110001 4
26 62 1001100 3
37 73 0011011 4 match 1

Matching output
0 absent
1 35 53 37 73
2 absent
3 absent
4 absent
5 absent
6 absent
7 46 64

Left
none
Best: none

Right
46 35y
64 53y
Best: AND46: 1

OR
01 10 1111101 6 match 2
12 21 1111101 6 match 2
23 32 1011111 6 match 0
34 43 1111111 a match 3 4 5
45 54 1111111 a match 3 4 5
56 65 1111111 a match 3 4 5
67 76 1111111 a match 3 4 5
70 07 1011111 6 match 0

02 20 1011101 5
13 31 1111111 a match 3 4 5
24 42 1111101 6 match 2
35 53 1111011 6 match 6
46 64 1111101 6 match 2
57 75 1111111 a match 3 4 5
60 06 1101101 5 match 7
71 17 1111111 a match 3 4 5

03 30 0011011 4 match 1
14 41 1111101 6 match 2
25 52 1111111 a match 3 4 5
36 63 1111111 a match 3 4 5
47 74 1111111 a match 3 4 5
50 05 1111011 6 match 6
61 16 1111101 6 match 2
72 27 1011111 6 match 0

04 40 1111101 6 match 2
15 51 1111111 a match 3 4 5
26 62 1111101 6 match 2
37 73 1011111 6 match 0

Matching output
0 23 32 70 07 72 27 37 73
1 03 30
2 01 10 12 21 24 42 46 64 14 41 61 16 04 40 26 62
3 34 43 45 54 56 65 67 76 13 31 57 75 71 17 25 52 36 63 47 74 15 51
4 34 43 45 54 56 65 67 76 13 31 57 75 71 17 25 52 36 63 47 74 15 51
5 34 43 45 54 56 65 67 76 13 31 57 75 71 17 25 52 36 63 47 74 15 51
6 35 53 50 05
7 60 06

Left
23 34y
32 43y
70 01y
07 10y
72 03 14 25 36 47 50 61y
27 30 41 52 63 74 05 16y
37 40y
73 04y
Best: OR72 03 14 25 36 47 50: 7

Right
60 57y
06 75y
Best: OR60: 1

XOR
01 10 1111100 5
12 21 0101001 3
23 32 1000111 4
34 43 1100110 4
45 54 0000110 2
56 65 0010110 3
67 76 0110010 3
70 07 1010110 4

02 20 1010101 4
13 31 1101110 5
24 42 0100001 2
35 53 1100000 2
46 64 0010000 1
57 75 0100100 2
60 06 1100100 3
71 17 0101010 3

03 30 0010010 2
14 41 0001000 1
25 52 0100111 4
36 63 1110110 5
47 74 0100010 2
50 05 1110010 4
61 16 0011000 2
72 27 0000011 2

04 40 1110100 4
15 51 0001110 3
26 62 0110001 3
37 73 1000100 2

Matching output
0 absent
1 absent
2 absent
3 absent
4 absent
5 absent
6 absent
7 absent

Left
none
Best: none

Right
none
Best: none

AND-NOT
01 0001000 1
12 0100001 2
23 1000100 2
34 0000010 1
45 0000100 1
56 0010010 2
67 0100000 1
70 1010110 4

02 0000001 1
13 1100100 3
24 0000000 a
35 0000000 a
46 0010000 1
57 0100000 1
60 1100100 3
71 0001010 2

03 0000000 a
14 0000000 a
25 0000100 1
36 0010010 2
47 0100000 1
50 1110010 4
61 0001000 1
72 0000011 2

04 0000000 a
15 0000100 1
26 0010000 1
37 0000000 a
40 1110100 4
51 0001010 2
62 0100001 2
73 1000100 2

05 0000000 a
16 0010000 1
27 0000000 a
30 0010010 2
41 0001000 1
52 0100011 3
63 1100100 3
74 0000010 1

06 0000000 a
17 0100000 1
20 1010100 3
31 0001010 2
42 0100001 2
53 1100000 2
64 0000000 a
75 0000100 1

07 0000000 a
10 1110100 4
21 0001000 1
32 0000011 2
43 1100100 3
54 0000010 1
65 0000100 1
76 0010010 2

Matching output
0 absent
1 absent
2 absent
3 absent
4 absent
5 absent
6 absent
7 absent

Left
none
Best: none

Right
none
Best: none

OR-NOT
01 0001011 3
12 1110111 6
23 1111100 5
34 0011011 4 match 1
45 1111101 6 match 2
56 1111011 6 match 6
67 1101101 5 match 7
70 1111111 a match 3 4 5

02 0101011 4
13 1110101 5
24 1011110 5
35 0011111 5
46 1111111 a match 3 4 5
57 1111011 6 match 6
60 1111111 a match 3 4 5
71 1011111 6 match 0

03 1101101 5 match 7
14 1110111 6
25 1011100 4
36 0011011 4 match 1
47 1111101 6 match 2
50 1111111 a match 3 4 5
61 1101111 6
72 1111111 a match 3 4 5

04 0001011 3
15 1110101 5
26 1011110 5
37 0111011 5
40 1111111 a match 3 4 5
51 1111011 6 match 6
62 1101111 6
73 1111111 a match 3 4 5

05 0001101 3
16 1110111 6
27 1111100 5
30 1111111 a match 3 4 5
41 1111111 a match 3 4 5
52 1111011 6 match 6
63 1101101 5 match 7
74 1011111 6 match 0

06 0011011 4 match 1
17 1110101 5
20 1111110 6
31 0011011 4 match 1
42 1111111 a match 3 4 5
53 1111111 a match 3 4 5
64 1101111 6
75 1011111 6 match 0

07 0101001 3
10 1110111 6
21 1011110 5
32 0111011 5
43 1111101 6 match 2
54 1111011 6 match 6
65 1101101 5 match 7
76 1011111 6 match 0

Matching output
0 71 74 75 76
1 34 36 06 31
2 45 47 43
3 70 46 60 50 72 40 73 30 41 42 53
4 70 46 60 50 72 40 73 30 41 42 53
5 70 46 60 50 72 40 73 30 41 42 53
6 56 57 51 52 54
7 67 03 63 65

Left
71 02x
74 05x
75 06 17x
76 07x
Best: OR-NOT75 06: 2

Right
67 56 45y
03 72y
63 52 41 30 27x
65 54 43y
Best: OR-NOT63 52 41 30: 4

XOR-NOT
01 0000011 2
12 1010110 4
23 0111000 3
34 0011001 3
45 1111001 5
56 1101001 4
67 1001101 4
70 0101001 3

02 0101010 3
13 0010001 2
24 1011110 5
35 0011111 5
46 1101111 6
57 1011011 5
60 0011011 4 match 1
71 1010101 4

03 1101101 5 match 7
14 1110111 6
25 1011000 3
36 0001001 2
47 1011101 5
50 0001101 3
61 1100111 5
72 1111100 5

04 0001011 3
15 1110001 4
26 1001110 4
37 0111011 5
40 0001011 3
51 1110001 4
62 1001110 4
73 0111011 5

05 0001101 3
16 1100111 5
27 1111100 5
30 1101101 5 match 7
41 1110111 6
52 1011000 3
63 0001001 2
74 1011101 5

06 0011011 4 match 1
17 1010101 4
20 0101010 3
31 0010001 2
42 1011110 5
53 0011111 5
64 1101111 6
75 1011011 5

07 0101001 3
10 0000011 2
21 1010110 4
32 0111000 3
43 0011001 3
54 1111001 5
65 1101001 4
76 1001101 4

Matching output
0 absent
1 60 06
2 absent
3 absent
4 absent
5 absent
6 absent
7 03 30

Left
none
Best: none

Right
03 72x
30 27x
Best: XOR-NOT03: 1

Selecting

Lefts
Identity I7: 1
NOT none
Constant none
AND none
OR OR72 03 14 25 36 47 50: 7
XOR none
AND-NOT none
OR-NOT OR-NOT75 06: 2
XOR-NOT none

Rights
Identity I6 5: 2
NOT none
Constant none
AND AND46: 1
OR OR60: 1
XOR none
AND-NOT none
OR-NOT OR-NOT63 52 41 30: 4
XOR-NOT XOR-NOT03: 1

Left longest: 7
Right longest: 4

Left winner: Identity no, NOT no, Constant no, AND no, OR yes, XOR no, AND-NOT no, OR-NOT no, XOR-NOT no
Right winner: Identity no, NOT no, Constant no, AND no, OR no, XOR no, AND-NOT no, OR-NOT yes, XOR-NOT no

Best left: OR72 03 14 25 36 47 50: 7
Best right: OR-NOT63 52 41 30: 4

Truncated left: OR72 03 14 25 36 47 50: 7
Truncated right: OR-NOT63: 1 truncated

Tentative from right
7 OR-NOT63
6 pending
5 pending
4 pending
3 pending
2 pending
1 pending
0 pending

Tentative
0 OR72
1 OR03
2 OR14
3 OR25
4 OR36
5 OR47
6 OR50
7 OR-NOT63

Preferred from left
0 OR72
1 OR03
2 OR14
3 OR25
4 OR36
5 OR47
6 OR50
7 OR-NOT63

Preferred from right
7 OR-NOT63
6 OR50
5 OR47
4 OR36
3 OR25
2 OR14
1 OR03
0 OR72

Preferred
0 OR72
1 OR03
2 OR14
3 OR25
4 OR36
5 OR47
6 OR50
7 OR-NOT63

Matching
0 OR72
1 OR03
2 OR14
3 OR25
4 OR36
5 OR47
6 OR50
7 OR-NOT63

Perfect match
Identity no
NOT no
Constant no
AND no
OR no
XOR no
AND-NOT no
OR-NOT no
XOR-NOT no

Matched
0 OR72
1 OR03
2 OR14
3 OR25
4 OR36
5 OR47
6 OR50
7 OR-NOT63

Selected
0 OR72
1 OR03
2 OR14
3 OR25
4 OR36
5 OR47
6 OR50
7 OR-NOT63

Applying to 10101111
Input
0 1
1 0
2 1
3 0
4 1
5 1
6 1
7 1
Output
0 OR72 = OR(1,1) = 1
1 OR03 = OR(1,0) = 1
2 OR14 = OR(0,1) = 1
3 OR25 = OR(1,1) = 1
4 OR36 = OR(0,1) = 1
5 OR47 = OR(1,1) = 1
6 OR50 = OR(1,1) = 1
7 OR-NOT63 = OR(1,NOT(0)) = 1

I will now return the answer in \boxed{}
The answer in \boxed is
\boxed{11111111}