We need to deduce the transformation by matching the example outputs.
I will put my final answer inside \boxed{}.

Output 0: 00011000
0 0
1 0
2 0
3 1
4 1
5 0
6 0
7 0

Output 1: 10010110
0 1
1 0
2 0
3 1
4 0
5 1
6 1
7 0

Output 2: 00000000
0 0
1 0
2 0
3 0
4 0
5 0
6 0
7 0

Output 3: 00010101
0 0
1 0
2 0
3 1
4 0
5 1
6 0
7 1

Output 4: 10010100
0 1
1 0
2 0
3 1
4 0
5 1
6 0
7 0

Output 5: 00010010
0 0
1 0
2 0
3 1
4 0
5 0
6 1
7 0

Output 6: 10001101
0 1
1 0
2 0
3 0
4 1
5 1
6 0
7 1

Output 7: 10101100
0 1
1 0
2 1
3 0
4 1
5 1
6 0
7 0

Output bit columns (with bitsum as hash)
0 01001011 4
1 00000000 a
2 00000001 1
3 11011100 5
4 10000011 3
5 01011011 5
6 01000100 2
7 00010010 2

Input 0: 01101100
0 0
1 1
2 1
3 0
4 1
5 1
6 0
7 0

Input 1: 01010011
0 0
1 1
2 0
3 1
4 0
5 0
6 1
7 1

Input 2: 00000000
0 0
1 0
2 0
3 0
4 0
5 0
6 0
7 0

Input 3: 11011010
0 1
1 1
2 0
3 1
4 1
5 0
6 1
7 0

Input 4: 00011010
0 0
1 0
2 0
3 1
4 1
5 0
6 1
7 0

Input 5: 00000001
0 0
1 0
2 0
3 0
4 0
5 0
6 0
7 1

Input 6: 11110110
0 1
1 1
2 1
3 1
4 0
5 1
6 1
7 0

Input 7: 01100110
0 0
1 1
2 1
3 0
4 0
5 1
6 1
7 0

When matching output
x: not in operator
y: wrong position

Identity
0 00010010 2 match 7
1 11010011 5
2 10000011 3 match 4
3 01011010 4
4 10011000 3
5 10000011 3 match 4
6 01011011 5 match 5
7 01000100 2 match 6

Matching output
0 absent
1 absent
2 absent
3 absent
4 2 5
5 6
6 7
7 0

Left
none
Best: none

Right
0 7 6 5 4x
Best: I0 7 6 5: 4

NOT
0 11101101 6
1 00101100 3
2 01111100 5
3 10100101 4
4 01100111 5
5 01111100 5
6 10100100 3
7 10111011 6

Matching output
0 absent
1 absent
2 absent
3 absent
4 absent
5 absent
6 absent
7 absent

Left
none
Best: none

Right
none
Best: none

Constant
0 00000000 a match 1
1 11111111 a

Matching output
0 absent
1 C0
2 absent
3 absent
4 absent
5 absent
6 absent
7 absent

Left
none
Best: none

Right
none
Best: none

AND
01 10 00010010 2 match 7
12 21 10000011 3 match 4
23 32 00000010 1
34 43 00011000 2
45 54 10000000 1
56 65 00000011 2
67 76 01000000 1
70 07 00000000 a match 1

02 20 00000010 1
13 31 01010010 3
24 42 10000000 1
35 53 00000010 1
46 64 00011000 2
57 75 00000000 a match 1
60 06 00010010 2 match 7
71 17 01000000 1

03 30 00010010 2 match 7
14 41 10010000 2
25 52 10000011 3 match 4
36 63 01011010 4
47 74 00000000 a match 1
50 05 00000010 1
61 16 01010011 4
72 27 00000000 a match 1

04 40 00010000 1
15 51 10000011 3 match 4
26 62 00000011 2
37 73 01000000 1

Matching output
0 absent
1 70 07 57 75 47 74 72 27
2 absent
3 absent
4 12 21 25 52 15 51
5 absent
6 absent
7 01 10 60 06 03 30

Left
none
Best: none

Right
01 70y
10 07y
60 57y
06 75y
03 72y
30 27y
Best: AND01: 1

OR
01 10 11010011 5
12 21 11010011 5
23 32 11011011 6
34 43 11011010 5
45 54 10011011 5
56 65 11011011 6
67 76 01011111 6
70 07 01010110 4

02 20 10010011 4
13 31 11011011 6
24 42 10011011 5
35 53 11011011 6
46 64 11011011 6
57 75 11000111 5
60 06 01011011 5 match 5
71 17 11010111 6

03 30 01011010 4
14 41 11011011 6
25 52 10000011 3 match 4
36 63 01011011 5 match 5
47 74 11011100 5 match 3
50 05 10010011 4
61 16 11011011 6
72 27 11000111 5

04 40 10011010 4
15 51 11010011 5
26 62 11011011 6
37 73 01011110 5

Matching output
0 absent
1 absent
2 absent
3 47 74
4 25 52
5 60 06 36 63
6 absent
7 absent

Left
none
Best: none

Right
none
Best: none

XOR
01 10 11000001 3
12 21 01010000 2
23 32 11011001 5
34 43 11000010 3
45 54 00011011 4
56 65 11011000 4
67 76 00011111 5
70 07 01010110 4

02 20 10010001 3
13 31 10001001 3
24 42 00011011 4
35 53 11011001 5
46 64 11000011 4
57 75 11000111 5
60 06 01001001 3
71 17 10010111 5

03 30 01001000 2
14 41 01001011 4 match 0
25 52 00000000 a match 1
36 63 00000001 1 match 2
47 74 11011100 5 match 3
50 05 10010001 3
61 16 10001000 2
72 27 11000111 5

04 40 10001010 3
15 51 01010000 2
26 62 11011000 4
37 73 00011110 4

Matching output
0 14 41
1 25 52
2 36 63
3 47 74
4 absent
5 absent
6 absent
7 absent

Left
14 25 36 47 50x
41 52 63 74 05x
Best: XOR14 25 36 47: 4

Right
none
Best: none

AND-NOT
01 00000000 a match 1
12 01010000 2
23 10000001 2
34 01000010 2
45 00011000 2
56 10000000 1
67 00011011 4
70 01000100 2 match 6

02 00010000 1
13 10000001 2
24 00000011 2
35 01011000 3
46 10000000 1
57 10000011 3 match 4
60 01001001 3
71 00000100 1

03 00000000 a match 1
14 01000011 3
25 00000000 a match 1
36 00000000 a match 1
47 10011000 3
50 10000001 2
61 00001000 1
72 01000100 2 match 6

04 00000010 1
15 01010000 2
26 10000000 1
37 00011010 3
40 10001000 2
51 00000000 a match 1
62 01011000 3
73 00000100 1

05 00010000 1
16 10000000 1
27 10000011 3 match 4
30 01001000 2
41 00001000 1
52 00000000 a match 1
63 00000001 1 match 2
74 01000100 2 match 6

06 00000000 a match 1
17 10010011 4
20 10000001 2
31 00001000 1
42 00011000 2
53 10000001 2
64 01000011 3
75 01000100 2 match 6

07 00010010 2 match 7
10 11000001 3
21 00000000 a match 1
32 01011000 3
43 10000000 1
54 00000011 2
65 01011000 3
76 00000100 1

Matching output
0 absent
1 01 03 25 36 51 52 06 21
2 63
3 absent
4 57 27
5 absent
6 70 72 74 75
7 07

Left
none
Best: none

Right
07 76x
Best: AND-NOT07: 1

OR-NOT
01 00111110 5
12 11111111 a
23 10100111 5
34 01111111 7
45 11111100 6
56 10100111 5
67 11111011 7
70 11101101 6

02 01111110 6
13 11110111 7
24 11100111 6
35 01111110 6
46 10111100 5
57 10111011 6
60 11111111 a
71 01101100 4

03 10110111 6
14 11110111 7
25 11111111 a
36 11111110 7
47 10111011 6
50 11101111 7
61 01111111 7
72 01111100 5

04 01110111 6
15 11111111 a
26 10100111 5
37 11111011 7
40 11111101 7
51 10101111 6
62 01111111 7
73 11100101 5

05 01111110 6
16 11110111 7
27 10111011 6
30 11111111 a
41 10111100 5
52 11111111 a
63 11111111 a
74 01100111 5

06 10110110 5
17 11111011 7
20 11101111 7
31 01111110 6
42 11111100 6
53 10100111 5
64 01111111 7
75 01111100 5

07 10111011 6
10 11111111 a
21 10101111 6
32 01111110 6
43 10111101 6
54 11100111 6
65 01111111 7
76 11100100 4

Matching output
0 absent
1 absent
2 absent
3 absent
4 absent
5 absent
6 absent
7 absent

Left
none
Best: none

Right
none
Best: none

XOR-NOT
01 00111110 5
12 10101111 6
23 00100110 3
34 00111101 5
45 11100100 4
56 00100111 4
67 11100000 3
70 10101001 4

02 01101110 5
13 01110110 5
24 11100100 4
35 00100110 3
46 00111100 4
57 00111000 3
60 10110110 5
71 01101000 3

03 10110111 6
14 10110100 4
25 11111111 a
36 11111110 7
47 00100011 3
50 01101110 5
61 01110111 6
72 00111000 3

04 01110101 5
15 10101111 6
26 00100111 4
37 11100001 4
40 01110101 5
51 10101111 6
62 00100111 4
73 11100001 4

05 01101110 5
16 01110111 6
27 00111000 3
30 10110111 6
41 10110100 4
52 11111111 a
63 11111110 7
74 00100011 3

06 10110110 5
17 01101000 3
20 01101110 5
31 01110110 5
42 11100100 4
53 00100110 3
64 00111100 4
75 00111000 3

07 10101001 4
10 00111110 5
21 10101111 6
32 00100110 3
43 00111101 5
54 11100100 4
65 00100111 4
76 11100000 3

Matching output
0 absent
1 absent
2 absent
3 absent
4 absent
5 absent
6 absent
7 absent

Left
none
Best: none

Right
none
Best: none

Selecting

Lefts
Identity none
NOT none
Constant none
AND none
OR none
XOR XOR14 25 36 47: 4
AND-NOT none
OR-NOT none
XOR-NOT none

Rights
Identity I0 7 6 5: 4
NOT none
Constant none
AND AND01: 1
OR none
XOR none
AND-NOT AND-NOT07: 1
OR-NOT none
XOR-NOT none

Left longest: 4
Right longest: 4

Left winner: Identity no, NOT no, Constant no, AND no, OR no, XOR yes, AND-NOT no, OR-NOT no, XOR-NOT no
Right winner: Identity yes, NOT no, Constant no, AND no, OR no, XOR no, AND-NOT no, OR-NOT no, XOR-NOT no

Best left: XOR14 25 36 47: 4
Best right: I0 7 6 5: 4

Truncated left: XOR14 25 36 47: 4
Truncated right: I0 7 6 5: 4

Tentative from right
7 I0
6 I7
5 I6
4 I5
3 pending
2 pending
1 pending
0 pending

Tentative
0 XOR14
1 XOR25
2 XOR36
3 XOR47
4 I5
5 I6
6 I7
7 I0

Preferred from left
0 XOR14
1 XOR25
2 XOR36
3 XOR47
4 I5
5 I6
6 I7
7 I0

Preferred from right
7 I0
6 I7
5 I6
4 I5
3 XOR47
2 XOR36
1 XOR25
0 XOR14

Preferred
0 XOR14
1 XOR25
2 XOR36
3 XOR47
4 I5
5 I6
6 I7
7 I0

Matching
0 XOR14
1 XOR25
2 XOR36
3 XOR47
4 I5
5 I6
6 I7
7 I0

Perfect match
Identity no
NOT no
Constant no
AND no
OR no
XOR no
AND-NOT no
OR-NOT no
XOR-NOT no

Matched
0 XOR14
1 XOR25
2 XOR36
3 XOR47
4 I5
5 I6
6 I7
7 I0

Selected
0 XOR14
1 XOR25
2 XOR36
3 XOR47
4 I5
5 I6
6 I7
7 I0

Applying to 11110010
Input
0 1
1 1
2 1
3 1
4 0
5 0
6 1
7 0
Output
0 XOR14 = XOR(1,0) = 1
1 XOR25 = XOR(1,0) = 1
2 XOR36 = XOR(1,1) = 0
3 XOR47 = XOR(0,0) = 0
4 I5 = 0
5 I6 = 1
6 I7 = 0
7 I0 = 1

I will now return the answer in \boxed{}
The answer in \boxed is
\boxed{11000101}