We need to deduce the transformation by matching the example outputs.
I will put my final answer inside \boxed{}.

Output 0: 00000000
0 0
1 0
2 0
3 0
4 0
5 0
6 0
7 0

Output 1: 10100011
0 1
1 0
2 1
3 0
4 0
5 0
6 1
7 1

Output 2: 10100010
0 1
1 0
2 1
3 0
4 0
5 0
6 1
7 0

Output 3: 00000000
0 0
1 0
2 0
3 0
4 0
5 0
6 0
7 0

Output 4: 00000000
0 0
1 0
2 0
3 0
4 0
5 0
6 0
7 0

Output 5: 00000000
0 0
1 0
2 0
3 0
4 0
5 0
6 0
7 0

Output 6: 00100000
0 0
1 0
2 1
3 0
4 0
5 0
6 0
7 0

Output 7: 00000000
0 0
1 0
2 0
3 0
4 0
5 0
6 0
7 0

Output 8: 00000000
0 0
1 0
2 0
3 0
4 0
5 0
6 0
7 0

Output 9: 00000000
0 0
1 0
2 0
3 0
4 0
5 0
6 0
7 0

Output bit columns (with bitsum as hash)
0 0110000000 2
1 0000000000 a
2 0110001000 3
3 0000000000 a
4 0000000000 a
5 0000000000 a
6 0110000000 2
7 0100000000 1

Input 0: 10000100
0 1
1 0
2 0
3 0
4 0
5 1
6 0
7 0

Input 1: 01101111
0 0
1 1
2 1
3 0
4 1
5 1
6 1
7 1

Input 2: 01001111
0 0
1 1
2 0
3 0
4 1
5 1
6 1
7 1

Input 3: 00010010
0 0
1 0
2 0
3 1
4 0
5 0
6 1
7 0

Input 4: 10010100
0 1
1 0
2 0
3 1
4 0
5 1
6 0
7 0

Input 5: 00101000
0 0
1 0
2 1
3 0
4 1
5 0
6 0
7 0

Input 6: 01011001
0 0
1 1
2 0
3 1
4 1
5 0
6 0
7 1

Input 7: 00010100
0 0
1 0
2 0
3 1
4 0
5 1
6 0
7 0

Input 8: 00111000
0 0
1 0
2 1
3 1
4 1
5 0
6 0
7 0

Input 9: 01110000
0 0
1 1
2 1
3 1
4 0
5 0
6 0
7 0

When matching output
x: not in operator
y: wrong position

Identity
0 1000100000 2
1 0110001001 4
2 0100010011 4
3 0001101111 6
4 0110011010 5
5 1110100100 5
6 0111000000 3
7 0110001000 3 match 2

Matching output
0 absent
1 absent
2 7
3 absent
4 absent
5 absent
6 absent
7 absent

Left
none
Best: none

Right
none
Best: none

NOT
0 0111011111 8
1 1001110110 6
2 1011101100 6
3 1110010000 4
4 1001100101 5
5 0001011011 5
6 1000111111 7
7 1001110111 7

Matching output
0 absent
1 absent
2 absent
3 absent
4 absent
5 absent
6 absent
7 absent

Left
none
Best: none

Right
none
Best: none

Constant
0 0000000000 a match 1 3 4 5
1 1111111111 a

Matching output
0 absent
1 C0
2 absent
3 C0
4 C0
5 C0
6 absent
7 absent

Left
none
Best: none

Right
none
Best: none

AND
01 10 0000000000 a match 1 3 4 5
12 21 0100000001 2
23 32 0000000011 2
34 43 0000001010 2
45 54 0110000000 2 match 0 6
56 65 0110000000 2 match 0 6
67 76 0110000000 2 match 0 6
70 07 0000000000 a match 1 3 4 5

02 20 0000000000 a match 1 3 4 5
13 31 0000001001 2
24 42 0100010010 3
35 53 0000100100 2
46 64 0110000000 2 match 0 6
57 75 0110000000 2 match 0 6
60 06 0000000000 a match 1 3 4 5
71 17 0110001000 3 match 2

03 30 0000100000 1
14 41 0110001000 3 match 2
25 52 0100000000 1 match 7
36 63 0001000000 1
47 74 0110001000 3 match 2
50 05 1000100000 2
61 16 0110000000 2 match 0 6
72 27 0100000000 1 match 7

04 40 0000000000 a match 1 3 4 5
15 51 0110000000 2 match 0 6
26 62 0100000000 1 match 7
37 73 0000001000 1

Matching output
0 45 54 56 65 67 76 46 64 57 75 61 16 15 51
1 01 10 70 07 02 20 60 06 04 40
2 71 17 14 41 47 74
3 01 10 70 07 02 20 60 06 04 40
4 01 10 70 07 02 20 60 06 04 40
5 01 10 70 07 02 20 60 06 04 40
6 45 54 56 65 67 76 46 64 57 75 61 16 15 51
7 25 52 72 27 26 62

Left
45 56y
54 65y
56 67y
65 76y
67 70 01y
76 07 10y
46 57y
64 75y
57 60 71 02 13x
75 06 17 20 31x
61 72y
16 27y
15 26y
51 62y
Best: AND57 60 71 02: 4

Right
25 14y
52 41y
72 61 50x
27 16 05x
26 15 04 73x
62 51 40 37x
Best: AND26 15 04: 3

OR
01 10 1110101001 6
12 21 0110011011 6
23 32 0101111111 8
34 43 0111111111 9
45 54 1110111110 8
56 65 1111100100 6
67 76 0111001000 4
70 07 1110101000 5

02 20 1100110011 6
13 31 0111101111 8
24 42 0110011011 6
35 53 1111101111 9
46 64 0111011010 6
57 75 1110101100 6
60 06 1111100000 5
71 17 0110001001 4

03 30 1001101111 7
14 41 0110011011 6
25 52 1110110111 8
36 63 0111101111 8
47 74 0110011010 5
50 05 1110100100 5
61 16 0111001001 5
72 27 0110011011 6

04 40 1110111010 7
15 51 1110101101 7
26 62 0111010011 6
37 73 0111101111 8

Matching output
0 absent
1 absent
2 absent
3 absent
4 absent
5 absent
6 absent
7 absent

Left
none
Best: none

Right
none
Best: none

XOR
01 10 1110101001 6
12 21 0010011010 4
23 32 0101111100 6
34 43 0111110101 7
45 54 1000111110 6
56 65 1001100100 4
67 76 0001001000 2
70 07 1110101000 5

02 20 1100110011 6
13 31 0111100110 6
24 42 0010001001 3
35 53 1111001011 7
46 64 0001011010 4
57 75 1000101100 4
60 06 1111100000 5
71 17 0000000001 1

03 30 1001001111 6
14 41 0000010011 3
25 52 1010110111 7
36 63 0110101111 7
47 74 0000010010 2
50 05 0110000100 3
61 16 0001001001 3
72 27 0010011011 5

04 40 1110111010 7
15 51 1000101101 5
26 62 0011010011 5
37 73 0111100111 7

Matching output
0 absent
1 absent
2 absent
3 absent
4 absent
5 absent
6 absent
7 absent

Left
none
Best: none

Right
none
Best: none

AND-NOT
01 1000100000 2
12 0010001000 2
23 0100010000 2
34 0001100101 4
45 0000011010 3
56 1000100100 3
67 0001000000 1
70 0110001000 3 match 2

02 1000100000 2
13 0110000000 2 match 0 6
24 0000000001 1
35 0001001011 4
46 0000011010 3
57 1000100100 3
60 0111000000 3
71 0000000000 a match 1 3 4 5

03 1000000000 1
14 0000000001 1
25 0000010011 3
36 0000101111 5
47 0000010010 2
50 0110000100 3
61 0001000000 1
72 0010001000 2

04 1000100000 2
15 0000001001 2
26 0000010011 3
37 0001100111 5
40 0110011010 5
51 1000100100 3
62 0011000000 2
73 0110000000 2 match 0 6

05 0000000000 a match 1 3 4 5
16 0000001001 2
27 0000010011 3
30 0001001111 5
41 0000010010 2
52 1010100100 4
63 0110000000 2 match 0 6
74 0000000000 a match 1 3 4 5

06 1000100000 2
17 0000000001 1
20 0100010011 4
31 0001100110 4
42 0010001000 2
53 1110000000 3
64 0001000000 1
75 0000001000 1

07 1000100000 2
10 0110001001 4
21 0000010010 2
32 0001101100 4
43 0110010000 3
54 1000100100 3
65 0001000000 1
76 0000001000 1

Matching output
0 13 73 63
1 71 05 74
2 70
3 71 05 74
4 71 05 74
5 71 05 74
6 13 73 63
7 absent

Left
13 24x
73 04x
63 74 05y
Best: AND-NOT63 74: 2

Right
none
Best: none

OR-NOT
01 1001110110 6
12 1111101101 8
23 1110010011 6
34 1001101111 7
45 0111011011 7
56 1110111111 9
67 1111110111 9
70 0111011111 8

02 1011101100 6
13 1110011001 6
24 1101110111 8
35 0001111111 7
46 1110111111 9
57 1111110111 9
60 0111011111 8
71 1111111110 9

03 1110110000 5
14 1111101101 8
25 0101011011 6
36 1001111111 8
47 1111111111 a
50 1111111111 a
61 1111110110 8
72 1111101100 7

04 1001100101 5
15 0111011011 7
26 1100111111 8
37 1001111111 8
40 0111011111 8
51 1111110110 8
62 1111101100 7
73 1110011000 5

05 1001111011 7
16 1110111111 9
27 1101110111 8
30 0111111111 9
41 1111111110 9
52 1111101100 7
63 1111010000 5
74 1111101101 8

06 1000111111 7
17 1111111111 a
20 0111011111 8
31 1001111111 8
42 1111111110 9
53 1110110100 6
64 1111100101 7
75 0111011011 7

07 1001110111 7
10 0111011111 8
21 1101110111 8
32 1011101111 8
43 1110011010 6
54 1111100101 7
65 0111011011 7
76 1110111111 9

Matching output
0 absent
1 absent
2 absent
3 absent
4 absent
5 absent
6 absent
7 absent

Left
none
Best: none

Right
none
Best: none

XOR-NOT
01 0001010110 4
12 1101100101 6
23 1010000011 4
34 1000001010 3
45 0111000001 4
56 0110011011 6
67 1110110111 8
70 0001010111 5

02 0011001100 4
13 1000011001 4
24 1101110110 7
35 0000110100 3
46 1110100101 6
57 0111010011 6
60 0000011111 5
71 1111111110 9

03 0110110000 4
14 1111101100 7
25 0101001000 3
36 1001010000 3
47 1111101101 8
50 1001111011 7
61 1110110110 7
72 1101100100 5

04 0001000101 3
15 0111010010 5
26 1100101100 5
37 1000011000 3
40 0001000101 3
51 0111010010 5
62 1100101100 5
73 1000011000 3

05 1001111011 7
16 1110110110 7
27 1101100100 5
30 0110110000 4
41 1111101100 7
52 0101001000 3
63 1001010000 3
74 1111101101 8

06 0000011111 5
17 1111111110 9
20 0011001100 4
31 1000011001 4
42 1101110110 7
53 0000110100 3
64 1110100101 6
75 0111010011 6

07 0001010111 5
10 0001010110 4
21 1101100101 6
32 1010000011 4
43 1000001010 3
54 0111000001 4
65 0110011011 6
76 1110110111 8

Matching output
0 absent
1 absent
2 absent
3 absent
4 absent
5 absent
6 absent
7 absent

Left
none
Best: none

Right
none
Best: none

Selecting

Lefts
Identity none
NOT none
Constant none
AND AND57 60 71 02: 4
OR none
XOR none
AND-NOT AND-NOT63 74: 2
OR-NOT none
XOR-NOT none

Rights
Identity none
NOT none
Constant none
AND AND26 15 04: 3
OR none
XOR none
AND-NOT none
OR-NOT none
XOR-NOT none

Left longest: 4
Right longest: 3

Left winner: Identity no, NOT no, Constant no, AND yes, OR no, XOR no, AND-NOT no, OR-NOT no, XOR-NOT no
Right winner: Identity no, NOT no, Constant no, AND yes, OR no, XOR no, AND-NOT no, OR-NOT no, XOR-NOT no

Best left: AND57 60 71 02: 4
Best right: AND26 15 04: 3

Truncated left: AND57 60 71 02: 4
Truncated right: AND26 15 04: 3

Tentative from right
7 AND26
6 AND15
5 AND04
4 pending
3 pending
2 pending
1 pending
0 pending

Tentative
0 AND57
1 AND60
2 AND71
3 AND02
4 pending
5 AND04
6 AND15
7 AND26

Preferred from left
0 AND57
1 AND60
2 AND71
3 AND02
4 ?13
5 AND04
6 AND15
7 AND26

Preferred from right
7 AND26
6 AND15
5 AND04
4 ?13
3 AND02
2 AND71
1 AND60
0 AND57

Preferred
0 AND57
1 AND60
2 AND71
3 AND02
4 ?13 ?31
5 AND04
6 AND15
7 AND26

Matching
0 AND57
1 AND60
2 AND71
3 AND02
4 ?13 ?31 - Identity absent, NOT absent, Constant C0, AND absent, OR absent, XOR absent, AND-NOT absent, OR-NOT absent, XOR-NOT absent
5 AND04
6 AND15
7 AND26

Perfect match
Identity no
NOT no
Constant yes
AND no
OR no
XOR no
AND-NOT no
OR-NOT no
XOR-NOT no

Matched
0 AND57
1 AND60
2 AND71
3 AND02
4 C0
5 AND04
6 AND15
7 AND26

Selected
0 AND57
1 AND60
2 AND71
3 C0
4 C0
5 AND04
6 AND15
7 AND26

Applying to 10101101
Input
0 1
1 0
2 1
3 0
4 1
5 1
6 0
7 1
Output
0 AND57 = AND(1,1) = 1
1 AND60 = AND(0,1) = 0
2 AND71 = AND(1,0) = 0
3 C0 = 0
4 C0 = 0
5 AND04 = AND(1,1) = 1
6 AND15 = AND(0,1) = 0
7 AND26 = AND(1,0) = 0

I will now return the answer in \boxed{}
The answer in \boxed{–} is \boxed{10000100}