We need to deduce the transformation by matching the example outputs.
I will put my final answer inside \boxed{}.

Output 0: 00001010
0 0
1 0
2 0
3 0
4 1
5 0
6 1
7 0

Output 1: 10010011
0 1
1 0
2 0
3 1
4 0
5 0
6 1
7 1

Output 2: 11000011
0 1
1 1
2 0
3 0
4 0
5 0
6 1
7 1

Output 3: 00101000
0 0
1 0
2 1
3 0
4 1
5 0
6 0
7 0

Output 4: 01010010
0 0
1 1
2 0
3 1
4 0
5 0
6 1
7 0

Output 5: 11110111
0 1
1 1
2 1
3 1
4 0
5 1
6 1
7 1

Output 6: 11011001
0 1
1 1
2 0
3 1
4 1
5 0
6 0
7 1

Output 7: 00110110
0 0
1 0
2 1
3 1
4 0
5 1
6 1
7 0

Output 8: 11010101
0 1
1 1
2 0
3 1
4 0
5 1
6 0
7 1

Output 9: 00011000
0 0
1 0
2 0
3 1
4 1
5 0
6 0
7 0

Output bit columns (with bitsum as hash)
0 0110011010 5
1 0010111010 5
2 0001010100 3
3 0100111111 7
4 1001001001 4
5 0000010110 3
6 1110110100 6
7 0110011010 5

Input 0: 11000011
0 1
1 1
2 0
3 0
4 0
5 0
6 1
7 1

Input 1: 01100100
0 0
1 1
2 1
3 0
4 0
5 1
6 0
7 0

Input 2: 01110000
0 0
1 1
2 1
3 1
4 0
5 0
6 0
7 0

Input 3: 00001010
0 0
1 0
2 0
3 0
4 1
5 0
6 1
7 0

Input 4: 01010100
0 0
1 1
2 0
3 1
4 0
5 1
6 0
7 0

Input 5: 01111101
0 0
1 1
2 1
3 1
4 1
5 1
6 0
7 1

Input 6: 10110111
0 1
1 0
2 1
3 1
4 0
5 1
6 1
7 1

Input 7: 11001100
0 1
1 1
2 0
3 0
4 1
5 1
6 0
7 0

Input 8: 10110100
0 1
1 0
2 1
3 1
4 0
5 1
6 0
7 0

Input 9: 10000111
0 1
1 0
2 0
3 0
4 0
5 1
6 1
7 1

When matching output
x: not in operator
y: wrong position

Identity
0 1000001111 5
1 1110110100 6 match 6
2 0110011010 5 match 0 7
3 0010111010 5 match 1
4 0001010100 3 match 2
5 0100111111 7 match 3
6 1001001001 4 match 4
7 1000011001 4

Matching output
0 2
1 3
2 4
3 5
4 6
5 absent
6 1
7 2

Left
2 3 4 5 6 7x
Best: I2 3 4 5 6: 5

Right
2 1 0x
Best: I2 1: 2

NOT
0 0111110000 5
1 0001001011 4
2 1001100101 5
3 1101000101 5
4 1110101011 7
5 1011000000 3
6 0110110110 6
7 0111100110 6

Matching output
0 absent
1 absent
2 absent
3 absent
4 absent
5 absent
6 absent
7 absent

Left
none
Best: none

Right
none
Best: none

Constant
0 0000000000 a
1 1111111111 a

Matching output
0 absent
1 absent
2 absent
3 absent
4 absent
5 absent
6 absent
7 absent

Left
none
Best: none

Right
none
Best: none

AND
01 10 1000000100 2
12 21 0110010000 3
23 32 0010011010 4
34 43 0000010000 1
45 54 0000010100 2
56 65 0000001001 2
67 76 1000001001 3
70 07 1000001001 3

02 20 0000001010 2
13 31 0010110000 3
24 42 0000010000 1
35 53 0000111010 4
46 64 0001000000 1
57 75 0000011001 3
60 06 1000001001 3
71 17 1000010000 2

03 30 0000001010 2
14 41 0000010100 2
25 52 0100011010 4
36 63 0000001000 1
47 74 0000010000 1
50 05 0000001111 4
61 16 1000000000 1
72 27 0000011000 2

04 40 0000000100 1
15 51 0100110100 4
26 62 0000001000 1
37 73 0000011000 2

Matching output
0 absent
1 absent
2 absent
3 absent
4 absent
5 absent
6 absent
7 absent

Left
none
Best: none

Right
none
Best: none

OR
01 10 1110111111 9
12 21 1110111110 8
23 32 0110111010 6
34 43 0011111110 7
45 54 0101111111 8
56 65 1101111111 9
67 76 1001011001 5
70 07 1000011111 6

02 20 1110011111 8
13 31 1110111110 8
24 42 0111011110 7
35 53 0110111111 8
46 64 1001011101 6
57 75 1100111111 8
60 06 1001001111 6
71 17 1110111101 8

03 30 1010111111 8
14 41 1111110100 7
25 52 0110111111 8
36 63 1011111011 8
47 74 1001011101 6
50 05 1100111111 8
61 16 1111111101 9
72 27 1110011011 7

04 40 1001011111 7
15 51 1110111111 9
26 62 1111011011 8
37 73 1010111011 7

Matching output
0 absent
1 absent
2 absent
3 absent
4 absent
5 absent
6 absent
7 absent

Left
none
Best: none

Right
none
Best: none

XOR
01 10 0110111011 7
12 21 1000101110 5
23 32 0100100000 2
34 43 0011101110 6
45 54 0101101011 6
56 65 1101110110 7
67 76 0001010000 2
70 07 0000010110 3 match 5

02 20 1110010101 6
13 31 1100001110 5
24 42 0111001110 6
35 53 0110000101 4
46 64 1000011101 5
57 75 1100100110 5
60 06 0001000110 3
71 17 0110101101 6

03 30 1010110101 6
14 41 1111100000 5
25 52 0010100101 4
36 63 1011110011 7
47 74 1001001101 5
50 05 1100110000 4
61 16 0111111101 8
72 27 1110000011 5

04 40 1001011011 6
15 51 1010001011 5
26 62 1111010011 7
37 73 1010100011 5

Matching output
0 absent
1 absent
2 absent
3 absent
4 absent
5 70 07
6 absent
7 absent

Left
none
Best: none

Right
none
Best: none

AND-NOT
01 0000001011 3
12 1000100100 3
23 0100000000 1
34 0010101010 4
45 0001000000 1
56 0100110110 5
67 0001000000 1
70 0000010000 1

02 1000000101 3
13 1100000100 3
24 0110001010 4
35 0010000000 1
46 0000010100 2
57 0100100110 4
60 0001000000 1
71 0000001001 2

03 1000000101 3
14 1110100000 4
25 0010000000 1
36 0010110010 4
47 0001000100 2
50 0100110000 3
61 0001001001 3
72 1000000001 2

04 1000001011 4
15 1010000000 2
26 0110010010 4
37 0010100010 3
40 0001010000 2
51 0000001011 3
62 1001000001 3
73 1000000001 2

05 1000000000 1
16 0110110100 5
27 0110000010 3
30 0010110000 3
41 0001000000 1
52 0000100101 3
63 1001000001 3
74 1000001001 3

06 0000000110 2
17 0110100100 4
20 0110010000 3
31 0000001010 2
42 0001000100 2
53 0100000101 3
64 1000001001 3
75 1000000000 1

07 0000000110 2
10 0110110000 4
21 0000001010 2
32 0000100000 1
43 0001000100 2
54 0100101011 5
65 1001000000 2
76 0000010000 1

Matching output
0 absent
1 absent
2 absent
3 absent
4 absent
5 absent
6 absent
7 absent

Left
none
Best: none

Right
none
Best: none

OR-NOT
01 1001001111 6
12 1111110101 8
23 1111011111 9
34 1110111011 8
45 1011010100 5
56 0110111111 8
67 1111101111 9
70 1111111001 8

02 1001101111 7
13 1111110101 8
24 1110111011 8
35 1011111010 7
46 0111110110 7
57 0111111111 9
60 1111111001 8
71 1001011011 6

03 1101001111 7
14 1110111111 9
25 1111011010 7
36 0110111110 7
47 0111110110 7
50 0111111111 9
61 1001001011 5
72 1001111101 7

04 1110101111 8
15 1111110100 7
26 0110111110 7
37 0111111110 8
40 0111110100 6
51 0101111111 8
62 1001101101 6
73 1101011101 7

05 1011001111 7
16 1110110110 7
27 0111111110 8
30 0111111010 7
41 0001011111 6
52 1101111111 9
63 1101001101 6
74 1110111011 8

06 1110111111 9
17 1111110110 8
20 0111111010 7
31 0011111011 7
42 1001110101 6
53 1101111111 9
64 1111101011 8
75 1011011001 6

07 1111101111 9
10 1111110100 7
21 0111011011 7
32 1011111111 9
43 1101010101 6
54 1110111111 9
65 1011001001 5
76 1110111111 9

Matching output
0 absent
1 absent
2 absent
3 absent
4 absent
5 absent
6 absent
7 absent

Left
none
Best: none

Right
none
Best: none

XOR-NOT
01 1001000100 3
12 0111010001 5
23 1011011111 8
34 1100010001 4
45 1010010100 4
56 0010001001 3
67 1110101111 8
70 1111101001 7

02 0001101010 4
13 0011110001 5
24 1000110001 4
35 1001111010 6
46 0111100010 5
57 0011011001 5
60 1110111001 7
71 1001010010 4

03 0101001010 4
14 0000011111 5
25 1101011010 6
36 0100001100 3
47 0110110010 5
50 0011001111 6
61 1000000010 2
72 0001111100 5

04 0110100100 4
15 0101110100 5
26 0000101100 3
37 0101011100 5
40 0110100100 4
51 0101110100 5
62 0000101100 3
73 0101011100 5

05 0011001111 6
16 1000000010 2
27 0001111100 5
30 0101001010 4
41 0000011111 5
52 1101011010 6
63 0100001100 3
74 0110110010 5

06 1110111001 7
17 1001010010 4
20 0001101010 4
31 0011110001 5
42 1000110001 4
53 1001111010 6
64 0111100010 5
75 0011011001 5

07 1111101001 7
10 1001000100 3
21 0111010001 5
32 1011011111 8
43 1100010001 4
54 1010010100 4
65 0010001001 3
76 1110101111 8

Matching output
0 absent
1 absent
2 absent
3 absent
4 absent
5 absent
6 absent
7 absent

Left
none
Best: none

Right
none
Best: none

Selecting

Lefts
Identity I2 3 4 5 6: 5
NOT none
Constant none
AND none
OR none
XOR none
AND-NOT none
OR-NOT none
XOR-NOT none

Rights
Identity I2 1: 2
NOT none
Constant none
AND none
OR none
XOR none
AND-NOT none
OR-NOT none
XOR-NOT none

Left longest: 5
Right longest: 2

Left winner: Identity yes, NOT no, Constant no, AND no, OR no, XOR no, AND-NOT no, OR-NOT no, XOR-NOT no
Right winner: Identity yes, NOT no, Constant no, AND no, OR no, XOR no, AND-NOT no, OR-NOT no, XOR-NOT no

Best left: I2 3 4 5 6: 5
Best right: I2 1: 2

Truncated left: I2 3 4 5 6: 5
Truncated right: I2 1: 2

Tentative from right
7 I2
6 I1
5 pending
4 pending
3 pending
2 pending
1 pending
0 pending

Tentative
0 I2
1 I3
2 I4
3 I5
4 I6
5 pending
6 I1
7 I2

Preferred from left
0 I2
1 I3
2 I4
3 I5
4 I6
5 ?7?
6 I1
7 I2

Preferred from right
7 I2
6 I1
5 ?70
4 I6
3 I5
2 I4
1 I3
0 I2

Preferred
0 I2
1 I3
2 I4
3 I5
4 I6
5 ?70 ?07
6 I1
7 I2

Matching
0 I2
1 I3
2 I4
3 I5
4 I6
5 ?70 ?07 - Identity absent, NOT absent, Constant absent, AND absent, OR absent, XOR70, AND-NOT absent, OR-NOT absent, XOR-NOT absent
6 I1
7 I2

Perfect match
Identity no
NOT no
Constant no
AND no
OR no
XOR yes
AND-NOT no
OR-NOT no
XOR-NOT no

Matched
0 I2
1 I3
2 I4
3 I5
4 I6
5 XOR70
6 I1
7 I2

Selected
0 I2
1 I3
2 I4
3 I5
4 I6
5 XOR70
6 I1
7 I2

Applying to 00000001
Input
0 0
1 0
2 0
3 0
4 0
5 0
6 0
7 1
Output
0 I2 = 0
1 I3 = 0
2 I4 = 0
3 I5 = 0
4 I6 = 0
5 XOR70 = XOR(1,0) = 1
6 I1 = 0
7 I2 = 0

I will now return the answer in \boxed{}
The answer in \boxed is
\boxed{00000100}