We need to deduce the transformation by matching the example outputs.
I will put my final answer inside \boxed{}.

Output 0: 00100100
0 0
1 0
2 1
3 0
4 0
5 1
6 0
7 0

Output 1: 00000000
0 0
1 0
2 0
3 0
4 0
5 0
6 0
7 0

Output 2: 00100000
0 0
1 0
2 1
3 0
4 0
5 0
6 0
7 0

Output 3: 00011000
0 0
1 0
2 0
3 1
4 1
5 0
6 0
7 0

Output 4: 00000000
0 0
1 0
2 0
3 0
4 0
5 0
6 0
7 0

Output 5: 11111000
0 1
1 1
2 1
3 1
4 1
5 0
6 0
7 0

Output 6: 11000000
0 1
1 1
2 0
3 0
4 0
5 0
6 0
7 0

Output 7: 10011100
0 1
1 0
2 0
3 1
4 1
5 1
6 0
7 0

Output bit columns (with bitsum as hash)
0 00000111 3
1 00000110 2
2 10100100 3
3 00010101 3
4 00010101 3
5 10000001 2
6 00000000 a
7 00000000 a

Input 0: 10001101
0 1
1 0
2 0
3 0
4 1
5 1
6 0
7 1

Input 1: 01001001
0 0
1 1
2 0
3 0
4 1
5 0
6 0
7 1

Input 2: 01101100
0 0
1 1
2 1
3 0
4 1
5 1
6 0
7 0

Input 3: 01000111
0 0
1 1
2 0
3 0
4 0
5 1
6 1
7 1

Input 4: 01100101
0 0
1 1
2 1
3 0
4 0
5 1
6 0
7 1

Input 5: 00111111
0 0
1 0
2 1
3 1
4 1
5 1
6 1
7 1

Input 6: 01111001
0 0
1 1
2 1
3 1
4 1
5 0
6 0
7 1

Input 7: 10110111
0 1
1 0
2 1
3 1
4 0
5 1
6 1
7 1

When matching output
x: not in operator
y: wrong position

Identity
0 10000001 2 match 5
1 01111010 5
2 00101111 5
3 00000111 3 match 0
4 11100110 5
5 10111101 6
6 00010101 3 match 3 4
7 11011111 7

Matching output
0 3
1 absent
2 absent
3 6
4 6
5 0
6 absent
7 absent

Left
3 4x
Best: I3: 1

Right
none
Best: none

NOT
0 01111110 6
1 10000101 3
2 11010000 3
3 11111000 5
4 00011001 3
5 01000010 2
6 11101010 5
7 00100000 1

Matching output
0 absent
1 absent
2 absent
3 absent
4 absent
5 absent
6 absent
7 absent

Left
none
Best: none

Right
none
Best: none

Constant
0 00000000 a match 6 7
1 11111111 a

Matching output
0 absent
1 absent
2 absent
3 absent
4 absent
5 absent
6 C0
7 C0

Left
none
Best: none

Right
0 0
Best: C0 0: 2

AND
01 10 00000000 a match 6 7
12 21 00101010 3
23 32 00000111 3 match 0
34 43 00000110 2 match 1
45 54 10100100 3 match 2
56 65 00010101 3 match 3 4
67 76 00010101 3 match 3 4
70 07 10000001 2 match 5

02 20 00000001 1
13 31 00000010 1
24 42 00100110 3
35 53 00000101 2
46 64 00000100 1
57 75 10011101 5
60 06 00000001 1
71 17 01011010 4

03 30 00000001 1
14 41 01100010 3
25 52 00101101 4
36 63 00000101 2
47 74 11000110 4
50 05 10000001 2 match 5
61 16 00010000 1
72 27 00001111 4

04 40 10000000 1
15 51 00111000 3
26 62 00000101 2
37 73 00000111 3 match 0

Matching output
0 23 32 37 73
1 34 43
2 45 54
3 56 65 67 76
4 56 65 67 76
5 70 07 50 05
6 01 10
7 01 10

Left
23 34 45 56 67 70 01 12x
32 43 54 65 76 07 10 21x
37 40x
73 04x
Best: AND23 34 45 56 67 70 01: 7

Right
01 70y
10 07y
Best: AND01: 1

OR
01 10 11111011 7
12 21 01111111 7
23 32 00101111 5
34 43 11100111 6
45 54 11111111 a
56 65 10111101 6
67 76 11011111 7
70 07 11011111 7

02 20 10101111 6
13 31 01111111 7
24 42 11101111 7
35 53 10111111 7
46 64 11110111 7
57 75 11111111 a
60 06 10010101 4
71 17 11111111 a

03 30 10000111 4
14 41 11111110 7
25 52 10111111 7
36 63 00010111 4
47 74 11111111 a
50 05 10111101 6
61 16 01111111 7
72 27 11111111 a

04 40 11100111 6
15 51 11111111 a
26 62 00111111 6
37 73 11011111 7

Matching output
0 absent
1 absent
2 absent
3 absent
4 absent
5 absent
6 absent
7 absent

Left
none
Best: none

Right
none
Best: none

XOR
01 10 11111011 7
12 21 01010101 4
23 32 00101000 2
34 43 11100001 4
45 54 01011011 5
56 65 10101000 3
67 76 11001010 4
70 07 01011110 5

02 20 10101110 5
13 31 01111101 6
24 42 11001001 4
35 53 10111010 5
46 64 11110011 6
57 75 01100010 3
60 06 10010100 3
71 17 10100101 4

03 30 10000110 3
14 41 10011100 4
25 52 10010010 3
36 63 00010010 2
47 74 00111001 4
50 05 00111100 4
61 16 01101111 6
72 27 11110000 4

04 40 01100111 5
15 51 11000111 5
26 62 00111010 4
37 73 11011000 4

Matching output
0 absent
1 absent
2 absent
3 absent
4 absent
5 absent
6 absent
7 absent

Left
none
Best: none

Right
none
Best: none

AND-NOT
01 10000001 2 match 5
12 01010000 2
23 00101000 2
34 00000001 1
45 01000010 2
56 10101000 3
67 00000000 a match 6 7
70 01011110 5

02 10000000 1
13 01111000 4
24 00001001 2
35 00000010 1
46 11100010 4
57 00100000 1
60 00010100 2
71 10000101 3

03 10000000 1
14 00011000 2
25 00000010 1
36 00000010 1
47 00100000 1
50 00111100 4
61 00000101 2
72 11010000 3

04 00000001 1
15 01000010 2
26 00101010 3
37 00000000 a match 6 7
40 01100110 4
51 10000101 3
62 00010000 1
73 11011000 4

05 00000000 a match 6 7
16 01101010 4
27 00100000 1
30 00000110 2 match 1
41 10000100 2
52 10010000 2
63 00010000 1
74 00011001 3

06 10000000 1
17 00100000 1
20 00101110 4
31 00000101 2
42 11000000 2
53 10111000 4
64 00010001 2
75 01000010 2

07 00000000 a match 6 7
10 01111010 5
21 00000101 2
32 00000000 a match 6 7
43 11100000 3
54 00011001 3
65 00000000 a match 6 7
76 11001010 4

Matching output
0 absent
1 30
2 absent
3 absent
4 absent
5 01
6 67 37 05 07 32 65
7 67 37 05 07 32 65

Left
none
Best: none

Right
67 56x
37 26x
05 74x
07 76x
32 21x
65 54x
Best: AND-NOT67: 1

OR-NOT
01 10000101 3
12 11111010 6
23 11111111 a
34 00011111 5
45 11100110 5
56 11111111 a
67 00110101 4
70 11111111 a

02 11010001 4
13 11111010 6
24 00111111 6
35 01000111 4
46 11101110 6
57 10111101 6
60 01111111 7
71 11011111 7

03 11111001 6
14 01111011 6
25 01101111 6
36 11101111 7
47 11100110 5
50 11111111 a
61 10010101 4
72 11011111 7

04 10011001 4
15 01111010 5
26 11101111 7
37 00100111 4
40 11111110 7
51 10111101 6
62 11010101 5
73 11111111 a

05 11000011 4
16 11111010 6
27 00101111 5
30 01111111 7
41 11100111 6
52 11111101 7
63 11111101 7
74 11011111 7

06 11101011 6
17 01111010 5
20 01111111 7
31 10000111 4
42 11110110 6
53 11111101 7
64 00011101 4
75 11011111 7

07 10100001 3
10 01111110 6
21 10101111 6
32 11010111 6
43 11111110 7
54 10111101 6
65 01010111 5
76 11111111 a

Matching output
0 absent
1 absent
2 absent
3 absent
4 absent
5 absent
6 absent
7 absent

Left
none
Best: none

Right
none
Best: none

XOR-NOT
01 00000100 1
12 10101010 4
23 11010111 6
34 00011110 4
45 10100100 3 match 2
56 01010111 5
67 00110101 4
70 10100001 3

02 01010001 3
13 10000010 2
24 00110110 4
35 01000101 3
46 00001100 2
57 10011101 5
60 01101011 5
71 01011010 4

03 01111001 5
14 01100011 4
25 01101101 5
36 11101101 6
47 11000110 4
50 11000011 4
61 10010000 2
72 00001111 4

04 10011000 3
15 00111000 3
26 11000101 4
37 00100111 4
40 10011000 3
51 00111000 3
62 11000101 4
73 00100111 4

05 11000011 4
16 10010000 2
27 00001111 4
30 01111001 5
41 01100011 4
52 01101101 5
63 11101101 6
74 11000110 4

06 01101011 5
17 01011010 4
20 01010001 3
31 10000010 2
42 00110110 4
53 01000101 3
64 00001100 2
75 10011101 5

07 10100001 3
10 00000100 1
21 10101010 4
32 11010111 6
43 00011110 4
54 10100100 3 match 2
65 01010111 5
76 00110101 4

Matching output
0 absent
1 absent
2 45 54
3 absent
4 absent
5 absent
6 absent
7 absent

Left
none
Best: none

Right
none
Best: none

Selecting

Lefts
Identity I3: 1
NOT none
Constant none
AND AND23 34 45 56 67 70 01: 7
OR none
XOR none
AND-NOT none
OR-NOT none
XOR-NOT none

Rights
Identity none
NOT none
Constant C0 0: 2
AND AND01: 1
OR none
XOR none
AND-NOT AND-NOT67: 1
OR-NOT none
XOR-NOT none

Left longest: 7
Right longest: 2

Left winner: Identity no, NOT no, Constant no, AND yes, OR no, XOR no, AND-NOT no, OR-NOT no, XOR-NOT no
Right winner: Identity no, NOT no, Constant yes, AND no, OR no, XOR no, AND-NOT no, OR-NOT no, XOR-NOT no

Best left: AND23 34 45 56 67 70 01: 7
Best right: C0 0: 2

Truncated left: AND23 34 45 56 67 70 01: 7
Truncated right: C0: 1 truncated

Tentative from right
7 C0
6 pending
5 pending
4 pending
3 pending
2 pending
1 pending
0 pending

Tentative
0 AND23
1 AND34
2 AND45
3 AND56
4 AND67
5 AND70
6 AND01
7 C0

Preferred from left
0 AND23
1 AND34
2 AND45
3 AND56
4 AND67
5 AND70
6 AND01
7 C0

Preferred from right
7 C0
6 AND01
5 AND70
4 AND67
3 AND56
2 AND45
1 AND34
0 AND23

Preferred
0 AND23
1 AND34
2 AND45
3 AND56
4 AND67
5 AND70
6 AND01
7 C0

Matching
0 AND23
1 AND34
2 AND45
3 AND56
4 AND67
5 AND70
6 AND01
7 C0

Perfect match
Identity no
NOT no
Constant no
AND no
OR no
XOR no
AND-NOT no
OR-NOT no
XOR-NOT no

Matched
0 AND23
1 AND34
2 AND45
3 AND56
4 AND67
5 AND70
6 AND01
7 C0

Selected
0 AND23
1 AND34
2 AND45
3 AND56
4 AND67
5 AND70
6 AND01
7 C0

Applying to 01111000
Input
0 0
1 1
2 1
3 1
4 1
5 0
6 0
7 0
Output
0 AND23 = AND(1,1) = 1
1 AND34 = AND(1,1) = 1
2 AND45 = AND(1,0) = 0
3 AND56 = AND(0,0) = 0
4 AND67 = AND(0,0) = 0
5 AND70 = AND(0,0) = 0
6 AND01 = AND(0,1) = 0
7 C0 = 0

I will now return the answer in \boxed{}
The answer in \boxed is
\boxed{11000000}