We need to deduce the transformation by matching the example outputs.
I will put my final answer inside \boxed{}.

Output 0: 01110000
0 0
1 1
2 1
3 1
4 0
5 0
6 0
7 0

Output 1: 00101010
0 0
1 0
2 1
3 0
4 1
5 0
6 1
7 0

Output 2: 01101010
0 0
1 1
2 1
3 0
4 1
5 0
6 1
7 0

Output 3: 01100000
0 0
1 1
2 1
3 0
4 0
5 0
6 0
7 0

Output 4: 00101110
0 0
1 0
2 1
3 0
4 1
5 1
6 1
7 0

Output 5: 00111010
0 0
1 0
2 1
3 1
4 1
5 0
6 1
7 0

Output 6: 10010000
0 1
1 0
2 0
3 1
4 0
5 0
6 0
7 0

Output 7: 01111110
0 0
1 1
2 1
3 1
4 1
5 1
6 1
7 0

Output bit columns (with bitsum as hash)
0 00000010 1
1 10110001 4
2 11111101 7
3 10000111 4
4 01101101 5
5 00001001 2
6 01101101 5
7 00000000 a

Input 0: 01000111
0 0
1 1
2 0
3 0
4 0
5 1
6 1
7 1

Input 1: 00100010
0 0
1 0
2 1
3 0
4 0
5 0
6 1
7 0

Input 2: 10101100
0 1
1 0
2 1
3 0
4 1
5 1
6 0
7 0

Input 3: 10000110
0 1
1 0
2 0
3 0
4 0
5 1
6 1
7 0

Input 4: 01100010
0 0
1 1
2 1
3 0
4 0
5 0
6 1
7 0

Input 5: 00100011
0 0
1 0
2 1
3 0
4 0
5 0
6 1
7 1

Input 6: 00001011
0 0
1 0
2 0
3 0
4 1
5 0
6 1
7 1

Input 7: 11100110
0 1
1 1
2 1
3 0
4 0
5 1
6 1
7 0

When matching output
x: not in operator
y: wrong position

Identity
0 00110001 3
1 10001001 3
2 01101101 5 match 4 6
3 00000000 a match 7
4 00100010 2
5 10110001 4 match 1
6 11011111 7
7 10000110 3

Matching output
0 absent
1 5
2 absent
3 absent
4 2
5 absent
6 2
7 3

Left
none
Best: none

Right
3 2 1x
Best: I3 2: 2

NOT
0 11001110 5
1 01110110 5
2 10010010 3
3 11111111 a
4 11011101 6
5 01001110 4
6 00100000 1
7 01111001 5

Matching output
0 absent
1 absent
2 absent
3 absent
4 absent
5 absent
6 absent
7 absent

Left
none
Best: none

Right
none
Best: none

Constant
0 00000000 a match 7
1 11111111 a

Matching output
0 absent
1 absent
2 absent
3 absent
4 absent
5 absent
6 absent
7 C0

Left
none
Best: none

Right
0
Best: C0: 1

AND
01 10 00000001 1
12 21 00001001 2 match 5
23 32 00000000 a match 7
34 43 00000000 a match 7
45 54 00100000 1
56 65 10010001 3
67 76 10000110 3
70 07 00000000 a match 7

02 20 00100001 2
13 31 00000000 a match 7
24 42 00100000 1
35 53 00000000 a match 7
46 64 00000010 1 match 0
57 75 10000000 1
60 06 00010001 2
71 17 10000000 1

03 30 00000000 a match 7
14 41 00000000 a match 7
25 52 00100001 2
36 63 00000000 a match 7
47 74 00000010 1 match 0
50 05 00110001 3
61 16 10001001 3
72 27 00000100 1

04 40 00100000 1
15 51 10000001 2
26 62 01001101 4
37 73 00000000 a match 7

Matching output
0 46 64 47 74
1 absent
2 absent
3 absent
4 absent
5 12 21
6 absent
7 23 32 34 43 70 07 13 31 35 53 03 30 14 41 36 63 37 73

Left
46 57x
64 75x
47 50x
74 05x
Best: AND46: 1

Right
23 12y
32 21y
34 23y
43 32y
70 67x
07 76x
13 02x
31 20x
35 24x
53 42x
03 72x
30 27x
14 03y
41 30y
36 25x
63 52x
37 26x
73 62x
Best: AND23: 1

OR
01 10 10111001 5
12 21 11101101 6
23 32 01101101 5 match 4 6
34 43 00100010 2
45 54 10110011 5
56 65 11111111 a
67 76 11011111 7
70 07 10110111 6

02 20 01111101 6
13 31 10001001 3
24 42 01101111 6
35 53 10110001 4 match 1
46 64 11111111 a
57 75 10110111 6
60 06 11111111 a
71 17 10001111 5

03 30 00110001 3
14 41 10101011 5
25 52 11111101 7 match 2
36 63 11011111 7
47 74 10100110 4
50 05 10110001 4 match 1
61 16 11011111 7
72 27 11101111 7

04 40 00110011 4
15 51 10111001 5
26 62 11111111 a
37 73 10000110 3

Matching output
0 absent
1 35 53 50 05
2 25 52
3 absent
4 23 32
5 absent
6 23 32
7 absent

Left
none
Best: none

Right
none
Best: none

XOR
01 10 10111000 4
12 21 11100100 4
23 32 01101101 5 match 4 6
34 43 00100010 2
45 54 10010011 4
56 65 01101110 5
67 76 01011001 4
70 07 10110111 6

02 20 01011100 4
13 31 10001001 3
24 42 01001111 5
35 53 10110001 4 match 1
46 64 11111101 7 match 2
57 75 00110111 5
60 06 11101110 6
71 17 00001111 4

03 30 00110001 3
14 41 10101011 5
25 52 11011100 5
36 63 11011111 7
47 74 10100100 3
50 05 10000000 1
61 16 01010110 4
72 27 11101011 6

04 40 00010011 3
15 51 00111000 3
26 62 10110010 4
37 73 10000110 3

Matching output
0 absent
1 35 53
2 46 64
3 absent
4 23 32
5 absent
6 23 32
7 absent

Left
none
Best: none

Right
none
Best: none

AND-NOT
01 00110000 2
12 10000000 1
23 01101101 5 match 4 6
34 00000000 a match 7
45 00000010 1 match 0
56 00100000 1
67 01011001 4
70 10000110 3

02 00010000 1
13 10001001 3
24 01001101 4
35 00000000 a match 7
46 00100000 1
57 00110001 3
60 11001110 5
71 00000110 2

03 00110001 3
14 10001001 3
25 01001100 3
36 00000000 a match 7
47 00100000 1
50 10000000 1
61 01010110 4
72 10000010 2

04 00010001 2
15 00001000 1
26 00100000 1
37 00000000 a match 7
40 00000010 1 match 0
51 00110000 2
62 10010010 3
73 10000110 3

05 00000000 a match 7
16 00000000 a match 7
27 01101001 4
30 00000000 a match 7
41 00100010 2
52 10010000 2
63 11011111 7
74 10000100 2

06 00100000 1
17 00001001 2 match 5
20 01001100 3
31 00000000 a match 7
42 00000010 1 match 0
53 10110001 4 match 1
64 11011101 6
75 00000110 2

07 00110001 3
10 10001000 2
21 01100100 3
32 00000000 a match 7
43 00100010 2
54 10010001 3
65 01001110 4
76 00000000 a match 7

Matching output
0 45 40 42
1 53
2 absent
3 absent
4 23
5 17
6 23
7 34 35 36 37 05 16 30 31 32 76

Left
45 56x
40 51x
42 53 64x
Best: AND-NOT42 53: 2

Right
34 23 12x
35 24x
36 25x
37 26x
05 74x
16 05y
30 27x
31 20x
32 21x
76 65x
Best: AND-NOT34 23: 2

OR-NOT
01 01110111 6
12 10011011 5
23 11111111 a
34 11011101 6
45 01101110 5
56 10110001 4 match 1
67 11111111 a
70 11001110 5

02 10110011 5
13 11111111 a
24 11111101 7 match 2
35 01001110 4
46 00100010 2
57 11111001 6
60 11011111 7
71 11110110 6

03 11111111 a
14 11011101 6
25 01101111 6
36 00100000 1
47 01111011 6
50 11111111 a
61 11111111 a
72 10010110 4

04 11111101 7 match 2
15 11001111 6
26 01101101 5 match 4 6
37 01111001 5
40 11101110 6
51 11110111 7
62 11011111 7
73 11111111 a

05 01111111 7
16 10101001 4
27 01111101 6
30 11001110 5
41 01110110 5
52 10110011 5
63 11111111 a
74 11011111 7

06 00110001 3
17 11111001 6
20 11101111 7
31 01110110 5
42 10110010 4
53 11111111 a
64 11011111 7
75 11001110 5

07 01111001 5
10 11001111 6
21 01111111 7
32 10010010 3
43 11111111 a
54 11111101 7 match 2
65 11011111 7
76 10100110 4

Matching output
0 absent
1 56
2 24 04 54
3 absent
4 26
5 absent
6 26
7 absent

Left
none
Best: none

Right
none
Best: none

XOR-NOT
01 01000111 4
12 00011011 4
23 10010010 3
34 11011101 6
45 01101100 4
56 10010001 3
67 10100110 4
70 01001000 2

02 10100011 4
13 01110110 5
24 10110000 3
35 01001110 4
46 00000010 1 match 0
57 11001000 3
60 00010001 2
71 11110000 4

03 11001110 5
14 01010100 3
25 00100011 3
36 00100000 1
47 01011011 5
50 01111111 7
61 10101001 4
72 00010100 2

04 11101100 5
15 11000111 5
26 01001101 4
37 01111001 5
40 11101100 5
51 11000111 5
62 01001101 4
73 01111001 5

05 01111111 7
16 10101001 4
27 00010100 2
30 11001110 5
41 01010100 3
52 00100011 3
63 00100000 1
74 01011011 5

06 00010001 2
17 11110000 4
20 10100011 4
31 01110110 5
42 10110000 3
53 01001110 4
64 00000010 1 match 0
75 11001000 3

07 01001000 2
10 01000111 4
21 00011011 4
32 10010010 3
43 11011101 6
54 01101100 4
65 10010001 3
76 10100110 4

Matching output
0 46 64
1 absent
2 absent
3 absent
4 absent
5 absent
6 absent
7 absent

Left
46 57x
64 75x
Best: XOR-NOT46: 1

Right
none
Best: none

Selecting

Lefts
Identity none
NOT none
Constant none
AND AND46: 1
OR none
XOR none
AND-NOT AND-NOT42 53: 2
OR-NOT none
XOR-NOT XOR-NOT46: 1

Rights
Identity I3 2: 2
NOT none
Constant C0: 1
AND AND23: 1
OR none
XOR none
AND-NOT AND-NOT34 23: 2
OR-NOT none
XOR-NOT none

Left longest: 2
Right longest: 2

Left winner: Identity no, NOT no, Constant no, AND no, OR no, XOR no, AND-NOT yes, OR-NOT no, XOR-NOT no
Right winner: Identity yes, NOT no, Constant no, AND no, OR no, XOR no, AND-NOT no, OR-NOT no, XOR-NOT no

Best left: AND-NOT42 53: 2
Best right: I3 2: 2

Truncated left: AND-NOT42 53: 2
Truncated right: I3 2: 2

Tentative from right
7 I3
6 I2
5 pending
4 pending
3 pending
2 pending
1 pending
0 pending

Tentative
0 AND-NOT42
1 AND-NOT53
2 pending
3 pending
4 pending
5 pending
6 I2
7 I3

Preferred from left
0 AND-NOT42
1 AND-NOT53
2 ?64
3 ?75
4 ?06
5 ?17
6 I2
7 I3

Preferred from right
7 I3
6 I2
5 ?17
4 ?06
3 ?75
2 ?64
1 AND-NOT53
0 AND-NOT42

Preferred
0 AND-NOT42
1 AND-NOT53
2 ?64 ?46
3 ?75 ?57
4 ?06 ?60
5 ?17 ?71
6 I2
7 I3

Matching
0 AND-NOT42
1 AND-NOT53
2 ?64 ?46 - Identity absent, NOT absent, Constant absent, AND absent, OR absent, XOR64, AND-NOT absent, OR-NOT absent, XOR-NOT absent
3 ?75 ?57 - Identity absent, NOT absent, Constant absent, AND absent, OR absent, XOR absent, AND-NOT absent, OR-NOT absent, XOR-NOT absent
4 ?06 ?60 - Identity absent, NOT absent, Constant absent, AND absent, OR absent, XOR absent, AND-NOT absent, OR-NOT absent, XOR-NOT absent
5 ?17 ?71 - Identity absent, NOT absent, Constant absent, AND absent, OR absent, XOR absent, AND-NOT17, OR-NOT absent, XOR-NOT absent
6 I2
7 I3

Perfect match
Identity no
NOT no
Constant no
AND no
OR no
XOR no
AND-NOT no
OR-NOT no
XOR-NOT no

Matched
0 AND-NOT42
1 AND-NOT53
2 XOR64
3 none
4 none
5 AND-NOT17
6 I2
7 I3

Selected
0 AND-NOT42
1 AND-NOT53
2 MAJ(2,5,6)
3 CH(0,1,7)
4 CH(3,0,2)
5 MAJ(1,2,3)
6 I2
7 I3

Applying to 01011001
Input
0 0
1 1
2 0
3 1
4 1
5 0
6 0
7 1
Output
0 AND-NOT42 = AND(1,NOT(0)) = 1
1 AND-NOT53 = AND(0,NOT(1)) = 0
2 MAJ(2,5,6) = MAJ(0,0,0) = 0
3 CH(0,1,7) = CH(0,1,1) = 1
4 CH(3,0,2) = CH(1,0,0) = 0
5 MAJ(1,2,3) = MAJ(1,0,1) = 1
6 I2 = 0
7 I3 = 1

I will now return the answer in \boxed{}
The answer in \boxed{–} is \boxed{10010101}