We need to deduce the transformation by matching the example outputs.
I will put my final answer inside \boxed{}.

Output 0: 00011011
0 0
1 0
2 0
3 1
4 1
5 0
6 1
7 1

Output 1: 10011110
0 1
1 0
2 0
3 1
4 1
5 1
6 1
7 0

Output 2: 00011011
0 0
1 0
2 0
3 1
4 1
5 0
6 1
7 1

Output 3: 10111110
0 1
1 0
2 1
3 1
4 1
5 1
6 1
7 0

Output 4: 10101110
0 1
1 0
2 1
3 0
4 1
5 1
6 1
7 0

Output 5: 01110101
0 0
1 1
2 1
3 1
4 0
5 1
6 0
7 1

Output 6: 10000111
0 1
1 0
2 0
3 0
4 0
5 1
6 1
7 1

Output 7: 01101111
0 0
1 1
2 1
3 0
4 1
5 1
6 1
7 1

Output bit columns (with bitsum as hash)
0 01011010 4
1 00000101 2
2 00011101 4
3 11110100 5
4 11111001 6
5 01011111 6
6 11111011 7
7 10100111 5

Input 0: 10111100
0 1
1 0
2 1
3 1
4 1
5 1
6 0
7 0

Input 1: 00101100
0 0
1 0
2 1
3 0
4 1
5 1
6 0
7 0

Input 2: 10001101
0 1
1 0
2 0
3 0
4 1
5 1
6 0
7 1

Input 3: 11101000
0 1
1 1
2 1
3 0
4 1
5 0
6 0
7 0

Input 4: 01101010
0 0
1 1
2 1
3 0
4 1
5 0
6 1
7 0

Input 5: 01000001
0 0
1 1
2 0
3 0
4 0
5 0
6 0
7 1

Input 6: 01111111
0 0
1 1
2 1
3 1
4 1
5 1
6 1
7 1

Input 7: 00110010
0 0
1 0
2 1
3 1
4 0
5 0
6 1
7 0

When matching output
x: not in operator
y: wrong position

Identity
0 10110000 3
1 00011110 4
2 11011011 6
3 10000011 3
4 11111010 6
5 11100010 4
6 00001011 3
7 00100110 3

Matching output
0 absent
1 absent
2 absent
3 absent
4 absent
5 absent
6 absent
7 absent

Left
none
Best: none

Right
none
Best: none

NOT
0 01001111 5
1 11100001 4
2 00100100 2
3 01111100 5
4 00000101 2 match 1
5 00011101 4 match 2
6 11110100 5 match 3
7 11011001 5

Matching output
0 absent
1 4
2 5
3 6
4 absent
5 absent
6 absent
7 absent

Left
none
Best: none

Right
none
Best: none

Constant
0 00000000 a
1 11111111 a

Matching output
0 absent
1 absent
2 absent
3 absent
4 absent
5 absent
6 absent
7 absent

Left
none
Best: none

Right
none
Best: none

AND
01 10 00010000 1
12 21 00011010 3
23 32 10000011 3
34 43 10000010 2
45 54 11100010 4
56 65 00000010 1
67 76 00000010 1
70 07 00100000 1

02 20 10010000 2
13 31 00000010 1
24 42 11011010 5
35 53 10000010 2
46 64 00001010 2
57 75 00100010 2
60 06 00000000 a
71 17 00000110 2

03 30 10000000 1
14 41 00011010 3
25 52 11000010 3
36 63 00000011 2
47 74 00100010 2
50 05 10100000 2
61 16 00001010 2
72 27 00000010 1

04 40 10110000 3
15 51 00000010 1
26 62 00001011 3
37 73 00000010 1

Matching output
0 absent
1 absent
2 absent
3 absent
4 absent
5 absent
6 absent
7 absent

Left
none
Best: none

Right
none
Best: none

OR
01 10 10111110 6
12 21 11011111 7
23 32 11011011 6
34 43 11111011 7 match 6
45 54 11111010 6
56 65 11101011 6
67 76 00101111 5
70 07 10110110 5

02 20 11111011 7 match 6
13 31 10011111 6
24 42 11111011 7 match 6
35 53 11100011 5
46 64 11111011 7 match 6
57 75 11100110 5
60 06 10111011 6
71 17 00111110 5

03 30 10110011 5
14 41 11111110 7
25 52 11111011 7 match 6
36 63 10001011 4
47 74 11111110 7
50 05 11110010 5
61 16 00011111 5
72 27 11111111 a

04 40 11111010 6
15 51 11111110 7
26 62 11011011 6
37 73 10100111 5 match 7

Matching output
0 absent
1 absent
2 absent
3 absent
4 absent
5 absent
6 34 43 02 20 24 42 46 64 25 52
7 37 73

Left
none
Best: none

Right
37 26x
73 62x
Best: OR37: 1

XOR
01 10 10101110 5
12 21 11000101 4
23 32 01011000 3
34 43 01111001 5
45 54 00011000 2
56 65 11101001 5
67 76 00101101 4
70 07 10010110 4

02 20 01101011 5
13 31 10011101 5
24 42 00100001 2
35 53 01100001 3
46 64 11110001 5
57 75 11000100 3
60 06 10111011 6
71 17 00111000 3

03 30 00110011 4
14 41 11100100 4
25 52 00111001 4
36 63 10001000 2
47 74 11011100 5
50 05 01010010 3
61 16 00010101 3
72 27 11111101 7

04 40 01001010 3
15 51 11111100 6
26 62 11010000 3
37 73 10100101 4

Matching output
0 absent
1 absent
2 absent
3 absent
4 absent
5 absent
6 absent
7 absent

Left
none
Best: none

Right
none
Best: none

AND-NOT
01 10100000 2
12 00000100 1
23 01011000 3
34 00000001 1
45 00011000 2
56 11100000 3
67 00001001 2
70 00000110 2

02 00100000 1
13 00011100 3
24 00000001 1
35 00000001 1
46 11110000 4
57 11000000 2
60 00001011 3
71 00100000 1

03 00110000 2
14 00000100 1
25 00011001 3
36 10000000 1
47 11011000 4
50 01000010 2
61 00000001 1
72 00100100 2

04 00000000 a
15 00011100 3
26 11010000 3
37 10000001 2
40 01001010 3
51 11100000 3
62 00000000 a
73 00100100 2

05 00010000 1
16 00010100 2
27 11011001 5
30 00000011 2
41 11100000 3
52 00100000 1
63 00001000 1
74 00000100 1

06 10110000 3
17 00011000 2
20 01001011 4
31 10000001 2
42 00100000 1
53 01100000 2
64 00000001 1
75 00000100 1

07 10010000 2
10 00001110 3
21 11000001 3
32 00000000 a
43 01111000 4
54 00000000 a
65 00001001 2
76 00100100 2

Matching output
0 absent
1 absent
2 absent
3 absent
4 absent
5 absent
6 absent
7 absent

Left
none
Best: none

Right
none
Best: none

OR-NOT
01 11110001 5
12 00111110 5
23 11111111 a
34 10000111 4
45 11111111 a
56 11110110 6
67 11011011 6
70 01101111 6

02 10110100 4
13 01111110 6
24 11011111 7
35 10011111 6
46 11111110 7
57 11111011 7 match 6
60 01001111 5
71 11100111 6

03 11111100 6
14 00011111 5
25 11011111 7
36 11110111 7
47 11111011 7 match 6
50 11101111 7
61 11101011 6
72 00100110 3

04 10110101 5
15 00011111 5
26 11111111 a
37 11011011 6
40 11111111 a
51 11100011 5
62 00101111 5
73 01111110 6

05 10111101 6
16 11111110 7
27 11011011 6
30 11001111 6
41 11111011 7 match 6
52 11100110 5
63 01111111 7
74 00100111 4

06 11110100 5 match 3
17 11011111 7
20 11011111 7
31 11100011 5
42 11111110 7
53 11111110 7
64 00001111 4
75 00111111 6

07 11111001 6 match 4
10 01011111 6 match 5
21 11111011 7 match 6
32 10100111 5 match 7
43 11111110 7
54 11100111 6
65 00011111 5
76 11110110 6

Matching output
0 absent
1 absent
2 absent
3 06
4 07
5 10
6 57 47 41 21
7 32

Left
none
Best: none

Right
32 21 10 07 76x
Best: OR-NOT32 21 10 07: 4

XOR-NOT
01 01010001 3
12 00111010 4
23 10100111 5 match 7
34 10000110 3
45 11100111 6
56 00010110 3
67 11010010 4
70 01101001 4

02 10010100 3
13 01100010 3
24 11011110 6
35 10011110 5
46 00001110 3
57 00111011 5
60 01000100 2
71 11000111 5

03 11001100 4
14 00011011 4
25 11000110 4
36 01110111 6
47 00100011 3
50 10101101 5
61 11101010 5
72 00000010 1

04 10110101 5
15 00000011 2
26 00101111 5
37 01011010 4 match 0
40 10110101 5
51 00000011 2
62 00101111 5
73 01011010 4 match 0

05 10101101 5
16 11101010 5
27 00000010 1
30 11001100 4
41 00011011 4
52 11000110 4
63 01110111 6
74 00100011 3

06 01000100 2
17 11000111 5
20 10010100 3
31 01100010 3
42 11011110 6
53 10011110 5
64 00001110 3
75 00111011 5

07 01101001 4
10 01010001 3
21 00111010 4
32 10100111 5 match 7
43 10000110 3
54 11100111 6
65 00010110 3
76 11010010 4

Matching output
0 37 73
1 absent
2 absent
3 absent
4 absent
5 absent
6 absent
7 23 32

Left
37 40x
73 04x
Best: XOR-NOT37: 1

Right
23 12x
32 21x
Best: XOR-NOT23: 1

Selecting

Lefts
Identity none
NOT none
Constant none
AND none
OR none
XOR none
AND-NOT none
OR-NOT none
XOR-NOT XOR-NOT37: 1

Rights
Identity none
NOT none
Constant none
AND none
OR OR37: 1
XOR none
AND-NOT none
OR-NOT OR-NOT32 21 10 07: 4
XOR-NOT XOR-NOT23: 1

Left longest: 1
Right longest: 4

Right winner: Identity no, NOT no, Constant no, AND no, OR no, XOR no, AND-NOT no, OR-NOT yes, XOR-NOT no
Left winner: Identity no, NOT no, Constant no, AND no, OR no, XOR no, AND-NOT no, OR-NOT no, XOR-NOT yes

Best right: OR-NOT32 21 10 07: 4
Best left: XOR-NOT37: 1

Truncated right: OR-NOT32 21 10 07: 4
Truncated left: XOR-NOT37: 1

Tentative from right
7 OR-NOT32
6 OR-NOT21
5 OR-NOT10
4 OR-NOT07
3 pending
2 pending
1 pending
0 pending

Tentative
0 XOR-NOT37
1 pending
2 pending
3 pending
4 OR-NOT07
5 OR-NOT10
6 OR-NOT21
7 OR-NOT32

Preferred from right
7 OR-NOT32
6 OR-NOT21
5 OR-NOT10
4 OR-NOT07
3 ?76
2 ?65
1 ?54
0 XOR-NOT37

Preferred from left
0 XOR-NOT37
1 ?54
2 ?65
3 ?76
4 OR-NOT07
5 OR-NOT10
6 OR-NOT21
7 OR-NOT32

Preferred
0 XOR-NOT37
1 ?54 ?45
2 ?65 ?56
3 ?76 ?67
4 OR-NOT07
5 OR-NOT10
6 OR-NOT21
7 OR-NOT32

Matching
0 XOR-NOT37
1 ?54 ?45 - Identity absent, NOT NOT4, Constant absent, AND absent, OR absent, XOR absent, AND-NOT absent, OR-NOT absent, XOR-NOT absent
2 ?65 ?56 - Identity absent, NOT NOT5, Constant absent, AND absent, OR absent, XOR absent, AND-NOT absent, OR-NOT absent, XOR-NOT absent
3 ?76 ?67 - Identity absent, NOT NOT6, Constant absent, AND absent, OR absent, XOR absent, AND-NOT absent, OR-NOT absent, XOR-NOT absent
4 OR-NOT07
5 OR-NOT10
6 OR-NOT21
7 OR-NOT32

Perfect match
Identity no
NOT yes
Constant no
AND no
OR no
XOR no
AND-NOT no
OR-NOT no
XOR-NOT no

Matched
0 XOR-NOT37
1 NOT4
2 NOT5
3 NOT6
4 OR-NOT07
5 OR-NOT10
6 OR-NOT21
7 OR-NOT32

Selected
0 XOR-NOT37
1 NOT4
2 NOT5
3 NOT6
4 OR-NOT07
5 OR-NOT10
6 OR-NOT21
7 OR-NOT32

Applying to 11010100
Input
0 1
1 1
2 0
3 1
4 0
5 1
6 0
7 0
Output
0 XOR-NOT37 = XOR(1,NOT(0)) = 0
1 NOT4 = NOT(0) = 1
2 NOT5 = NOT(1) = 0
3 NOT6 = NOT(0) = 1
4 OR-NOT07 = OR(1,NOT(0)) = 1
5 OR-NOT10 = OR(1,NOT(1)) = 1
6 OR-NOT21 = OR(0,NOT(1)) = 0
7 OR-NOT32 = OR(1,NOT(0)) = 1

I will now return the answer in \boxed{}
The answer in \boxed is
\boxed{01011101}