We need to deduce the transformation by matching the example outputs.
I will put my final answer inside \boxed{}.

Output 0: 11111111
0 1
1 1
2 1
3 1
4 1
5 1
6 1
7 1

Output 1: 11111010
0 1
1 1
2 1
3 1
4 1
5 0
6 1
7 0

Output 2: 11110111
0 1
1 1
2 1
3 1
4 0
5 1
6 1
7 1

Output 3: 11110101
0 1
1 1
2 1
3 1
4 0
5 1
6 0
7 1

Output 4: 11111011
0 1
1 1
2 1
3 1
4 1
5 0
6 1
7 1

Output 5: 11111010
0 1
1 1
2 1
3 1
4 1
5 0
6 1
7 0

Output 6: 11110010
0 1
1 1
2 1
3 1
4 0
5 0
6 1
7 0

Output 7: 11111110
0 1
1 1
2 1
3 1
4 1
5 1
6 1
7 0

Output 8: 11111111
0 1
1 1
2 1
3 1
4 1
5 1
6 1
7 1

Output bit columns (with bitsum as hash)
0 111111111 a
1 111111111 a
2 111111111 a
3 111111111 a
4 110011011 6
5 101100011 5
6 111011111 8
7 101110001 5

Input 0: 00110000
0 0
1 0
2 1
3 1
4 0
5 0
6 0
7 0

Input 1: 01101111
0 0
1 1
2 1
3 0
4 1
5 1
6 1
7 1

Input 2: 10101110
0 1
1 0
2 1
3 0
4 1
5 1
6 1
7 0

Input 3: 10001110
0 1
1 0
2 0
3 0
4 1
5 1
6 1
7 0

Input 4: 11111001
0 1
1 1
2 1
3 1
4 1
5 0
6 0
7 1

Input 5: 01001101
0 0
1 1
2 0
3 0
4 1
5 1
6 0
7 1

Input 6: 11101111
0 1
1 1
2 1
3 0
4 1
5 1
6 1
7 1

Input 7: 01000100
0 0
1 1
2 0
3 0
4 0
5 1
6 0
7 0

Input 8: 01110010
0 0
1 1
2 1
3 1
4 0
5 0
6 1
7 0

When matching output
x: not in operator
y: wrong position

Identity
0 001110100 4
1 010011111 6
2 111010101 6
3 100010001 3
4 011111100 6
5 011101110 6
6 011100101 5
7 010011100 4

Matching output
0 absent
1 absent
2 absent
3 absent
4 absent
5 absent
6 absent
7 absent

Left
none
Best: none

Right
none
Best: none

NOT
0 110001011 5
1 101100000 3
2 000101010 3
3 011101110 6
4 100000011 3
5 100010001 3
6 100011010 4
7 101100011 5 match 5

Matching output
0 absent
1 absent
2 absent
3 absent
4 absent
5 7
6 absent
7 absent

Left
none
Best: none

Right
none
Best: none

Constant
0 000000000 a
1 111111111 a match 0 1 2 3

Matching output
0 C1
1 C1
2 C1
3 C1
4 absent
5 absent
6 absent
7 absent

Left
1 1 1 1
Best: C1 1 1 1: 4

Right
none
Best: none

AND
01 10 000010100 2
12 21 010010101 4
23 32 100010001 3
34 43 000010000 1
45 54 011101100 5
56 65 011100100 4
67 76 010000100 2
70 07 000010100 2

02 20 001010100 3
13 31 000010001 2
24 42 011010100 4
35 53 000000000 a
46 64 011100100 4
57 75 010001100 3
60 06 001100100 3
71 17 010011100 4

03 30 000010000 1
14 41 010011100 4
25 52 011000100 3
36 63 000000001 1
47 74 010011100 4
50 05 001100100 3
61 16 010000101 3
72 27 010010100 3

04 40 001110100 4
15 51 010001110 4
26 62 011000101 4
37 73 000010000 1

Matching output
0 absent
1 absent
2 absent
3 absent
4 absent
5 absent
6 absent
7 absent

Left
none
Best: none

Right
none
Best: none

OR
01 10 011111111 8
12 21 111011111 8 match 6
23 32 111010101 6
34 43 111111101 8
45 54 011111110 7
56 65 011101111 7
67 76 011111101 7
70 07 011111100 6

02 20 111110101 7
13 31 110011111 7
24 42 111111101 8
35 53 111111111 a match 0 1 2 3
46 64 011111101 7
57 75 011111110 7
60 06 011110101 6
71 17 010011111 6

03 30 101110101 6
14 41 011111111 8
25 52 111111111 a match 0 1 2 3
36 63 111110101 7
47 74 011111100 6
50 05 011111110 7
61 16 011111111 8
72 27 111011101 7

04 40 011111100 6
15 51 011111111 8
26 62 111110101 7
37 73 110011101 6

Matching output
0 35 53 25 52
1 35 53 25 52
2 35 53 25 52
3 35 53 25 52
4 absent
5 absent
6 12 21
7 absent

Left
35 46x
53 64x
25 36x
52 63x
Best: OR35: 1

Right
none
Best: none

XOR
01 10 011101011 6
12 21 101001010 4
23 32 011000100 3
34 43 111101101 7
45 54 000010010 2
56 65 000001011 3
67 76 001111001 5
70 07 011101000 4

02 20 110100001 4
13 31 110001110 5
24 42 100101001 4
35 53 111111111 a match 0 1 2 3
46 64 000011001 3
57 75 001110010 4
60 06 010010001 3
71 17 000000011 2

03 30 101100101 5
14 41 001100011 4
25 52 100111011 6
36 63 111110100 6
47 74 001100000 2
50 05 010011010 4
61 16 001111010 5
72 27 101001001 4

04 40 010001000 2
15 51 001110001 4
26 62 100110000 3
37 73 110001101 5

Matching output
0 35 53
1 35 53
2 35 53
3 35 53
4 absent
5 absent
6 absent
7 absent

Left
35 46x
53 64x
Best: XOR35: 1

Right
none
Best: none

AND-NOT
01 001100000 2
12 000001010 2
23 011000100 3
34 100000001 2
45 000010000 1
56 000001010 2
67 001100001 3
70 010001000 2

02 000100000 1
13 010001110 4
24 100000001 2
35 100010001 3
46 000011000 2
57 001100010 3
60 010000001 2
71 000000000 a

03 001100100 3
14 000000011 2
25 100010001 3
36 100010000 2
47 001100000 2
50 010001010 3
61 001100000 2
72 000001000 1

04 000000000 a
15 000010001 2
26 100010000 2
37 100000001 2
40 010001000 2
51 001100000 2
62 000100000 1
73 010001100 3

05 000010000 1
16 000011010 3
27 101000001 3
30 100000001 2
41 001100000 2
52 000101010 3
63 011100100 4
74 000000000 a

06 000010000 1
17 000000011 2
20 110000001 3
31 100000000 1
42 000101000 2
53 011101110 6
64 000000001 1
75 000010000 1

07 001100000 2
10 010001011 4
21 101000000 2
32 000000000 a
43 011101100 5
54 000000010 1
65 000000001 1
76 000011000 2

Matching output
0 absent
1 absent
2 absent
3 absent
4 absent
5 absent
6 absent
7 absent

Left
none
Best: none

Right
none
Best: none

OR-NOT
01 101110100 5
12 010111111 7
23 111111111 a match 0 1 2 3
34 100010011 4
45 111111101 8
56 111111110 8
67 111100111 7
70 110011111 7

02 001111110 6
13 011111111 8
24 111010111 7
35 100010001 3
46 111111110 8
57 111101111 8
60 111101111 8
71 111111100 7

03 011111110 7
14 110011111 7
25 111010101 6
36 100011011 5
47 111111111 a match 0 1 2 3
50 111101111 8
61 111100101 6
72 010111110 6

04 101110111 7
15 110011111 7
26 111011111 8 match 6
37 101110011 6
40 111111111 a match 0 1 2 3
51 111101110 7
62 011101111 7
73 011111110 7

05 101110101 6
16 110011111 7
27 111110111 8
30 110011011 6 match 4
41 111111100 7
52 011101110 6
63 011101111 7
74 110011111 7

06 101111110 7
17 111111111 a match 0 1 2 3
20 111011111 8 match 6
31 101110001 5 match 7
42 011111110 7
53 011101110 6
64 111100111 7
75 110011101 6

07 101110111 7
10 110011111 7
21 111110101 7
32 100111011 6
43 011111110 7
54 111101111 8
65 111110101 7
76 110011110 6

Matching output
0 23 47 40 17
1 23 47 40 17
2 23 47 40 17
3 23 47 40 17
4 30
5 absent
6 26 20
7 31

Left
23 34x
47 50x
40 51x
17 20y
Best: OR-NOT23: 1

Right
31 20 17y
Best: OR-NOT31 20: 2

XOR-NOT
01 100010100 3
12 010110101 5
23 100111011 6
34 000010010 2
45 111101101 7
56 111110100 6
67 110000110 4
70 100010111 5

02 001011110 5
13 001110001 4
24 011010110 5
35 000000000 a
46 111100110 6
57 110001101 5
60 101101110 6
71 111111100 7

03 010011010 4
14 110011100 5
25 011000100 3
36 000001011 3
47 110011111 7
50 101100101 5
61 110000101 4
72 010110110 5

04 101110111 7
15 110001110 5
26 011001111 6
37 001110010 4
40 101110111 7
51 110001110 5
62 011001111 6
73 001110010 4

05 101100101 5
16 110000101 4
27 010110110 5
30 010011010 4
41 110011100 5
52 011000100 3
63 000001011 3
74 110011111 7

06 101101110 6
17 111111100 7
20 001011110 5
31 001110001 4
42 011010110 5
53 000000000 a
64 111100110 6
75 110001101 5

07 100010111 5
10 100010100 3
21 010110101 5
32 100111011 6
43 000010010 2
54 111101101 7
65 111110100 6
76 110000110 4

Matching output
0 absent
1 absent
2 absent
3 absent
4 absent
5 absent
6 absent
7 absent

Left
none
Best: none

Right
none
Best: none

Selecting

Lefts
Identity none
NOT none
Constant C1 1 1 1: 4
AND none
OR OR35: 1
XOR XOR35: 1
AND-NOT none
OR-NOT OR-NOT23: 1
XOR-NOT none

Rights
Identity none
NOT none
Constant none
AND none
OR none
XOR none
AND-NOT none
OR-NOT OR-NOT31 20: 2
XOR-NOT none

Left longest: 4
Right longest: 2

Left winner: Identity no, NOT no, Constant yes, AND no, OR no, XOR no, AND-NOT no, OR-NOT no, XOR-NOT no
Right winner: Identity no, NOT no, Constant no, AND no, OR no, XOR no, AND-NOT no, OR-NOT yes, XOR-NOT no

Best left: C1 1 1 1: 4
Best right: OR-NOT31 20: 2

Truncated left: C1 1 1 1: 4
Truncated right: OR-NOT31 20: 2

Tentative from right
7 OR-NOT31
6 OR-NOT20
5 pending
4 pending
3 pending
2 pending
1 pending
0 pending

Tentative
0 C1
1 C1
2 C1
3 C1
4 pending
5 pending
6 OR-NOT20
7 OR-NOT31

Preferred from left
0 C1
1 C1
2 C1
3 C1
4 pending
5 pending
6 OR-NOT20
7 OR-NOT31

Preferred from right
7 OR-NOT31
6 OR-NOT20
5 ?17
4 ?06
3 C1
2 C1
1 C1
0 C1

Preferred
0 C1
1 C1
2 C1
3 C1
4 ?06 ?60
5 ?17 ?71
6 OR-NOT20
7 OR-NOT31

Matching
0 C1
1 C1
2 C1
3 C1
4 ?06 ?60 - Identity absent, NOT absent, Constant absent, AND absent, OR absent, XOR absent, AND-NOT absent, OR-NOT absent, XOR-NOT absent
5 ?17 ?71 - Identity absent, NOT NOT7, Constant absent, AND absent, OR absent, XOR absent, AND-NOT absent, OR-NOT absent, XOR-NOT absent
6 OR-NOT20
7 OR-NOT31

Perfect match
Identity no
NOT no
Constant no
AND no
OR no
XOR no
AND-NOT no
OR-NOT no
XOR-NOT no

Matched
0 C1
1 C1
2 C1
3 C1
4 none
5 NOT7
6 OR-NOT20
7 OR-NOT31

Selected
0 C1
1 C1
2 C1
3 C1
4 default 1
5 NOT7
6 OR-NOT20
7 OR-NOT31

Applying to 10000100
Input
0 1
1 0
2 0
3 0
4 0
5 1
6 0
7 0
Output
0 C1 = 1
1 C1 = 1
2 C1 = 1
3 C1 = 1
4 default 1 = 1
5 NOT7 = NOT(0) = 1
6 OR-NOT20 = OR(0,NOT(1)) = 0
7 OR-NOT31 = OR(0,NOT(0)) = 1

I will now return the answer in \boxed{}
The answer in \boxed is
\boxed{11111101}