We need to deduce the transformation by matching the example outputs.
I will put my final answer inside \boxed{}.

Output 0: 10000111
0 1
1 0
2 0
3 0
4 0
5 1
6 1
7 1

Output 1: 10011101
0 1
1 0
2 0
3 1
4 1
5 1
6 0
7 1

Output 2: 01101010
0 0
1 1
2 1
3 0
4 1
5 0
6 1
7 0

Output 3: 10000100
0 1
1 0
2 0
3 0
4 0
5 1
6 0
7 0

Output 4: 10111000
0 1
1 0
2 1
3 1
4 1
5 0
6 0
7 0

Output 5: 00101010
0 0
1 0
2 1
3 0
4 1
5 0
6 1
7 0

Output 6: 01111010
0 0
1 1
2 1
3 1
4 1
5 0
6 1
7 0

Output bit columns (with bitsum as hash)
0 1101100 4
1 0010001 2
2 0010111 4
3 0100101 3
4 0110111 5
5 1101000 3
6 1010011 4
7 1100000 2

Input 0: 11000011
0 1
1 1
2 0
3 0
4 0
5 0
6 1
7 1

Input 1: 11001110
0 1
1 1
2 0
3 0
4 1
5 1
6 1
7 0

Input 2: 00110101
0 0
1 0
2 1
3 1
4 0
5 1
6 0
7 1

Input 3: 01000010
0 0
1 1
2 0
3 0
4 0
5 0
6 1
7 0

Input 4: 01011100
0 0
1 1
2 0
3 1
4 1
5 1
6 0
7 0

Input 5: 00010101
0 0
1 0
2 0
3 1
4 0
5 1
6 0
7 1

Input 6: 00111101
0 0
1 0
2 1
3 1
4 1
5 1
6 0
7 1

When matching output
x: not in operator
y: wrong position

Identity
0 1100000 2 match 7
1 1101100 4 match 0
2 0010001 2 match 1
3 0010111 4 match 2
4 0100101 3 match 3
5 0110111 5 match 4
6 1101000 3 match 5
7 1010011 4 match 6

Matching output
0 1
1 2
2 3
3 4
4 5
5 6
6 7
7 0

Left
1 2 3 4 5 6 7 0
Best: I1 2 3 4 5 6 7 0: 8

Right
0 7 6 5 4 3 2 1
Best: I0 7 6 5 4 3 2 1: 8

NOT
0 0011111 5
1 0010011 3
2 1101110 5
3 1101000 3 match 5
4 1011010 4
5 1001000 2
6 0010111 4 match 2
7 0101100 3

Matching output
0 absent
1 absent
2 6
3 absent
4 absent
5 3
6 absent
7 absent

Left
none
Best: none

Right
none
Best: none

Constant
0 0000000 a
1 1111111 a

Matching output
0 absent
1 absent
2 absent
3 absent
4 absent
5 absent
6 absent
7 absent

Left
none
Best: none

Right
none
Best: none

AND
01 10 1100000 2 match 7
12 21 0000000 a
23 32 0010001 2 match 1
34 43 0000101 2
45 54 0100101 3 match 3
56 65 0100000 1
67 76 1000000 1
70 07 1000000 1

02 20 0000000 a
13 31 0000100 1
24 42 0000001 1
35 53 0010111 4 match 2
46 64 0100000 1
57 75 0010011 3
60 06 1100000 2 match 7
71 17 1000000 1

03 30 0000000 a
14 41 0100100 2
25 52 0010001 2 match 1
36 63 0000000 a
47 74 0000001 1
50 05 0100000 1
61 16 1101000 3 match 5
72 27 0010001 2 match 1

04 40 0100000 1
15 51 0100100 2
26 62 0000000 a
37 73 0010011 3

Matching output
0 absent
1 23 32 25 52 72 27
2 35 53
3 45 54
4 absent
5 61 16
6 absent
7 01 10 60 06

Left
none
Best: none

Right
01 70x
10 07x
60 57x
06 75x
Best: AND01: 1

OR
01 10 1101100 4 match 0
12 21 1111101 6
23 32 0010111 4 match 2
34 43 0110111 5 match 4
45 54 0110111 5 match 4
56 65 1111111 a
67 76 1111011 6
70 07 1110011 5

02 20 1110001 4
13 31 1111111 a
24 42 0110101 4
35 53 0110111 5 match 4
46 64 1101101 5
57 75 1110111 6
60 06 1101000 3 match 5
71 17 1111111 a

03 30 1110111 6
14 41 1101101 5
25 52 0110111 5 match 4
36 63 1111111 a
47 74 1110111 6
50 05 1110111 6
61 16 1101100 4 match 0
72 27 1010011 4 match 6

04 40 1100101 4
15 51 1111111 a
26 62 1111001 5
37 73 1010111 5

Matching output
0 01 10 61 16
1 absent
2 23 32
3 absent
4 34 43 45 54 35 53 25 52
5 60 06
6 72 27
7 absent

Left
01 12x
10 21x
61 72y
16 27y
Best: OR01: 1

Right
none
Best: none

XOR
01 10 0001100 2
12 21 1111101 6
23 32 0000110 2
34 43 0110010 3
45 54 0010010 2
56 65 1011111 6
67 76 0111011 5
70 07 0110011 4

02 20 1110001 4
13 31 1111011 6
24 42 0110100 3
35 53 0100000 1
46 64 1001101 4
57 75 1100100 3
60 06 0001000 1
71 17 0111111 6

03 30 1110111 6
14 41 1001001 3
25 52 0100110 3
36 63 1111111 a
47 74 1110110 5
50 05 1010111 5
61 16 0000100 1
72 27 1000010 2

04 40 1000101 3
15 51 1011011 5
26 62 1111001 5
37 73 1000100 2

Matching output
0 absent
1 absent
2 absent
3 absent
4 absent
5 absent
6 absent
7 absent

Left
none
Best: none

Right
none
Best: none

AND-NOT
01 0000000 a
12 1101100 4 match 0
23 0000000 a
34 0010010 2
45 0000000 a
56 0010111 4 match 2
67 0101000 2
70 0010011 3

02 1100000 2 match 7
13 1101000 3 match 5
24 0010000 1
35 0000000 a
46 0000101 2
57 0100100 2
60 0001000 1
71 0010011 3

03 1100000 2 match 7
14 1001000 2
25 0000000 a
36 0010111 4 match 2
47 0100100 2
50 0010111 4 match 2
61 0000000 a
72 1000010 2

04 1000000 1
15 1001000 2
26 0010001 2 match 1
37 0000100 1
40 0000101 2
51 0010011 3
62 1101000 3 match 5
73 1000000 1

05 1000000 1
16 0000100 1
27 0000000 a
30 0010111 4 match 2
41 0000001 1
52 0100110 3
63 1101000 3 match 5
74 1010010 3

06 0000000 a
17 0101100 3
20 0010001 2 match 1
31 0010011 3
42 0100100 2
53 0100000 1
64 1001000 2
75 1000000 1

07 0100000 1
10 0001100 2
21 0010001 2 match 1
32 0000110 2
43 0100000 1
54 0010010 2
65 1001000 2
76 0010011 3

Matching output
0 12
1 26 20 21
2 56 36 50 30
3 absent
4 absent
5 13 62 63
6 absent
7 02 03

Left
12 23x
Best: AND-NOT12: 1

Right
02 71x
03 72x
Best: AND-NOT02: 1

OR-NOT
01 1110011 5
12 1101110 5
23 1111001 5
34 1011111 6
45 1101101 5
56 0110111 5 match 4
67 1101100 4 match 0
70 1011111 6

02 1101110 5
13 1101100 4 match 0
24 1011011 5
35 1011111 6
46 0110111 5 match 4
57 0111111 6
60 1111111 a
71 1010011 4 match 6

03 1101000 3 match 5
14 1111110 6
25 1011001 4
36 0010111 4 match 2
47 0101101 4
50 0111111 6
61 1111011 6
72 1111111 a

04 1111010 5
15 1101100 4 match 0
26 0010111 4 match 2
37 0111111 6
40 0111111 6
51 0110111 5 match 4
62 1101110 5
73 1111011 6

05 1101000 3 match 5
16 1111111 a
27 0111101 5
30 0011111 5
41 0110111 5 match 4
52 1111111 a
63 1101000 3 match 5
74 1011011 5

06 1110111 6
17 1101100 4 match 0
20 0011111 5
31 0010111 4 match 2
42 1101111 6
53 1111111 a
64 1111010 5
75 1011011 5

07 1101100 4 match 0
10 1111111 a
21 0010011 3
32 1111111 a
43 1101101 5
54 1111111 a
65 1101000 3 match 5
76 1010111 5

Matching output
0 67 13 15 17 07
1 absent
2 36 26 31
3 absent
4 56 46 51 41
5 03 05 63 65
6 71
7 absent

Left
67 70x
13 24x
15 26y
17 20x
07 10x
Best: OR-NOT67: 1

Right
none
Best: none

XOR-NOT
01 1110011 5
12 0000010 1
23 1111001 5
34 1001101 4
45 1101101 5
56 0100000 1
67 1000100 2
70 1001100 3

02 0001110 3
13 0000100 1
24 1001011 4
35 1011111 6
46 0110010 3
57 0011011 4
60 1110111 6
71 1000000 1

03 0001000 1
14 0110110 4
25 1011001 4
36 0000000 a
47 0001001 2
50 0101000 2
61 1111011 6
72 0111101 5

04 0111010 4
15 0100100 2
26 0000110 2
37 0111011 5
40 0111010 4
51 0100100 2
62 0000110 2
73 0111011 5

05 0101000 2
16 1111011 6
27 0111101 5
30 0001000 1
41 0110110 4
52 1011001 4
63 0000000 a
74 0001001 2

06 1110111 6
17 1000000 1
20 0001110 3
31 0000100 1
42 1001011 4
53 1011111 6
64 0110010 3
75 0011011 4

07 1001100 3
10 1110011 5
21 0000010 1
32 1111001 5
43 1001101 4
54 1101101 5
65 0100000 1
76 1000100 2

Matching output
0 absent
1 absent
2 absent
3 absent
4 absent
5 absent
6 absent
7 absent

Left
none
Best: none

Right
none
Best: none

Selecting

Lefts
Identity I1 2 3 4 5 6 7 0: 8
NOT none
Constant none
AND none
OR OR01: 1
XOR none
AND-NOT AND-NOT12: 1
OR-NOT OR-NOT67: 1
XOR-NOT none

Rights
Identity I0 7 6 5 4 3 2 1: 8
NOT none
Constant none
AND AND01: 1
OR none
XOR none
AND-NOT AND-NOT02: 1
OR-NOT none
XOR-NOT none

Left longest: 8
Right longest: 8

Left winner: Identity yes, NOT no, Constant no, AND no, OR no, XOR no, AND-NOT no, OR-NOT no, XOR-NOT no
Right winner: Identity yes, NOT no, Constant no, AND no, OR no, XOR no, AND-NOT no, OR-NOT no, XOR-NOT no

Best left: I1 2 3 4 5 6 7 0: 8
Best right: I0 7 6 5 4 3 2 1: 8

Truncated left: I1 2 3 4 5 6 7 0: 8
Truncated right: none truncated

Tentative from right
7 pending
6 pending
5 pending
4 pending
3 pending
2 pending
1 pending
0 pending

Tentative
0 I1
1 I2
2 I3
3 I4
4 I5
5 I6
6 I7
7 I0

Preferred from left
0 I1
1 I2
2 I3
3 I4
4 I5
5 I6
6 I7
7 I0

Preferred from right
7 I0
6 I7
5 I6
4 I5
3 I4
2 I3
1 I2
0 I1

Preferred
0 I1
1 I2
2 I3
3 I4
4 I5
5 I6
6 I7
7 I0

Matching
0 I1
1 I2
2 I3
3 I4
4 I5
5 I6
6 I7
7 I0

Perfect match
Identity no
NOT no
Constant no
AND no
OR no
XOR no
AND-NOT no
OR-NOT no
XOR-NOT no

Matched
0 I1
1 I2
2 I3
3 I4
4 I5
5 I6
6 I7
7 I0

Selected
0 I1
1 I2
2 I3
3 I4
4 I5
5 I6
6 I7
7 I0

Applying to 00010000
Input
0 0
1 0
2 0
3 1
4 0
5 0
6 0
7 0
Output
0 I1 = 0
1 I2 = 0
2 I3 = 1
3 I4 = 0
4 I5 = 0
5 I6 = 0
6 I7 = 0
7 I0 = 0

I will now return the answer in \boxed{}
The answer in \boxed is
\boxed{00100000}