We need to deduce the transformation by matching the example outputs.
I will put my final answer inside \boxed{}.

Output 0: 01100011
0 0
1 1
2 1
3 0
4 0
5 0
6 1
7 1

Output 1: 00111111
0 0
1 0
2 1
3 1
4 1
5 1
6 1
7 1

Output 2: 11111110
0 1
1 1
2 1
3 1
4 1
5 1
6 1
7 0

Output 3: 00111011
0 0
1 0
2 1
3 1
4 1
5 0
6 1
7 1

Output 4: 11111111
0 1
1 1
2 1
3 1
4 1
5 1
6 1
7 1

Output 5: 10111010
0 1
1 0
2 1
3 1
4 1
5 0
6 1
7 0

Output 6: 01001110
0 0
1 1
2 0
3 0
4 1
5 1
6 1
7 0

Output 7: 10001111
0 1
1 0
2 0
3 0
4 1
5 1
6 1
7 1

Output bit columns (with bitsum as hash)
0 00101101 4
1 10101010 4
2 11111100 6
3 01111100 5
4 01111111 7
5 01101011 5
6 11111111 a
7 11011001 5

Input 0: 10011111
0 1
1 0
2 0
3 1
4 1
5 1
6 1
7 1

Input 1: 11011010
0 1
1 1
2 0
3 1
4 1
5 0
6 1
7 0

Input 2: 11010100
0 1
1 1
2 0
3 1
4 0
5 1
6 0
7 0

Input 3: 01001111
0 0
1 1
2 0
3 0
4 1
5 1
6 1
7 1

Input 4: 01101010
0 0
1 1
2 1
3 0
4 1
5 0
6 1
7 0

Input 5: 01000101
0 0
1 1
2 0
3 0
4 0
5 1
6 0
7 1

Input 6: 01100011
0 0
1 1
2 1
3 0
4 0
5 0
6 1
7 1

Input 7: 00101100
0 0
1 0
2 1
3 0
4 1
5 1
6 0
7 0

When matching output
x: not in operator
y: wrong position

Identity
0 11100000 3
1 01111110 6
2 00001011 3
3 11100000 3
4 11011001 5 match 7
5 10110101 5
6 11011010 5
7 10010110 4

Matching output
0 absent
1 absent
2 absent
3 absent
4 absent
5 absent
6 absent
7 4

Left
none
Best: none

Right
4 3x
Best: I4: 1

NOT
0 00011111 5
1 10000001 2
2 11110100 5
3 00011111 5
4 00100110 3
5 01001010 3
6 00100101 3
7 01101001 4

Matching output
0 absent
1 absent
2 absent
3 absent
4 absent
5 absent
6 absent
7 absent

Left
none
Best: none

Right
none
Best: none

Constant
0 00000000 a
1 11111111 a match 6

Matching output
0 absent
1 absent
2 absent
3 absent
4 absent
5 absent
6 C1
7 absent

Left
none
Best: none

Right
none
Best: none

AND
01 10 01100000 2
12 21 00001010 2
23 32 00000000 a
34 43 11000000 2
45 54 10010001 3
56 65 10010000 2
67 76 10010010 3
70 07 10000000 1

02 20 00000000 a
13 31 01100000 2
24 42 00001001 2
35 53 10100000 2
46 64 11011000 4
57 75 10010100 3
60 06 11000000 2
71 17 00010110 3

03 30 11100000 3
14 41 01011000 3
25 52 00000001 1
36 63 11000000 2
47 74 10010000 2
50 05 10100000 2
61 16 01011010 4
72 27 00000010 1

04 40 11000000 2
15 51 00110100 3
26 62 00001010 2
37 73 10000000 1

Matching output
0 absent
1 absent
2 absent
3 absent
4 absent
5 absent
6 absent
7 absent

Left
none
Best: none

Right
none
Best: none

OR
01 10 11111110 7
12 21 01111111 7 match 4
23 32 11101011 6
34 43 11111001 6
45 54 11111101 7
56 65 11111111 a match 6
67 76 11011110 6
70 07 11110110 6

02 20 11101011 6
13 31 11111110 7
24 42 11011011 6
35 53 11110101 6
46 64 11011011 6
57 75 10110111 6
60 06 11111010 6
71 17 11111110 7

03 30 11100000 3
14 41 11111111 a match 6
25 52 10111111 7
36 63 11111010 6
47 74 11011111 7
50 05 11110101 6
61 16 11111110 7
72 27 10011111 6

04 40 11111001 6
15 51 11111111 a match 6
26 62 11011011 6
37 73 11110110 6

Matching output
0 absent
1 absent
2 absent
3 absent
4 12 21
5 absent
6 56 65 14 41 15 51
7 absent

Left
none
Best: none

Right
none
Best: none

XOR
01 10 10011110 5
12 21 01110101 5
23 32 11101011 6
34 43 00111001 4
45 54 01101100 4
56 65 01101111 6
67 76 01001100 3
70 07 01110110 5

02 20 11101011 6
13 31 10011110 5
24 42 11010010 4
35 53 01010101 4
46 64 00000011 2
57 75 00100011 3
60 06 00111010 4
71 17 11101000 4

03 30 00000000 a
14 41 10100111 5
25 52 10111110 6
36 63 00111010 4
47 74 01001111 5
50 05 01010101 4
61 16 10100100 3
72 27 10011101 5

04 40 00111001 4
15 51 11001011 5
26 62 11010001 4
37 73 01110110 5

Matching output
0 absent
1 absent
2 absent
3 absent
4 absent
5 absent
6 absent
7 absent

Left
none
Best: none

Right
none
Best: none

AND-NOT
01 10000000 1
12 01110100 4
23 00001011 3
34 00100000 1
45 01001000 2
56 00100101 3
67 01001000 2
70 00010110 3

02 11100000 3
13 00011110 4
24 00000010 1
35 01000000 1
46 00000001 1
57 00100001 2
60 00011010 3
71 10000000 1

03 00000000 a
14 00100110 3
25 00001010 2
36 00100000 1
47 01001001 3
50 00010101 3
61 10000000 1
72 10010100 3

04 00100000 1
15 01001010 3
26 00000001 1
37 01100000 2
40 00011001 3
51 10000001 2
62 11010000 3
73 00010110 3

05 01000000 1
16 00100100 2
27 00001001 2
30 00000000 a
41 10000001 2
52 10110100 4
63 00011010 3
74 00000110 2

06 00100000 1
17 01101000 3
20 00001011 3
31 10000000 1
42 11010000 3
53 00010101 3
64 00000010 1
75 00000010 1

07 01100000 2
10 00011110 4
21 00000001 1
32 11100000 3
43 00011001 3
54 00100100 2
65 01001010 3
76 00000100 1

Matching output
0 absent
1 absent
2 absent
3 absent
4 absent
5 absent
6 absent
7 absent

Left
none
Best: none

Right
none
Best: none

OR-NOT
01 11100001 4
12 11111110 7
23 00011111 5
34 11100110 5
45 11011011 6
56 10110101 5
67 11111011 7
70 10011111 6

02 11110100 5
13 01111111 7 match 4
24 00101111 5
35 11101010 5
46 11111101 7
57 11111101 7
60 11011111 7
71 10010111 5

03 11111111 a match 6
14 01111110 6
25 01001011 4
36 11100101 5
47 11111001 6
50 10111111 7
61 11011011 6
72 11110110 6

04 11100110 5
15 01111110 6
26 00101111 5
37 11101001 5
40 11011111 7
51 10110101 5
62 11111110 7
73 10011111 6

05 11101010 5
16 01111111 7 match 4
27 01101011 5 match 5
30 11111111 a match 6
41 11011001 5 match 7
52 11110101 6
63 11011111 7
74 10110110 5

06 11100101 5
17 01111111 7 match 4
20 00011111 5
31 11100001 4
42 11111101 7
53 10111111 7
64 11111110 7
75 11011110 6

07 11101001 5
10 01111111 7 match 4
21 10001011 4
32 11110100 5
43 11011111 7
54 10110111 6
65 11011010 5
76 10110111 6

Matching output
0 absent
1 absent
2 absent
3 absent
4 13 16 17 10
5 27
6 03 30
7 41

Left
none
Best: none

Right
41 30 27 16 05x
Best: OR-NOT41 30 27 16: 4

XOR-NOT
01 01100001 3
12 10001010 3
23 00010100 2
34 11000110 4
45 10010011 4
56 10010000 2
67 10110011 5
70 10001001 3

02 00010100 2
13 01100001 3
24 00101101 4 match 0
35 10101010 4 match 1
46 11111100 6 match 2
57 11011100 5
60 11000101 4
71 00010111 4

03 11111111 a match 6
14 01011000 3
25 01000001 2
36 11000101 4
47 10110000 3
50 10101010 4 match 1
61 01011011 5
72 01100010 3

04 11000110 4
15 00110100 3
26 00101110 4
37 10001001 3
40 11000110 4
51 00110100 3
62 00101110 4
73 10001001 3

05 10101010 4 match 1
16 01011011 5
27 01100010 3
30 11111111 a match 6
41 01011000 3
52 01000001 2
63 11000101 4
74 10110000 3

06 11000101 4
17 00010111 4
20 00010100 2
31 01100001 3
42 00101101 4 match 0
53 10101010 4 match 1
64 11111100 6 match 2
75 11011100 5

07 10001001 3
10 01100001 3
21 10001010 3
32 00010100 2
43 11000110 4
54 10010011 4
65 10010000 2
76 10110011 5

Matching output
0 24 42
1 35 50 05 53
2 46 64
3 absent
4 absent
5 absent
6 03 30
7 absent

Left
24 35 46 57x
42 53 64 75x
Best: XOR-NOT24 35 46: 3

Right
none
Best: none

Selecting

Lefts
Identity none
NOT none
Constant none
AND none
OR none
XOR none
AND-NOT none
OR-NOT none
XOR-NOT XOR-NOT24 35 46: 3

Rights
Identity I4: 1
NOT none
Constant none
AND none
OR none
XOR none
AND-NOT none
OR-NOT OR-NOT41 30 27 16: 4
XOR-NOT none

Left longest: 3
Right longest: 4

Right winner: Identity no, NOT no, Constant no, AND no, OR no, XOR no, AND-NOT no, OR-NOT yes, XOR-NOT no
Left winner: Identity no, NOT no, Constant no, AND no, OR no, XOR no, AND-NOT no, OR-NOT no, XOR-NOT yes

Best right: OR-NOT41 30 27 16: 4
Best left: XOR-NOT24 35 46: 3

Truncated right: OR-NOT41 30 27 16: 4
Truncated left: XOR-NOT24 35 46: 3

Tentative from right
7 OR-NOT41
6 OR-NOT30
5 OR-NOT27
4 OR-NOT16
3 pending
2 pending
1 pending
0 pending

Tentative
0 XOR-NOT24
1 XOR-NOT35
2 XOR-NOT46
3 pending
4 OR-NOT16
5 OR-NOT27
6 OR-NOT30
7 OR-NOT41

Preferred from right
7 OR-NOT41
6 OR-NOT30
5 OR-NOT27
4 OR-NOT16
3 ?05
2 XOR-NOT46
1 XOR-NOT35
0 XOR-NOT24

Preferred from left
0 XOR-NOT24
1 XOR-NOT35
2 XOR-NOT46
3 ?05
4 OR-NOT16
5 OR-NOT27
6 OR-NOT30
7 OR-NOT41

Preferred
0 XOR-NOT24
1 XOR-NOT35
2 XOR-NOT46
3 ?05 ?50
4 OR-NOT16
5 OR-NOT27
6 OR-NOT30
7 OR-NOT41

Matching
0 XOR-NOT24
1 XOR-NOT35
2 XOR-NOT46
3 ?05 ?50 - Identity absent, NOT absent, Constant absent, AND absent, OR absent, XOR absent, AND-NOT absent, OR-NOT absent, XOR-NOT absent
4 OR-NOT16
5 OR-NOT27
6 OR-NOT30
7 OR-NOT41

Perfect match
Identity no
NOT no
Constant no
AND no
OR no
XOR no
AND-NOT no
OR-NOT no
XOR-NOT no

Matched
0 XOR-NOT24
1 XOR-NOT35
2 XOR-NOT46
3 none
4 OR-NOT16
5 OR-NOT27
6 OR-NOT30
7 OR-NOT41

Selected
0 XOR-NOT24
1 XOR-NOT35
2 XOR-NOT46
3 default 1
4 OR-NOT16
5 OR-NOT27
6 OR-NOT30
7 OR-NOT41

Applying to 10001101
Input
0 1
1 0
2 0
3 0
4 1
5 1
6 0
7 1
Output
0 XOR-NOT24 = XOR(0,NOT(1)) = 0
1 XOR-NOT35 = XOR(0,NOT(1)) = 0
2 XOR-NOT46 = XOR(1,NOT(0)) = 0
3 default 1 = 1
4 OR-NOT16 = OR(0,NOT(0)) = 1
5 OR-NOT27 = OR(0,NOT(1)) = 0
6 OR-NOT30 = OR(0,NOT(1)) = 0
7 OR-NOT41 = OR(1,NOT(0)) = 1

I will now return the answer in \boxed{}
The answer in \boxed is
\boxed{00011001}