We need to deduce the transformation by matching the example outputs.
I will put my final answer inside \boxed{}.

Output 0: 10101000
0 1
1 0
2 1
3 0
4 1
5 0
6 0
7 0

Output 1: 00011000
0 0
1 0
2 0
3 1
4 1
5 0
6 0
7 0

Output 2: 00001001
0 0
1 0
2 0
3 0
4 1
5 0
6 0
7 1

Output 3: 01100000
0 0
1 1
2 1
3 0
4 0
5 0
6 0
7 0

Output 4: 00001100
0 0
1 0
2 0
3 0
4 1
5 1
6 0
7 0

Output 5: 00111100
0 0
1 0
2 1
3 1
4 1
5 1
6 0
7 0

Output 6: 10100011
0 1
1 0
2 1
3 0
4 0
5 0
6 1
7 1

Output bit columns (with bitsum as hash)
0 1000001 2
1 0001000 1
2 1001011 4
3 0100010 2
4 1110110 5
5 0000110 2
6 0000001 1
7 0010001 2

Input 0: 11010101
0 1
1 1
2 0
3 1
4 0
5 1
6 0
7 1

Input 1: 11010010
0 1
1 1
2 0
3 1
4 0
5 0
6 1
7 0

Input 2: 10011001
0 1
1 0
2 0
3 1
4 1
5 0
6 0
7 1

Input 3: 00001111
0 0
1 0
2 0
3 0
4 1
5 1
6 1
7 1

Input 4: 11100000
0 1
1 1
2 1
3 0
4 0
5 0
6 0
7 0

Input 5: 11100111
0 1
1 1
2 1
3 0
4 0
5 1
6 1
7 1

Input 6: 00111101
0 0
1 0
2 1
3 1
4 1
5 1
6 0
7 1

When matching output
x: not in operator
y: wrong position

Identity
0 1110110 5 match 4
1 1100110 4
2 0000111 3
3 1110001 4
4 0011001 3
5 1001011 4 match 2
6 0101010 3
7 1011011 5

Matching output
0 absent
1 absent
2 5
3 absent
4 0
5 absent
6 absent
7 absent

Left
none
Best: none

Right
none
Best: none

NOT
0 0001001 2
1 0011001 3
2 1111000 4
3 0001110 3
4 1100110 4
5 0110100 3
6 1010101 4
7 0100100 2

Matching output
0 absent
1 absent
2 absent
3 absent
4 absent
5 absent
6 absent
7 absent

Left
none
Best: none

Right
none
Best: none

Constant
0 0000000 a
1 1111111 a

Matching output
0 absent
1 absent
2 absent
3 absent
4 absent
5 absent
6 absent
7 absent

Left
none
Best: none

Right
none
Best: none

AND
01 10 1100110 4
12 21 0000110 2 match 5
23 32 0000001 1 match 6
34 43 0010001 2 match 7
45 54 0001001 2
56 65 0001010 2
67 76 0001010 2
70 07 1010010 3

02 20 0000110 2 match 5
13 31 1100000 2
24 42 0000001 1 match 6
35 53 1000001 2 match 0
46 64 0001000 1 match 1
57 75 1001011 4 match 2
60 06 0100010 2 match 3
71 17 1000010 2

03 30 1110000 3
14 41 0000000 a
25 52 0000011 2
36 63 0100000 1
47 74 0011001 3
50 05 1000010 2
61 16 0100010 2 match 3
72 27 0000011 2

04 40 0010000 1
15 51 1000010 2
26 62 0000010 1
37 73 1010001 3

Matching output
0 35 53
1 46 64
2 57 75
3 60 06 61 16
4 absent
5 12 21 02 20
6 23 32 24 42
7 34 43

Left
35 46 57 60 71x
53 64 75 06 17x
Best: AND35 46 57 60: 4

Right
34 23 12 01x
43 32 21 10x
Best: AND34 23 12: 3

OR
01 10 1110110 5 match 4
12 21 1100111 5
23 32 1110111 6
34 43 1111001 5
45 54 1011011 5
56 65 1101011 5
67 76 1111011 6
70 07 1111111 a

02 20 1110111 6
13 31 1110111 6
24 42 0011111 5
35 53 1111011 6
46 64 0111011 5
57 75 1011011 5
60 06 1111110 6
71 17 1111111 a

03 30 1110111 6
14 41 1111111 a
25 52 1001111 5
36 63 1111011 6
47 74 1011011 5
50 05 1111111 a
61 16 1101110 5
72 27 1011111 6

04 40 1111111 a
15 51 1101111 6
26 62 0101111 5
37 73 1111011 6

Matching output
0 absent
1 absent
2 absent
3 absent
4 01 10
5 absent
6 absent
7 absent

Left
none
Best: none

Right
none
Best: none

XOR
01 10 0010000 1
12 21 1100001 3
23 32 1110110 5 match 4
34 43 1101000 3
45 54 1010010 3
56 65 1100001 3
67 76 1110001 4
70 07 0101101 4

02 20 1110001 4
13 31 0010111 4
24 42 0011110 4
35 53 0111010 4
46 64 0110011 4
57 75 0010000 1
60 06 1011100 4
71 17 0111101 5

03 30 0000111 3
14 41 1111111 a
25 52 1001100 3
36 63 1011011 5
47 74 1000010 2
50 05 0111101 5
61 16 1001100 3
72 27 1011100 4

04 40 1101111 6
15 51 0101101 4
26 62 0101101 4
37 73 0101010 3

Matching output
0 absent
1 absent
2 absent
3 absent
4 23 32
5 absent
6 absent
7 absent

Left
none
Best: none

Right
none
Best: none

AND-NOT
01 0010000 1
12 1100000 2
23 0000110 2 match 5
34 1100000 2
45 0010000 1
56 1000001 2 match 0
67 0100000 1
70 0001001 2

02 1110000 3
13 0000110 2 match 5
24 0000110 2 match 5
35 0110000 2
46 0010001 2 match 7
57 0000000 a
60 0001000 1 match 1
71 0011001 3

03 0000110 2 match 5
14 1100110 4
25 0000100 1
36 1010001 3
47 0000000 a
50 0001001 2
61 0001000 1 match 1
72 1011000 3

04 1100110 4
15 0100100 2
26 0000101 2
37 0100000 1
40 0001001 2
51 0001001 2
62 0101000 2
73 0001010 2

05 0110100 3
16 1000100 2
27 0000100 1
30 0000001 1 match 6
41 0011001 3
52 1001000 2
63 0001010 2
74 1000010 2

06 1010100 3
17 0100100 2
20 0000001 1 match 6
31 0010001 2 match 7
42 0011000 2
53 0001010 2
64 0100010 2 match 3
75 0010000 1

07 0100100 2
10 0000000 a
21 0000001 1 match 6
32 1110000 3
43 0001000 1 match 1
54 1000010 2
65 0100000 1
76 1010001 3

Matching output
0 56
1 60 61 43
2 absent
3 64
4 absent
5 23 13 24 03
6 30 20 21
7 46 31

Left
56 67x
Best: AND-NOT56: 1

Right
46 35x
31 20 17x
Best: AND-NOT31 20: 2

OR-NOT
01 1111111 a
12 1111110 6
23 0001111 4
34 1110111 6
45 0111101 5
56 1011111 6
67 0101110 4
70 1011011 5

02 1111110 6
13 1101110 5
24 1100111 5
35 1110101 5
46 1011101 5
57 1101111 6
60 0101011 4
71 1011011 5

03 1111110 6
14 1100110 4
25 0110111 5
36 1110101 5
47 0111101 5
50 1001011 4 match 2
61 0111011 5
72 1111011 6

04 1110110 5 match 4
15 1110110 5 match 4
26 1010111 5
37 1110101 5
40 0011001 3
51 1011011 5
62 1111010 5
73 1011111 6

05 1110110 5 match 4
16 1110111 6
27 0100111 4
30 1111001 5
41 0011001 3
52 1111011 6
63 0101110 4
74 1111111 a

06 1110111 6
17 1100110 4
20 0001111 4
31 1111001 5
42 1111001 5
53 1001111 5
64 1101110 5
75 1111111 a

07 1110110 5 match 4
10 1101111 6
21 0011111 5
32 1111001 5
43 0011111 5
54 1101111 6
65 0111110 5
76 1011111 6

Matching output
0 absent
1 absent
2 50
3 absent
4 04 15 05 07
5 absent
6 absent
7 absent

Left
none
Best: none

Right
none
Best: none

XOR-NOT
01 1101111 6
12 0011110 4
23 0001001 2
34 0010111 4
45 0101101 4
56 0011110 4
67 0001110 3
70 1010010 3

02 0001110 3
13 1101000 3
24 1100001 3
35 1000101 3
46 1001100 3
57 1101111 6
60 0100011 3
71 1000010 2

03 1111000 4
14 0000000 a
25 0110011 4
36 0100100 2
47 0111101 5
50 1000010 2
61 0110011 4
72 0100011 3

04 0010000 1
15 1010010 3
26 1010010 3
37 1010101 4
40 0010000 1
51 1010010 3
62 1010010 3
73 1010101 4

05 1000010 2
16 0110011 4
27 0100011 3
30 1111000 4
41 0000000 a
52 0110011 4
63 0100100 2
74 0111101 5

06 0100011 3
17 1000010 2
20 0001110 3
31 1101000 3
42 1100001 3
53 1000101 3
64 1001100 3
75 1101111 6

07 1010010 3
10 1101111 6
21 0011110 4
32 0001001 2
43 0010111 4
54 0101101 4
65 0011110 4
76 0001110 3

Matching output
0 absent
1 absent
2 absent
3 absent
4 absent
5 absent
6 absent
7 absent

Left
none
Best: none

Right
none
Best: none

Selecting

Lefts
Identity none
NOT none
Constant none
AND AND35 46 57 60: 4
OR none
XOR none
AND-NOT AND-NOT56: 1
OR-NOT none
XOR-NOT none

Rights
Identity none
NOT none
Constant none
AND AND34 23 12: 3
OR none
XOR none
AND-NOT AND-NOT31 20: 2
OR-NOT none
XOR-NOT none

Left longest: 4
Right longest: 3

Left winner: Identity no, NOT no, Constant no, AND yes, OR no, XOR no, AND-NOT no, OR-NOT no, XOR-NOT no
Right winner: Identity no, NOT no, Constant no, AND yes, OR no, XOR no, AND-NOT no, OR-NOT no, XOR-NOT no

Best left: AND35 46 57 60: 4
Best right: AND34 23 12: 3

Truncated left: AND35 46 57 60: 4
Truncated right: AND34 23 12: 3

Tentative from right
7 AND34
6 AND23
5 AND12
4 pending
3 pending
2 pending
1 pending
0 pending

Tentative
0 AND35
1 AND46
2 AND57
3 AND60
4 pending
5 AND12
6 AND23
7 AND34

Preferred from left
0 AND35
1 AND46
2 AND57
3 AND60
4 ?71
5 AND12
6 AND23
7 AND34

Preferred from right
7 AND34
6 AND23
5 AND12
4 ?71
3 AND60
2 AND57
1 AND46
0 AND35

Preferred
0 AND35
1 AND46
2 AND57
3 AND60
4 ?71 ?17
5 AND12
6 AND23
7 AND34

Matching
0 AND35
1 AND46
2 AND57
3 AND60
4 ?71 ?17 - Identity absent, NOT absent, Constant absent, AND absent, OR absent, XOR absent, AND-NOT absent, OR-NOT absent, XOR-NOT absent
5 AND12
6 AND23
7 AND34

Perfect match
Identity no
NOT no
Constant no
AND no
OR no
XOR no
AND-NOT no
OR-NOT no
XOR-NOT no

Matched
0 AND35
1 AND46
2 AND57
3 AND60
4 none
5 AND12
6 AND23
7 AND34

Selected
0 AND35
1 AND46
2 AND57
3 AND60
4 default 1
5 AND12
6 AND23
7 AND34

Applying to 01100110
Input
0 0
1 1
2 1
3 0
4 0
5 1
6 1
7 0
Output
0 AND35 = AND(0,1) = 0
1 AND46 = AND(0,1) = 0
2 AND57 = AND(1,0) = 0
3 AND60 = AND(1,0) = 0
4 default 1 = 1
5 AND12 = AND(1,1) = 1
6 AND23 = AND(1,0) = 0
7 AND34 = AND(0,0) = 0

I will now return the answer in \boxed{}
The answer in \boxed is
\boxed{00001100}