We need to deduce the transformation by matching the example outputs.
I will put my final answer inside \boxed{}.

Output 0: 11101001
0 1
1 1
2 1
3 0
4 1
5 0
6 0
7 1

Output 1: 11000010
0 1
1 1
2 0
3 0
4 0
5 0
6 1
7 0

Output 2: 00110101
0 0
1 0
2 1
3 1
4 0
5 1
6 0
7 1

Output 3: 00110000
0 0
1 0
2 1
3 1
4 0
5 0
6 0
7 0

Output 4: 00111010
0 0
1 0
2 1
3 1
4 1
5 0
6 1
7 0

Output 5: 11101011
0 1
1 1
2 1
3 0
4 1
5 0
6 1
7 1

Output 6: 11000101
0 1
1 1
2 0
3 0
4 0
5 1
6 0
7 1

Output 7: 11010100
0 1
1 1
2 0
3 1
4 0
5 1
6 0
7 0

Output 8: 11111001
0 1
1 1
2 1
3 1
4 1
5 0
6 0
7 1

Output bit columns (with bitsum as hash)
0 110001111 6
1 110001111 6
2 101111001 6
3 001110011 5
4 100011001 4
5 001000110 3
6 010011000 3
7 101001101 5

Input 0: 11010011
0 1
1 1
2 0
3 1
4 0
5 0
6 1
7 1

Input 1: 10100000
0 1
1 0
2 1
3 0
4 0
5 0
6 0
7 0

Input 2: 01110110
0 0
1 1
2 1
3 1
4 0
5 1
6 1
7 0

Input 3: 00001000
0 0
1 0
2 0
3 0
4 1
5 0
6 0
7 0

Input 4: 00001011
0 0
1 0
2 0
3 0
4 1
5 0
6 1
7 1

Input 5: 01010011
0 0
1 1
2 0
3 1
4 0
5 0
6 1
7 1

Input 6: 01011110
0 0
1 1
2 0
3 1
4 1
5 1
6 1
7 0

Input 7: 00100110
0 0
1 0
2 1
3 0
4 0
5 1
6 1
7 0

Input 8: 01010100
0 0
1 1
2 0
3 1
4 0
5 1
6 0
7 0

When matching output
x: not in operator
y: wrong position

Identity
0 110000000 2
1 101001101 5 match 7
2 011000010 3
3 101001101 5 match 7
4 000110100 3
5 001000111 4
6 101011110 6
7 100011000 3

Matching output
0 absent
1 absent
2 absent
3 absent
4 absent
5 absent
6 absent
7 1 3

Left
none
Best: none

Right
1 0x
3 2x
Best: I1: 1

NOT
0 001111111 7
1 010110010 4
2 100111101 6
3 010110010 4
4 111001011 6
5 110111000 5
6 010100001 3
7 011100111 6

Matching output
0 absent
1 absent
2 absent
3 absent
4 absent
5 absent
6 absent
7 absent

Left
none
Best: none

Right
none
Best: none

Constant
0 000000000 a
1 111111111 a

Matching output
0 absent
1 absent
2 absent
3 absent
4 absent
5 absent
6 absent
7 absent

Left
none
Best: none

Right
none
Best: none

AND
01 10 100000000 1
12 21 001000000 1
23 32 001000000 1
34 43 000000100 1
45 54 000000100 1
56 65 001000110 3 match 5
67 76 100011000 3
70 07 100000000 1

02 20 010000000 1
13 31 101001101 5 match 7
24 42 000000000 a
35 53 001000101 3
46 64 000010100 2
57 75 000000000 a
60 06 100000000 1
71 17 100001000 2

03 30 100000000 1
14 41 000000100 1
25 52 001000010 2
36 63 101001100 4
47 74 000010000 1
50 05 000000000 a
61 16 101001100 4
72 27 000000000 a

04 40 000000000 a
15 51 001000101 3
26 62 001000010 2
37 73 100001000 2

Matching output
0 absent
1 absent
2 absent
3 absent
4 absent
5 56 65
6 absent
7 13 31

Left
none
Best: none

Right
13 02x
31 20x
Best: AND13: 1

OR
01 10 111001101 6
12 21 111001111 7
23 32 111001111 7
34 43 101111101 7
45 54 001110111 6
56 65 101011111 7
67 76 101011110 6
70 07 110011000 4

02 20 111000010 4
13 31 101001101 5 match 7
24 42 011110110 6
35 53 101001111 6
46 64 101111110 7
57 75 101011111 7
60 06 111011110 7
71 17 101011101 6

03 30 111001101 6
14 41 101111101 7
25 52 011000111 5
36 63 101011111 7
47 74 100111100 5
50 05 111000111 6
61 16 101011111 7
72 27 111011010 6

04 40 110110100 5
15 51 101001111 6
26 62 111011110 7
37 73 101011101 6

Matching output
0 absent
1 absent
2 absent
3 absent
4 absent
5 absent
6 absent
7 13 31

Left
none
Best: none

Right
13 02x
31 20x
Best: OR13: 1

XOR
01 10 011001101 5
12 21 110001111 6 match 0 1
23 32 110001111 6 match 0 1
34 43 101111001 6 match 2
45 54 001110011 5 match 3
56 65 100011001 4 match 4
67 76 001000110 3 match 5
70 07 010011000 3 match 6

02 20 101000010 3
13 31 000000000 a
24 42 011110110 6
35 53 100001010 3
46 64 101101010 5
57 75 101011111 7
60 06 011011110 6
71 17 001010101 4

03 30 011001101 5
14 41 101111001 6 match 2
25 52 010000101 3
36 63 000010011 3
47 74 100101100 4
50 05 111000111 6
61 16 000010011 3
72 27 111011010 6

04 40 110110100 5
15 51 100001010 3
26 62 110011100 5
37 73 001010101 4

Matching output
0 12 21 23 32
1 12 21 23 32
2 34 43 14 41
3 45 54
4 56 65
5 67 76
6 70 07
7 absent

Left
12 23 34 45 56 67 70 01x
21 32 43 54 65 76 07 10x
23 34y
32 43y
Best: XOR12 23 34 45 56 67 70: 7

Right
none
Best: none

AND-NOT
01 010000000 1
12 100001101 4
23 010000010 2
34 101001001 4
45 000110000 2
56 000000001 1
67 001000110 3 match 5
70 000011000 2

02 100000000 1
13 000000000 a
24 011000010 3
35 100001000 2
46 000100000 1
57 001000111 4
60 001011110 5
71 000010000 1

03 010000000 1
14 101001001 4
25 010000000 1
36 000000001 1
47 000100100 2
50 001000111 4
61 000010010 2
72 100011000 3

04 110000000 2
15 100001000 2
26 010000000 1
37 001000101 3
40 000110100 3
51 000000010 1
62 100011100 4
73 000010000 1

05 110000000 2
16 000000001 1
27 011000010 3
30 001001101 4
41 000110000 2
52 000000101 2
63 000010010 2
74 100001000 2

06 010000000 1
17 001000101 3
20 001000010 2
31 000000000 a
42 000110100 3
53 000000010 1
64 101001010 4
75 100011000 3

07 010000000 1
10 001001101 4
21 010000010 2
32 100001101 4
43 000110000 2
54 001000011 3
65 100011000 3
76 000000000 a

Matching output
0 absent
1 absent
2 absent
3 absent
4 absent
5 67
6 absent
7 absent

Left
none
Best: none

Right
none
Best: none

OR-NOT
01 110110010 5
12 101111101 7
23 011110010 5
34 111001111 7
45 110111100 6
56 011100111 6
67 111111111 a
70 101111111 8

02 110111101 7
13 111111111 a
24 111001011 6
35 111111101 8
46 010110101 5
57 011100111 6
60 101111111 8
71 110111010 6

03 110110010 5
14 111001111 7
25 111111010 7
36 111101101 7
47 011110111 7
50 001111111 7
61 111111110 8
72 100111101 6

04 111001011 6
15 111111101 8
26 011100011 5
37 111101111 8
40 001111111 7
51 011110111 7
62 101111111 8
73 110111010 6

05 110111000 5
16 111101101 7
27 011100111 6
30 101111111 8
41 010110110 5
52 101111111 8
63 111111110 8
74 111011011 7

06 110100001 4
17 111101111 8
20 011111111 8
31 111111111 a
42 100111101 6
53 011110111 7
64 111011111 8
75 110111000 5

07 111100111 7
10 101111111 8
21 011110010 5
32 101111101 7
43 010110110 5
54 111001111 7
65 111111110 8
76 110111001 6

Matching output
0 absent
1 absent
2 absent
3 absent
4 absent
5 absent
6 absent
7 absent

Left
none
Best: none

Right
none
Best: none

XOR-NOT
01 100110010 4
12 001110000 3
23 001110000 3
34 010000110 3
45 110001100 4
56 011100110 5
67 110111001 6
70 101100111 6

02 010111101 6
13 111111111 a
24 100001001 3
35 011110101 6
46 010010101 4
57 010100000 2
60 100100001 3
71 110101010 5

03 100110010 4
14 010000110 3
25 101111010 6
36 111101100 6
47 011010011 5
50 000111000 3
61 111101100 6
72 000100101 3

04 001001011 4
15 011110101 6
26 001100011 4
37 110101010 5
40 001001011 4
51 011110101 6
62 001100011 4
73 110101010 5

05 000111000 3
16 111101100 6
27 000100101 3
30 100110010 4
41 010000110 3
52 101111010 6
63 111101100 6
74 011010011 5

06 100100001 3
17 110101010 5
20 010111101 6
31 111111111 a
42 100001001 3
53 011110101 6
64 010010101 4
75 010100000 2

07 101100111 6
10 100110010 4
21 001110000 3
32 001110000 3
43 010000110 3
54 110001100 4
65 011100110 5
76 110111001 6

Matching output
0 absent
1 absent
2 absent
3 absent
4 absent
5 absent
6 absent
7 absent

Left
none
Best: none

Right
none
Best: none

Selecting

Lefts
Identity none
NOT none
Constant none
AND none
OR none
XOR XOR12 23 34 45 56 67 70: 7
AND-NOT none
OR-NOT none
XOR-NOT none

Rights
Identity I1: 1
NOT none
Constant none
AND AND13: 1
OR OR13: 1
XOR none
AND-NOT none
OR-NOT none
XOR-NOT none

Left longest: 7
Right longest: 1

Left winner: Identity no, NOT no, Constant no, AND no, OR no, XOR yes, AND-NOT no, OR-NOT no, XOR-NOT no
Right winner: Identity yes, NOT no, Constant no, AND no, OR no, XOR no, AND-NOT no, OR-NOT no, XOR-NOT no

Best left: XOR12 23 34 45 56 67 70: 7
Best right: I1: 1

Truncated left: XOR12 23 34 45 56 67 70: 7
Truncated right: I1: 1

Tentative from right
7 I1
6 pending
5 pending
4 pending
3 pending
2 pending
1 pending
0 pending

Tentative
0 XOR12
1 XOR23
2 XOR34
3 XOR45
4 XOR56
5 XOR67
6 XOR70
7 I1

Preferred from left
0 XOR12
1 XOR23
2 XOR34
3 XOR45
4 XOR56
5 XOR67
6 XOR70
7 I1

Preferred from right
7 I1
6 XOR70
5 XOR67
4 XOR56
3 XOR45
2 XOR34
1 XOR23
0 XOR12

Preferred
0 XOR12
1 XOR23
2 XOR34
3 XOR45
4 XOR56
5 XOR67
6 XOR70
7 I1

Matching
0 XOR12
1 XOR23
2 XOR34
3 XOR45
4 XOR56
5 XOR67
6 XOR70
7 I1

Perfect match
Identity no
NOT no
Constant no
AND no
OR no
XOR no
AND-NOT no
OR-NOT no
XOR-NOT no

Matched
0 XOR12
1 XOR23
2 XOR34
3 XOR45
4 XOR56
5 XOR67
6 XOR70
7 I1

Selected
0 XOR12
1 XOR23
2 XOR34
3 XOR45
4 XOR56
5 XOR67
6 XOR70
7 I1

Applying to 00010101
Input
0 0
1 0
2 0
3 1
4 0
5 1
6 0
7 1
Output
0 XOR12 = XOR(0,0) = 0
1 XOR23 = XOR(0,1) = 1
2 XOR34 = XOR(1,0) = 1
3 XOR45 = XOR(0,1) = 1
4 XOR56 = XOR(1,0) = 1
5 XOR67 = XOR(0,1) = 1
6 XOR70 = XOR(1,0) = 1
7 I1 = 0

I will now return the answer in \boxed{}
The answer in \boxed is
\boxed{01111110}