We need to deduce the transformation by matching the example outputs.
I will put my final answer inside \boxed{}.

Output 0: 01011010
0 0
1 1
2 0
3 1
4 1
5 0
6 1
7 0

Output 1: 01000110
0 0
1 1
2 0
3 0
4 0
5 1
6 1
7 0

Output 2: 10000110
0 1
1 0
2 0
3 0
4 0
5 1
6 1
7 0

Output 3: 01000011
0 0
1 1
2 0
3 0
4 0
5 0
6 1
7 1

Output 4: 00100010
0 0
1 0
2 1
3 0
4 0
5 0
6 1
7 0

Output 5: 11000111
0 1
1 1
2 0
3 0
4 0
5 1
6 1
7 1

Output 6: 10000101
0 1
1 0
2 0
3 0
4 0
5 1
6 0
7 1

Output 7: 00000100
0 0
1 0
2 0
3 0
4 0
5 1
6 0
7 0

Output 8: 10101000
0 1
1 0
2 1
3 0
4 1
5 0
6 0
7 0

Output bit columns (with bitsum as hash)
0 001001101 4
1 110101000 4
2 000010001 2
3 100000000 1
4 100000001 2
5 011001110 5
6 111111000 6
7 000101100 3

Input 0: 10010110
0 1
1 0
2 0
3 1
4 0
5 1
6 1
7 0

Input 1: 10010001
0 1
1 0
2 0
3 1
4 0
5 0
6 0
7 1

Input 2: 10100001
0 1
1 0
2 1
3 0
4 0
5 0
6 0
7 1

Input 3: 11010000
0 1
1 1
2 0
3 1
4 0
5 0
6 0
7 0

Input 4: 10001000
0 1
1 0
2 0
3 0
4 1
5 0
6 0
7 0

Input 5: 11110001
0 1
1 1
2 1
3 1
4 0
5 0
6 0
7 1

Input 6: 01100001
0 0
1 1
2 1
3 0
4 0
5 0
6 0
7 1

Input 7: 00000001
0 0
1 0
2 0
3 0
4 0
5 0
6 0
7 1

Input 8: 00101010
0 0
1 0
2 1
3 0
4 1
5 0
6 1
7 0

When matching output
x: not in operator
y: wrong position

Identity
0 111111000 6 match 6
1 000101100 3 match 7
2 001001101 4 match 0
3 110101000 4 match 1
4 000010001 2 match 2
5 100000000 1 match 3
6 100000001 2 match 4
7 011001110 5 match 5

Matching output
0 2
1 3
2 4
3 5
4 6
5 7
6 0
7 1

Left
2 3 4 5 6 7 0 1
Best: I2 3 4 5 6 7 0 1: 8

Right
1 0 7 6 5 4 3 2
Best: I1 0 7 6 5 4 3 2: 8

NOT
0 000000111 3
1 111010011 6
2 110110010 5
3 001010111 5
4 111101110 7
5 011111111 8
6 011111110 7
7 100110001 4

Matching output
0 absent
1 absent
2 absent
3 absent
4 absent
5 absent
6 absent
7 absent

Left
none
Best: none

Right
none
Best: none

Constant
0 000000000 a
1 111111111 a

Matching output
0 absent
1 absent
2 absent
3 absent
4 absent
5 absent
6 absent
7 absent

Left
none
Best: none

Right
none
Best: none

AND
01 10 000101000 2
12 21 000001100 2
23 32 000001000 1
34 43 000000000 a
45 54 000000000 a
56 65 100000000 1 match 3
67 76 000000000 a
70 07 011001000 3

02 20 001001000 2
13 31 000101000 2
24 42 000000001 1
35 53 100000000 1 match 3
46 64 000000001 1
57 75 000000000 a
60 06 100000000 1 match 3
71 17 000001100 2

03 30 110101000 4 match 1
14 41 000000000 a
25 52 000000000 a
36 63 100000000 1 match 3
47 74 000000000 a
50 05 100000000 1 match 3
61 16 000000000 a
72 27 001001100 3

04 40 000010000 1
15 51 000000000 a
26 62 000000001 1
37 73 010001000 2

Matching output
0 absent
1 03 30
2 absent
3 56 65 35 53 60 06 36 63 50 05
4 absent
5 absent
6 absent
7 absent

Left
none
Best: none

Right
none
Best: none

OR
01 10 111111100 7
12 21 001101101 5
23 32 111101101 7
34 43 110111001 6
45 54 100010001 3
56 65 100000001 2 match 4
67 76 111001111 7
70 07 111111110 8

02 20 111111101 8
13 31 110101100 5
24 42 001011101 5
35 53 110101000 4 match 1
46 64 100010001 3
57 75 111001110 6
60 06 111111001 7
71 17 011101110 6

03 30 111111000 6 match 6
14 41 000111101 5
25 52 101001101 5
36 63 110101001 5
47 74 011011111 7
50 05 111111000 6 match 6
61 16 100101101 5
72 27 011001111 6

04 40 111111001 7
15 51 100101100 4
26 62 101001101 5
37 73 111101110 7

Matching output
0 absent
1 35 53
2 absent
3 absent
4 56 65
5 absent
6 03 30 50 05
7 absent

Left
none
Best: none

Right
none
Best: none

XOR
01 10 111010100 5
12 21 001100001 3
23 32 111100101 6
34 43 110111001 6
45 54 100010001 3
56 65 000000001 1
67 76 111001111 7
70 07 100110110 5

02 20 110110101 6
13 31 110000100 3
24 42 001011100 4
35 53 010101000 3
46 64 100010000 2
57 75 111001110 6
60 06 011111001 6
71 17 011100010 4

03 30 001010000 2
14 41 000111101 5
25 52 101001101 5
36 63 010101001 4
47 74 011011111 7
50 05 011111000 5
61 16 100101101 5
72 27 010000011 3

04 40 111101001 6
15 51 100101100 4
26 62 101001100 4
37 73 101100110 5

Matching output
0 absent
1 absent
2 absent
3 absent
4 absent
5 absent
6 absent
7 absent

Left
none
Best: none

Right
none
Best: none

AND-NOT
01 111010000 4
12 000100000 1
23 001000101 3
34 110101000 4 match 1
45 000010001 2 match 2
56 000000000 a
67 100000001 2 match 4
70 000000110 2

02 110110000 4
13 000000100 1
24 001001100 3
35 010101000 3
46 000010000 1
57 100000000 1 match 3
60 000000001 1
71 011000010 3

03 001010000 2
14 000101100 3 match 7
25 001001101 4 match 0
36 010101000 3
47 000010001 2 match 2
50 000000000 a
61 100000001 2 match 4
72 010000010 2

04 111101000 5
15 000101100 3 match 7
26 001001100 3
37 100100000 2
40 000000001 1
51 100000000 1 match 3
62 100000000 1 match 3
73 001000110 3

05 011111000 5
16 000101100 3 match 7
27 000000001 1
30 000000000 a
41 000010001 2 match 2
52 100000000 1 match 3
63 000000001 1
74 011001110 5 match 5

06 011111000 5
17 000100000 1
20 000000101 2
31 110000000 2
42 000010000 1
53 000000000 a
64 100000000 1 match 3
75 011001110 5 match 5

07 100110000 3
10 000000100 1
21 001000001 2
32 110100000 3
43 000010001 2 match 2
54 100000000 1 match 3
65 000000001 1
76 011001110 5 match 5

Matching output
0 25
1 34
2 45 47 41 43
3 57 51 62 52 64 54
4 67 61
5 74 75 76
6 absent
7 14 15 16

Left
25 36x
Best: AND-NOT25: 1

Right
14 03x
15 04x
16 05x
Best: AND-NOT14: 1

OR-NOT
01 111111011 8
12 110111110 7
23 001011111 6
34 111101110 7
45 011111111 8
56 111111110 8
67 100110001 4
70 011001111 6

02 111111010 7
13 001111111 7
24 111101111 8
35 111111111 a
46 011111111 8
57 100110001 4
60 100000111 4
71 111011111 8

03 111111111 a
14 111101110 7
25 011111111 8
36 111111110 8
47 100110001 4
50 100000111 4
61 111010011 6
72 111111110 8

04 111111110 8
15 011111111 8
26 011111111 8
37 110111001 6
40 000010111 4
51 111010011 6
62 110110011 6
73 011011111 7

05 111111111 a
16 011111110 7
27 101111101 7
30 110101111 7
41 111010011 6
52 110110010 5
63 101010111 6
74 111101110 7

06 111111110 8
17 100111101 6
20 001001111 5
31 111111011 8
42 110110011 6
53 101010111 6
64 111101111 8
75 011111111 8

07 111111001 7
10 000101111 5
21 111011111 8
32 110111010 6
43 001010111 5
54 111101110 7
65 111111111 a
76 011111110 7

Matching output
0 absent
1 absent
2 absent
3 absent
4 absent
5 absent
6 absent
7 absent

Left
none
Best: none

Right
none
Best: none

XOR-NOT
01 000101011 4
12 110011110 6
23 000011010 3
34 001000110 3
45 011101110 6
56 111111110 8
67 000110000 2
70 011001001 4

02 001001010 3
13 001111011 6
24 110100011 5
35 101010111 6
46 011101111 7
57 000110001 3
60 100000110 3
71 100011101 5

03 110101111 7
14 111000010 4
25 010110010 4
36 101010110 5
47 100100000 2
50 100000111 4
61 011010010 4
72 101111100 6

04 000010110 3
15 011010011 5
26 010110011 5
37 010011001 4
40 000010110 3
51 011010011 5
62 010110011 5
73 010011001 4

05 100000111 4
16 011010010 4
27 101111100 6
30 110101111 7
41 111000010 4
52 010110010 4
63 101010110 5
74 100100000 2

06 100000110 3
17 100011101 5
20 001001010 3
31 001111011 6
42 110100011 5
53 101010111 6
64 011101111 7
75 000110001 3

07 011001001 4
10 000101011 4
21 110011110 6
32 000011010 3
43 001000110 3
54 011101110 6
65 111111110 8
76 000110000 2

Matching output
0 absent
1 absent
2 absent
3 absent
4 absent
5 absent
6 absent
7 absent

Left
none
Best: none

Right
none
Best: none

Selecting

Lefts
Identity I2 3 4 5 6 7 0 1: 8
NOT none
Constant none
AND none
OR none
XOR none
AND-NOT AND-NOT25: 1
OR-NOT none
XOR-NOT none

Rights
Identity I1 0 7 6 5 4 3 2: 8
NOT none
Constant none
AND none
OR none
XOR none
AND-NOT AND-NOT14: 1
OR-NOT none
XOR-NOT none

Left longest: 8
Right longest: 8

Left winner: Identity yes, NOT no, Constant no, AND no, OR no, XOR no, AND-NOT no, OR-NOT no, XOR-NOT no
Right winner: Identity yes, NOT no, Constant no, AND no, OR no, XOR no, AND-NOT no, OR-NOT no, XOR-NOT no

Best left: I2 3 4 5 6 7 0 1: 8
Best right: I1 0 7 6 5 4 3 2: 8

Truncated left: I2 3 4 5 6 7 0 1: 8
Truncated right: none truncated

Tentative from right
7 pending
6 pending
5 pending
4 pending
3 pending
2 pending
1 pending
0 pending

Tentative
0 I2
1 I3
2 I4
3 I5
4 I6
5 I7
6 I0
7 I1

Preferred from left
0 I2
1 I3
2 I4
3 I5
4 I6
5 I7
6 I0
7 I1

Preferred from right
7 I1
6 I0
5 I7
4 I6
3 I5
2 I4
1 I3
0 I2

Preferred
0 I2
1 I3
2 I4
3 I5
4 I6
5 I7
6 I0
7 I1

Matching
0 I2
1 I3
2 I4
3 I5
4 I6
5 I7
6 I0
7 I1

Perfect match
Identity no
NOT no
Constant no
AND no
OR no
XOR no
AND-NOT no
OR-NOT no
XOR-NOT no

Matched
0 I2
1 I3
2 I4
3 I5
4 I6
5 I7
6 I0
7 I1

Selected
0 I2
1 I3
2 I4
3 I5
4 I6
5 I7
6 I0
7 I1

Applying to 11000101
Input
0 1
1 1
2 0
3 0
4 0
5 1
6 0
7 1
Output
0 I2 = 0
1 I3 = 0
2 I4 = 0
3 I5 = 1
4 I6 = 0
5 I7 = 1
6 I0 = 1
7 I1 = 1

I will now return the answer in \boxed{}
The answer in \boxed is
\boxed{00010111}