We need to deduce the transformation by matching the example outputs.
I will put my final answer inside \boxed{}.

Output 0: 00100001
0 0
1 0
2 1
3 0
4 0
5 0
6 0
7 1

Output 1: 00011100
0 0
1 0
2 0
3 1
4 1
5 1
6 0
7 0

Output 2: 11011110
0 1
1 1
2 0
3 1
4 1
5 1
6 1
7 0

Output 3: 00001011
0 0
1 0
2 0
3 0
4 1
5 0
6 1
7 1

Output 4: 10100101
0 1
1 0
2 1
3 0
4 0
5 1
6 0
7 1

Output 5: 00011001
0 0
1 0
2 0
3 1
4 1
5 0
6 0
7 1

Output 6: 10011100
0 1
1 0
2 0
3 1
4 1
5 1
6 0
7 0

Output 7: 01110111
0 0
1 1
2 1
3 1
4 0
5 1
6 1
7 1

Output 8: 00001000
0 0
1 0
2 0
3 0
4 1
5 0
6 0
7 0

Output bit columns (with bitsum as hash)
0 001010100 3
1 001000010 2
2 100010010 3
3 011001110 5
4 011101101 6
5 011010110 5
6 001100010 3
7 100111010 5

Input 0: 00001101
0 0
1 0
2 0
3 0
4 1
5 1
6 0
7 1

Input 1: 11100000
0 1
1 1
2 1
3 0
4 0
5 0
6 0
7 0

Input 2: 11110110
0 1
1 1
2 1
3 1
4 0
5 1
6 1
7 0

Input 3: 01011100
0 0
1 1
2 0
3 1
4 1
5 1
6 0
7 0

Input 4: 00101101
0 0
1 0
2 1
3 0
4 1
5 1
6 0
7 1

Input 5: 11001000
0 1
1 1
2 0
3 0
4 1
5 0
6 0
7 0

Input 6: 11100100
0 1
1 1
2 1
3 0
4 0
5 1
6 0
7 0

Input 7: 10111011
0 1
1 0
2 1
3 1
4 1
5 0
6 1
7 1

Input 8: 01000000
0 0
1 1
2 0
3 0
4 0
5 0
6 0
7 0

When matching output
x: not in operator
y: wrong position

Identity
0 011001110 5 match 3
1 011101101 6 match 4
2 011010110 5 match 5
3 001100010 3 match 6
4 100111010 5 match 7
5 101110100 5
6 001000010 2 match 1
7 100010010 3 match 2

Matching output
0 absent
1 6
2 7
3 0
4 1
5 2
6 3
7 4

Left
none
Best: none

Right
4 3 2 1 0 7 6 5x
Best: I4 3 2 1 0 7 6: 7

NOT
0 100110001 4
1 100010010 3 match 2
2 100101001 4
3 110011101 6
4 011000101 4
5 010001011 4
6 110111101 7
7 011101101 6 match 4

Matching output
0 absent
1 absent
2 1
3 absent
4 7
5 absent
6 absent
7 absent

Left
none
Best: none

Right
none
Best: none

Constant
0 000000000 a
1 111111111 a

Matching output
0 absent
1 absent
2 absent
3 absent
4 absent
5 absent
6 absent
7 absent

Left
none
Best: none

Right
none
Best: none

AND
01 10 011001100 4
12 21 011000100 3
23 32 001000010 2 match 1
34 43 000100010 2
45 54 100110000 3
56 65 001000000 1
67 76 000000010 1
70 07 000000010 1

02 20 011000110 4
13 31 001100000 2
24 42 000010010 2
35 53 001100000 2
46 64 000000010 1
57 75 100010000 2
60 06 001000010 2 match 1
71 17 000000000 a

03 30 001000010 2 match 1
14 41 000101000 2
25 52 001010100 3 match 0
36 63 001000010 2 match 1
47 74 100010010 3 match 2
50 05 001000100 2
61 16 001000000 1
72 27 000010010 2

04 40 000001010 2
15 51 001100100 3
26 62 001000010 2 match 1
37 73 000000010 1

Matching output
0 25 52
1 23 32 60 06 03 30 36 63 26 62
2 47 74
3 absent
4 absent
5 absent
6 absent
7 absent

Left
25 36 47 50x
52 63 74 05x
Best: AND25 36 47: 3

Right
none
Best: none

OR
01 10 011101111 7
12 21 011111111 8
23 32 011110110 6
34 43 101111010 6
45 54 101111110 7
56 65 101110110 6
67 76 101010010 4
70 07 111011110 7

02 20 011011110 6
13 31 011101111 7
24 42 111111110 8
35 53 101110110 6
46 64 101111010 6
57 75 101110110 6
60 06 011001110 5 match 3
71 17 111111111 a

03 30 011101110 6
14 41 111111111 a
25 52 111110110 7
36 63 001100010 3 match 6
47 74 100111010 5 match 7
50 05 111111110 8
61 16 011101111 7
72 27 111010110 6

04 40 111111110 8
15 51 111111101 8
26 62 011010110 5 match 5
37 73 101110010 5

Matching output
0 absent
1 absent
2 absent
3 60 06
4 absent
5 26 62
6 36 63
7 47 74

Left
none
Best: none

Right
47 36 25x
74 63 52x
Best: OR47 36: 2

XOR
01 10 000100011 3
12 21 000111011 5
23 32 010110100 4
34 43 101011000 4
45 54 001001110 4
56 65 100110110 5
67 76 101010000 3
70 07 111011100 6

02 20 000011000 2
13 31 010001111 5
24 42 111101100 6
35 53 100010110 4
46 64 101111000 5
57 75 001100110 4
60 06 010001100 3
71 17 111111111 a

03 30 010101100 4
14 41 111010111 7
25 52 110100010 4
36 63 000100000 1
47 74 000101000 2
50 05 110111010 6
61 16 010101111 6
72 27 111000100 4

04 40 111110100 6
15 51 110011001 5
26 62 010010100 3
37 73 101110000 4

Matching output
0 absent
1 absent
2 absent
3 absent
4 absent
5 absent
6 absent
7 absent

Left
none
Best: none

Right
none
Best: none

AND-NOT
01 000000010 1
12 000101001 3
23 010010100 3
34 001000000 1
45 000001010 2
56 100110100 4
67 001000000 1
70 100010000 2

02 000001000 1
13 010001101 4
24 011000100 3
35 000000010 1
46 100111000 4
57 001100100 3
60 000000000 a
71 100010010 3 match 2

03 010001100 3
14 011000101 4
25 010000010 2
36 000100000 1
47 000101000 2
50 100110000 3
61 000000010 1
72 100000000 1

04 011000100 3
15 010001001 3
26 010010100 3
37 001100000 2
40 100110000 3
51 100010000 2
62 000000000 a
73 100010000 2

05 010001010 3
16 010101101 5
27 011000100 3
30 000100000 1
41 100010010 3 match 2
52 100100000 2
63 000000000 a
74 000000000 a

06 010001100 3
17 011101101 6 match 4
20 000010000 1
31 000000010 1
42 100101000 3
53 100010100 3
64 001000000 1
75 000000010 1

07 011001100 4
10 000100001 2
21 000010010 2
32 000100000 1
43 100011000 3
54 001000100 2
65 000000010 1
76 100010000 2

Matching output
0 absent
1 absent
2 71 41
3 absent
4 17
5 absent
6 absent
7 absent

Left
none
Best: none

Right
none
Best: none

OR-NOT
01 111011110 7
12 111101101 7
23 111011111 8
34 011100111 6
45 110111011 7
56 111111101 8
67 011101111 7
70 100110011 5

02 111101111 8
13 111111101 8
24 011010111 6
35 011101011 6
46 110111111 8
57 111111101 8
60 101110011 6
71 100010010 3 match 2

03 111011111 8
14 011101101 6 match 4
25 011011111 7
36 111111111 a
47 111111111 a
50 101110101 6
61 101010010 4
72 100111011 6

04 011001111 6
15 011101111 7
26 111111111 a
37 011101111 7
40 100111011 6
51 101110110 6
62 101101011 6
73 110011111 7

05 011001111 6
16 111111101 8
27 011111111 8
30 101110011 6
41 100111010 5 match 7
52 101111101 7
63 111011111 8
74 111010111 7

06 111111111 a
17 011101101 6 match 4
20 111110111 8
31 101110010 5
42 100111011 6
53 111111101 8
64 011000111 5
75 110011011 6

07 011101111 7
10 111111101 8
21 111010110 6
32 101101011 6
43 110111111 8
54 111110101 7
65 011001011 5
76 110111111 8

Matching output
0 absent
1 absent
2 71
3 absent
4 14 17
5 absent
6 absent
7 41

Left
none
Best: none

Right
41 30x
Best: OR-NOT41: 1

XOR-NOT
01 111011100 6
12 111000100 4
23 101001011 5
34 010100111 5
45 110110001 5
56 011001001 4
67 010101111 6
70 000100011 3

02 111100111 7
13 101110000 4
24 000010011 3
35 011101001 5
46 010000111 4
57 110011001 5
60 101110011 6
71 000000000 a

03 101010011 5
14 000101000 2
25 001011101 5
36 111011111 8
47 111010111 7
50 001000101 3
61 101010000 3
72 000111011 5

04 000001011 3
15 001100110 4
26 101101011 6
37 010001111 5
40 000001011 3
51 001100110 4
62 101101011 6
73 010001111 5

05 001000101 3
16 101010000 3
27 000111011 5
30 101010011 5
41 000101000 2
52 001011101 5
63 111011111 8
74 111010111 7

06 101110011 6
17 000000000 a
20 111100111 7
31 101110000 4
42 000010011 3
53 011101001 5
64 010000111 4
75 110011001 5

07 000100011 3
10 111011100 6
21 111000100 4
32 101001011 5
43 010100111 5
54 110110001 5
65 011001001 4
76 010101111 6

Matching output
0 absent
1 absent
2 absent
3 absent
4 absent
5 absent
6 absent
7 absent

Left
none
Best: none

Right
none
Best: none

Selecting

Lefts
Identity none
NOT none
Constant none
AND AND25 36 47: 3
OR none
XOR none
AND-NOT none
OR-NOT none
XOR-NOT none

Rights
Identity I4 3 2 1 0 7 6: 7
NOT none
Constant none
AND none
OR OR47 36: 2
XOR none
AND-NOT none
OR-NOT OR-NOT41: 1
XOR-NOT none

Left longest: 3
Right longest: 7

Right winner: Identity yes, NOT no, Constant no, AND no, OR no, XOR no, AND-NOT no, OR-NOT no, XOR-NOT no
Left winner: Identity no, NOT no, Constant no, AND yes, OR no, XOR no, AND-NOT no, OR-NOT no, XOR-NOT no

Best right: I4 3 2 1 0 7 6: 7
Best left: AND25 36 47: 3

Truncated right: I4 3 2 1 0 7 6: 7
Truncated left: AND25: 1 truncated

Tentative from right
7 I4
6 I3
5 I2
4 I1
3 I0
2 I7
1 I6
0 pending

Tentative
0 AND25
1 I6
2 I7
3 I0
4 I1
5 I2
6 I3
7 I4

Preferred from right
7 I4
6 I3
5 I2
4 I1
3 I0
2 I7
1 I6
0 AND25

Preferred from left
0 AND25
1 I6
2 I7
3 I0
4 I1
5 I2
6 I3
7 I4

Preferred
0 AND25
1 I6
2 I7
3 I0
4 I1
5 I2
6 I3
7 I4

Matching
0 AND25
1 I6
2 I7
3 I0
4 I1
5 I2
6 I3
7 I4

Perfect match
Identity no
NOT no
Constant no
AND no
OR no
XOR no
AND-NOT no
OR-NOT no
XOR-NOT no

Matched
0 AND25
1 I6
2 I7
3 I0
4 I1
5 I2
6 I3
7 I4


Reselect (whole-word coverage)
0 AND25
1 AND03
2 I7
3 I0
4 I1
5 I2
6 I3
7 I4
Selected
0 AND25
1 AND03
2 I7
3 I0
4 I1
5 I2
6 I3
7 I4

Applying to 11001011
Input
0 1
1 1
2 0
3 0
4 1
5 0
6 1
7 1
Output
0 AND25 = AND(0,0) = 0
1 AND03 = AND(1,0) = 0
2 I7 = 1
3 I0 = 1
4 I1 = 1
5 I2 = 0
6 I3 = 0
7 I4 = 1

I will now return the answer in \boxed{}
The answer in \boxed is
\boxed{00111001}