We need to deduce the transformation by matching the example outputs.
I will put my final answer inside \boxed{}.

Output 0: 00111100
0 0
1 0
2 1
3 1
4 1
5 1
6 0
7 0

Output 1: 10000001
0 1
1 0
2 0
3 0
4 0
5 0
6 0
7 1

Output 2: 01101110
0 0
1 1
2 1
3 0
4 1
5 1
6 1
7 0

Output 3: 11011010
0 1
1 1
2 0
3 1
4 1
5 0
6 1
7 0

Output 4: 10111111
0 1
1 0
2 1
3 1
4 1
5 1
6 1
7 1

Output 5: 00001001
0 0
1 0
2 0
3 0
4 1
5 0
6 0
7 1

Output 6: 01110000
0 0
1 1
2 1
3 1
4 0
5 0
6 0
7 0

Output 7: 10111110
0 1
1 0
2 1
3 1
4 1
5 1
6 1
7 0

Output 8: 01111010
0 0
1 1
2 1
3 1
4 1
5 0
6 1
7 0

Output bit columns (with bitsum as hash)
0 010110010 4
1 001100101 4
2 101010111 6
3 100110111 6
4 101111011 7
5 101010010 4
6 001110011 5
7 010011000 3

Input 0: 10000111
0 1
1 0
2 0
3 0
4 0
5 1
6 1
7 1

Input 1: 00110000
0 0
1 0
2 1
3 1
4 0
5 0
6 0
7 0

Input 2: 11001101
0 1
1 1
2 0
3 0
4 1
5 1
6 0
7 1

Input 3: 01011011
0 0
1 1
2 0
3 1
4 1
5 0
6 1
7 1

Input 4: 11110111
0 1
1 1
2 1
3 1
4 0
5 1
6 1
7 1

Input 5: 00100001
0 0
1 0
2 1
3 0
4 0
5 0
6 0
7 1

Input 6: 00001110
0 0
1 0
2 0
3 0
4 1
5 1
6 1
7 0

Input 7: 11010111
0 1
1 1
2 0
3 1
4 0
5 1
6 1
7 1

Input 8: 01001111
0 0
1 1
2 0
3 0
4 1
5 1
6 1
7 1

When matching output
x: not in operator
y: wrong position

Identity
0 101010010 4 match 5
1 001110011 5 match 6
2 010011000 3 match 7
3 010110010 4 match 0
4 001100101 4 match 1
5 101010111 6 match 2
6 100110111 6 match 3
7 101111011 7 match 4

Matching output
0 3
1 4
2 5
3 6
4 7
5 0
6 1
7 2

Left
3 4 5 6 7 0 1 2
Best: I3 4 5 6 7 0 1 2: 8

Right
2 1 0 7 6 5 4 3
Best: I2 1 0 7 6 5 4 3: 8

NOT
0 010101101 5
1 110001100 4
2 101100111 6
3 101001101 5
4 110011010 5
5 010101000 3
6 011001000 3
7 010000100 2

Matching output
0 absent
1 absent
2 absent
3 absent
4 absent
5 absent
6 absent
7 absent

Left
none
Best: none

Right
none
Best: none

Constant
0 000000000 a
1 111111111 a

Matching output
0 absent
1 absent
2 absent
3 absent
4 absent
5 absent
6 absent
7 absent

Left
none
Best: none

Right
none
Best: none

AND
01 10 001010010 3
12 21 000010000 1
23 32 010010000 2
34 43 000100000 1
45 54 001000101 3
56 65 100010111 5
67 76 100110011 5
70 07 101010010 4 match 5

02 20 000010000 1
13 31 000110010 3
24 42 000000000 a
35 53 000010010 2
46 64 000100101 3
57 75 101010011 5
60 06 100010010 3
71 17 001110011 5 match 6

03 30 000010010 2
14 41 001100001 3
25 52 000010000 1
36 63 000110010 3
47 74 001100001 3
50 05 101010010 4 match 5
61 16 000110011 4
72 27 000011000 2

04 40 001000000 1
15 51 001010011 4
26 62 000010000 1
37 73 000110010 3

Matching output
0 absent
1 absent
2 absent
3 absent
4 absent
5 70 07 50 05
6 71 17
7 absent

Left
none
Best: none

Right
none
Best: none

OR
01 10 101110011 6
12 21 011111011 7
23 32 010111010 5
34 43 011110111 7
45 54 101110111 7
56 65 101110111 7
67 76 101111111 8
70 07 101111011 7 match 4

02 20 111011010 6
13 31 011110011 6
24 42 011111101 7
35 53 111110111 8
46 64 101110111 7
57 75 101111111 8
60 06 101110111 7
71 17 101111011 7 match 4

03 30 111110010 6
14 41 001110111 6
25 52 111011111 8
36 63 110110111 7
47 74 101111111 8
50 05 101010111 6 match 2
61 16 101110111 7
72 27 111111011 8

04 40 101110111 7
15 51 101110111 7
26 62 110111111 8
37 73 111111011 8

Matching output
0 absent
1 absent
2 50 05
3 absent
4 70 07 71 17
5 absent
6 absent
7 absent

Left
none
Best: none

Right
none
Best: none

XOR
01 10 100100001 3
12 21 011101011 6
23 32 000101010 3
34 43 011010111 6
45 54 100110010 4
56 65 001100000 2
67 76 001001100 3
70 07 000101001 3

02 20 111001010 5
13 31 011000001 3
24 42 011111101 7
35 53 111100101 6
46 64 101010010 4 match 5
57 75 000101100 3
60 06 001100101 4 match 1
71 17 100001000 2

03 30 111100000 4
14 41 000010110 3
25 52 111001111 7
36 63 110000101 4
47 74 100011110 5
50 05 000000101 2
61 16 101000100 3
72 27 111100011 6

04 40 100110111 6 match 3
15 51 100100100 3
26 62 110101111 7
37 73 111001001 5

Matching output
0 absent
1 60 06
2 absent
3 04 40
4 absent
5 46 64
6 absent
7 absent

Left
none
Best: none

Right
none
Best: none

AND-NOT
01 100000000 1
12 001100011 4
23 000001000 1
34 010010010 3
45 000100000 1
56 001000000 1
67 000000100 1
70 000101001 3

02 101000010 3
13 001000001 2
24 010011000 3 match 7
35 010100000 2
46 001000000 1
57 000000100 1
60 000100101 3
71 100001000 2

03 101000000 2
14 000010010 2
25 010001000 2
36 010000000 1
47 000000100 1
50 000000101 2
61 100000100 2
72 101100011 5

04 100010010 3
15 000100000 1
26 010001000 2
37 010000000 1
40 000100101 3
51 100000100 2
62 100100111 5
73 101001001 4

05 000000000 a
16 001000000 1
27 010000000 1
30 010100000 2
41 000000100 1
52 101000111 5
63 100000101 3
74 100011010 4

06 001000000 1
17 000000000 a
20 010001000 2
31 010000000 1
42 001100101 4 match 1
53 101000101 4
64 100010010 3
75 000101000 2

07 000000000 a
10 000100001 2
21 010001000 2
32 000100010 2
43 001000101 3
54 100010010 3
65 000100000 1
76 001001000 2

Matching output
0 absent
1 42
2 absent
3 absent
4 absent
5 absent
6 absent
7 24

Left
none
Best: none

Right
24 13x
Best: AND-NOT24: 1

OR-NOT
01 111011110 7
12 101110111 7
23 111011101 7
34 110111010 6
45 011101101 6
56 111011111 8
67 110110111 7
70 111111111 a

02 101110111 7
13 101111111 8
24 110011010 5
35 010111010 5
46 011101101 6
57 111010111 7
60 110111111 8
71 111111111 a

03 101011111 7
14 111111011 8
25 010111000 4
36 011111010 6
47 011100101 5
50 111111111 a
61 110111111 8
72 101111111 8

04 111011010 6
15 011111011 7
26 011011000 4
37 010110110 5
40 011101101 6
51 111011111 8
62 101110111 7
73 101111111 8

05 111111010 7
16 011111011 7
27 010011100 4
30 010111111 7
41 111101101 7
52 101110111 7
63 101111111 8
74 111111011 8

06 111011010 6
17 011110111 7
20 010111101 6
31 110111110 7
42 101100111 6
53 101011111 7
64 110111111 8
75 111111011 8

07 111010110 6
10 011111111 8
21 110011100 5
32 111110111 8
43 101101101 6
54 111011111 8
65 110111111 8
76 111111011 8

Matching output
0 absent
1 absent
2 absent
3 absent
4 absent
5 absent
6 absent
7 absent

Left
none
Best: none

Right
none
Best: none

XOR-NOT
01 011011110 6
12 100010100 3
23 111010101 6
34 100101000 3
45 011001101 5
56 110011111 7
67 110110011 6
70 111010110 6

02 000110101 4
13 100111110 6
24 100000010 2
35 000011010 3
46 010101101 5
57 111010011 6
60 110011010 5
71 011110111 7

03 000011111 5
14 111101001 6
25 000110000 2
36 001111010 5
47 011100001 4
50 111111010 7
61 010111011 6
72 000011100 3

04 011001000 3
15 011011011 6
26 001010000 2
37 000110110 4
40 011001000 3
51 011011011 6
62 001010000 2
73 000110110 4

05 111111010 7
16 010111011 6
27 000011100 3
30 000011111 5
41 111101001 6
52 000110000 2
63 001111010 5
74 011100001 4

06 110011010 5
17 011110111 7
20 000110101 4
31 100111110 6
42 100000010 2
53 000011010 3
64 010101101 5
75 111010011 6

07 111010110 6
10 011011110 6
21 100010100 3
32 111010101 6
43 100101000 3
54 011001101 5
65 110011111 7
76 110110011 6

Matching output
0 absent
1 absent
2 absent
3 absent
4 absent
5 absent
6 absent
7 absent

Left
none
Best: none

Right
none
Best: none

Selecting

Lefts
Identity I3 4 5 6 7 0 1 2: 8
NOT none
Constant none
AND none
OR none
XOR none
AND-NOT none
OR-NOT none
XOR-NOT none

Rights
Identity I2 1 0 7 6 5 4 3: 8
NOT none
Constant none
AND none
OR none
XOR none
AND-NOT AND-NOT24: 1
OR-NOT none
XOR-NOT none

Left longest: 8
Right longest: 8

Left winner: Identity yes, NOT no, Constant no, AND no, OR no, XOR no, AND-NOT no, OR-NOT no, XOR-NOT no
Right winner: Identity yes, NOT no, Constant no, AND no, OR no, XOR no, AND-NOT no, OR-NOT no, XOR-NOT no

Best left: I3 4 5 6 7 0 1 2: 8
Best right: I2 1 0 7 6 5 4 3: 8

Truncated left: I3 4 5 6 7 0 1 2: 8
Truncated right: none truncated

Tentative from right
7 pending
6 pending
5 pending
4 pending
3 pending
2 pending
1 pending
0 pending

Tentative
0 I3
1 I4
2 I5
3 I6
4 I7
5 I0
6 I1
7 I2

Preferred from left
0 I3
1 I4
2 I5
3 I6
4 I7
5 I0
6 I1
7 I2

Preferred from right
7 I2
6 I1
5 I0
4 I7
3 I6
2 I5
1 I4
0 I3

Preferred
0 I3
1 I4
2 I5
3 I6
4 I7
5 I0
6 I1
7 I2

Matching
0 I3
1 I4
2 I5
3 I6
4 I7
5 I0
6 I1
7 I2

Perfect match
Identity no
NOT no
Constant no
AND no
OR no
XOR no
AND-NOT no
OR-NOT no
XOR-NOT no

Matched
0 I3
1 I4
2 I5
3 I6
4 I7
5 I0
6 I1
7 I2

Selected
0 I3
1 I4
2 I5
3 I6
4 I7
5 I0
6 I1
7 I2

Applying to 10000011
Input
0 1
1 0
2 0
3 0
4 0
5 0
6 1
7 1
Output
0 I3 = 0
1 I4 = 0
2 I5 = 0
3 I6 = 1
4 I7 = 1
5 I0 = 1
6 I1 = 0
7 I2 = 0

I will now return the answer in \boxed{}
The answer in \boxed is
\boxed{00011100}