We need to deduce the transformation by matching the example outputs.
I will put my final answer inside \boxed{}.

Output 0: 00100001
0 0
1 0
2 1
3 0
4 0
5 0
6 0
7 1

Output 1: 11111111
0 1
1 1
2 1
3 1
4 1
5 1
6 1
7 1

Output 2: 10110000
0 1
1 0
2 1
3 1
4 0
5 0
6 0
7 0

Output 3: 10110100
0 1
1 0
2 1
3 1
4 0
5 1
6 0
7 0

Output 4: 10101001
0 1
1 0
2 1
3 0
4 1
5 0
6 0
7 1

Output 5: 00000010
0 0
1 0
2 0
3 0
4 0
5 0
6 1
7 0

Output 6: 10110100
0 1
1 0
2 1
3 1
4 0
5 1
6 0
7 0

Output 7: 10111010
0 1
1 0
2 1
3 1
4 1
5 0
6 1
7 0

Output bit columns (with bitsum as hash)
0 01111011 6
1 01000000 1
2 11111011 7
3 01110011 5
4 01001001 3
5 01010010 3
6 01000101 3
7 11001000 3

Input 0: 10000110
0 1
1 0
2 0
3 0
4 0
5 1
6 1
7 0

Input 1: 11111111
0 1
1 1
2 1
3 1
4 1
5 1
6 1
7 1

Input 2: 01011100
0 0
1 1
2 0
3 1
4 1
5 1
6 0
7 0

Input 3: 11011010
0 1
1 1
2 0
3 1
4 1
5 0
6 1
7 0

Input 4: 11110101
0 1
1 1
2 1
3 1
4 0
5 1
6 0
7 1

Input 5: 00011001
0 0
1 0
2 0
3 1
4 1
5 0
6 0
7 1

Input 6: 11110010
0 1
1 1
2 1
3 1
4 0
5 0
6 1
7 0

Input 7: 01011101
0 0
1 1
2 0
3 1
4 1
5 1
6 0
7 1

When matching output
x: not in operator
y: wrong position

Identity
0 11011010 5
1 01111011 6 match 0
2 01001010 3
3 01111111 7
4 01110101 5
5 11101001 5
6 11010010 4
7 01001101 4

Matching output
0 1
1 absent
2 absent
3 absent
4 absent
5 absent
6 absent
7 absent

Left
1 2x
Best: I1: 1

Right
none
Best: none

NOT
0 00100101 3
1 10000100 2
2 10110101 5
3 10000000 1
4 10001010 3
5 00010110 3
6 00101101 4
7 10110010 4

Matching output
0 absent
1 absent
2 absent
3 absent
4 absent
5 absent
6 absent
7 absent

Left
none
Best: none

Right
none
Best: none

Constant
0 00000000 a
1 11111111 a

Matching output
0 absent
1 absent
2 absent
3 absent
4 absent
5 absent
6 absent
7 absent

Left
none
Best: none

Right
none
Best: none

AND
01 10 01011010 4
12 21 01001010 3
23 32 01001010 3
34 43 01110101 5
45 54 01100001 3
56 65 11000000 2
67 76 01000000 1 match 1
70 07 01001000 2

02 20 01001010 3
13 31 01111011 6 match 0
24 42 01000000 1 match 1
35 53 01101001 4
46 64 01010000 2
57 75 01001001 3 match 4
60 06 11010010 4
71 17 01001001 3 match 4

03 30 01011010 4
14 41 01110001 4
25 52 01001000 2
36 63 01010010 3 match 5
47 74 01000101 3 match 6
50 05 11001000 3 match 7
61 16 01010010 3 match 5
72 27 01001000 2

04 40 01010000 2
15 51 01101001 4
26 62 01000010 2
37 73 01001101 4

Matching output
0 13 31
1 67 76 24 42
2 absent
3 absent
4 57 75 71 17
5 36 63 61 16
6 47 74
7 50 05

Left
13 24 35x
31 42 53x
Best: AND13 24: 2

Right
50 47 36 25x
05 74 63 52x
Best: AND50 47 36: 3

OR
01 10 11111011 7 match 2
12 21 01111011 6 match 0
23 32 01111111 7
34 43 01111111 7
45 54 11111101 7
56 65 11111011 7 match 2
67 76 11011111 7
70 07 11011111 7

02 20 11011010 5
13 31 01111111 7
24 42 01111111 7
35 53 11111111 a
46 64 11110111 7
57 75 11101101 6
60 06 11011010 5
71 17 01111111 7

03 30 11111111 a
14 41 01111111 7
25 52 11101011 6
36 63 11111111 a
47 74 01111101 6
50 05 11111011 7 match 2
61 16 11111011 7 match 2
72 27 01001111 5

04 40 11111111 a
15 51 11111011 7 match 2
26 62 11011010 5
37 73 01111111 7

Matching output
0 12 21
1 absent
2 01 10 56 65 50 05 61 16 15 51
3 absent
4 absent
5 absent
6 absent
7 absent

Left
12 23x
21 32x
Best: OR12: 1

Right
none
Best: none

XOR
01 10 10100001 3
12 21 00110001 3
23 32 00110101 4
34 43 00001010 2
45 54 10011100 4
56 65 00111011 5
67 76 10011111 6
70 07 10010111 5

02 20 10010000 2
13 31 00000100 1
24 42 00111111 6
35 53 10010110 4
46 64 10100111 5
57 75 10100100 3
60 06 00001000 1
71 17 00110110 4

03 30 10100101 4
14 41 00001110 3
25 52 10100011 4
36 63 10101101 5
47 74 00111000 3
50 05 00110011 4
61 16 10101001 4
72 27 00000111 3

04 40 10101111 6
15 51 10010010 3
26 62 10011000 3
37 73 00110010 3

Matching output
0 absent
1 absent
2 absent
3 absent
4 absent
5 absent
6 absent
7 absent

Left
none
Best: none

Right
none
Best: none

AND-NOT
01 10000000 1
12 00110001 3
23 00000000 a
34 00001010 2
45 00010100 2
56 00101001 3
67 10010010 3
70 00000101 2

02 10010000 2
13 00000000 a
24 00001010 2
35 00010110 3
46 00100101 3
57 10100000 2
60 00000000 a
71 00000100 1

03 10000000 1
14 00001010 2
25 00000010 1
36 00101101 4
47 00110000 2
50 00100001 2
61 10000000 1
72 00000101 2

04 10001010 3
15 00010010 2
26 00001000 1
37 00110010 3
40 00100101 3
51 10000000 1
62 10010000 2
73 00000000 a

05 00010010 2
16 00101001 3
27 00000010 1
30 00100101 3
41 00000100 1
52 10100001 3
63 10000000 1
74 00001000 1

06 00001000 1
17 00110010 3
20 00000000 a
31 00000100 1
42 00110101 4
53 10000000 1
64 10000010 2
75 00000100 1

07 10010010 3
10 00100001 2
21 00000000 a
32 00110101 4
43 00000000 a
54 10001000 2
65 00010010 2
76 00001101 3

Matching output
0 absent
1 absent
2 absent
3 absent
4 absent
5 absent
6 absent
7 absent

Left
none
Best: none

Right
none
Best: none

OR-NOT
01 11011110 6
12 11111111 a
23 11001010 4
34 11111111 a
45 01110111 6
56 11101101 6
67 11110010 5
70 01101101 5

02 11111111 a
13 11111011 7 match 2
24 11001010 4
35 01111111 7
46 01111101 6
57 11111011 7 match 2
60 11110111 7
71 11001101 5

03 11011010 5
14 11111011 7 match 2
25 01011110 5
36 01111111 7
47 11110111 7
50 11101101 6
61 11010110 5
72 11111101 7

04 11011010 5
15 01111111 7
26 01101111 6
37 11111111 a
40 01110101 5
51 11101101 6
62 11110111 7
73 11001101 5

05 11011110 6
16 01111111 7
27 11111010 6
30 01111111 7
41 11110101 6
52 11111101 7
63 11010010 4
74 11001111 6

06 11111111 a
17 11111011 7 match 2
20 01101111 6
31 11111111 a
42 11110101 6
53 11101001 5
64 11011010 5
75 01011111 6

07 11111010 6
10 01111111 7
21 11001110 5
32 11111111 a
43 11110101 6
54 11101011 6
65 11010110 5
76 01101101 5

Matching output
0 absent
1 absent
2 13 57 14 17
3 absent
4 absent
5 absent
6 absent
7 absent

Left
none
Best: none

Right
none
Best: none

XOR-NOT
01 01011110 5
12 11001110 5
23 11001010 4
34 11110101 6
45 01100011 4
56 11000100 3
67 01100000 2
70 01101000 3

02 01101111 6
13 11111011 7 match 2
24 11000000 2
35 01101001 4
46 01011000 3
57 01011011 5
60 11110111 7
71 11001001 4

03 01011010 4
14 11110001 5
25 01011100 4
36 01010010 3 match 5
47 11000111 5
50 11001100 4
61 01010110 4
72 11111000 5

04 01010000 2
15 01101101 5
26 01100111 5
37 11001101 5
40 01010000 2
51 01101101 5
62 01100111 5
73 11001101 5

05 11001100 4
16 01010110 4
27 11111000 5
30 01011010 4
41 11110001 5
52 01011100 4
63 01010010 3 match 5
74 11000111 5

06 11110111 7
17 11001001 4
20 01101111 6
31 11111011 7 match 2
42 11000000 2
53 01101001 4
64 01011000 3
75 01011011 5

07 01101000 3
10 01011110 5
21 11001110 5
32 11001010 4
43 11110101 6
54 01100011 4
65 11000100 3
76 01100000 2

Matching output
0 absent
1 absent
2 13 31
3 absent
4 absent
5 36 63
6 absent
7 absent

Left
none
Best: none

Right
none
Best: none

Selecting

Lefts
Identity I1: 1
NOT none
Constant none
AND AND13 24: 2
OR OR12: 1
XOR none
AND-NOT none
OR-NOT none
XOR-NOT none

Rights
Identity none
NOT none
Constant none
AND AND50 47 36: 3
OR none
XOR none
AND-NOT none
OR-NOT none
XOR-NOT none

Left longest: 2
Right longest: 3

Right winner: Identity no, NOT no, Constant no, AND yes, OR no, XOR no, AND-NOT no, OR-NOT no, XOR-NOT no
Left winner: Identity no, NOT no, Constant no, AND yes, OR no, XOR no, AND-NOT no, OR-NOT no, XOR-NOT no

Best right: AND50 47 36: 3
Best left: AND13 24: 2

Truncated right: AND50 47 36: 3
Truncated left: AND13 24: 2

Tentative from right
7 AND50
6 AND47
5 AND36
4 pending
3 pending
2 pending
1 pending
0 pending

Tentative
0 AND13
1 AND24
2 pending
3 pending
4 pending
5 AND36
6 AND47
7 AND50

Preferred from right
7 AND50
6 AND47
5 AND36
4 ?25
3 ?14
2 ?03
1 AND24
0 AND13

Preferred from left
0 AND13
1 AND24
2 ?03
3 ?14
4 ?25
5 AND36
6 AND47
7 AND50

Preferred
0 AND13
1 AND24
2 ?03 ?30
3 ?14 ?41
4 ?25 ?52
5 AND36
6 AND47
7 AND50

Matching
0 AND13
1 AND24
2 ?03 ?30 - Identity absent, NOT absent, Constant absent, AND absent, OR absent, XOR absent, AND-NOT absent, OR-NOT absent, XOR-NOT absent
3 ?14 ?41 - Identity absent, NOT absent, Constant absent, AND absent, OR absent, XOR absent, AND-NOT absent, OR-NOT absent, XOR-NOT absent
4 ?25 ?52 - Identity absent, NOT absent, Constant absent, AND absent, OR absent, XOR absent, AND-NOT absent, OR-NOT absent, XOR-NOT absent
5 AND36
6 AND47
7 AND50

Perfect match
Identity no
NOT no
Constant no
AND no
OR no
XOR no
AND-NOT no
OR-NOT no
XOR-NOT no

Matched
0 AND13
1 AND24
2 none
3 none
4 none
5 AND36
6 AND47
7 AND50

Selected
0 AND13
1 AND24
2 default 1
3 default 1
4 default 1
5 AND36
6 AND47
7 AND50

Applying to 11101010
Input
0 1
1 1
2 1
3 0
4 1
5 0
6 1
7 0
Output
0 AND13 = AND(1,0) = 0
1 AND24 = AND(1,1) = 1
2 default 1 = 1
3 default 1 = 1
4 default 1 = 1
5 AND36 = AND(0,1) = 0
6 AND47 = AND(1,0) = 0
7 AND50 = AND(0,1) = 0

I will now return the answer in \boxed{}
The answer in \boxed is
\boxed{01111000}