We need to deduce the transformation by matching the example outputs.
I will put my final answer inside \boxed{}.

Output 0: 10101101
0 1
1 0
2 1
3 0
4 1
5 1
6 0
7 1

Output 1: 10110011
0 1
1 0
2 1
3 1
4 0
5 0
6 1
7 1

Output 2: 10111001
0 1
1 0
2 1
3 1
4 1
5 0
6 0
7 1

Output 3: 00101001
0 0
1 0
2 1
3 0
4 1
5 0
6 0
7 1

Output 4: 01010110
0 0
1 1
2 0
3 1
4 0
5 1
6 1
7 0

Output 5: 10011010
0 1
1 0
2 0
3 1
4 1
5 0
6 1
7 0

Output 6: 10000110
0 1
1 0
2 0
3 0
4 0
5 1
6 1
7 0

Output 7: 10010100
0 1
1 0
2 0
3 1
4 0
5 1
6 0
7 0

Output 8: 10110001
0 1
1 0
2 1
3 1
4 0
5 0
6 0
7 1

Output 9: 01000010
0 0
1 1
2 0
3 0
4 0
5 0
6 1
7 0

Output bit columns (with bitsum as hash)
0 1110011110 7
1 0000100001 2
2 1111000010 5
3 0110110110 6
4 1011010000 4
5 1000101100 4
6 0100111001 5
7 1111000010 5

Input 0: 11010000
0 1
1 1
2 0
3 1
4 0
5 0
6 0
7 0

Input 1: 11011111
0 1
1 1
2 0
3 1
4 1
5 1
6 1
7 1

Input 2: 11011010
0 1
1 1
2 0
3 1
4 1
5 0
6 1
7 0

Input 3: 10010000
0 1
1 0
2 0
3 1
4 0
5 0
6 0
7 0

Input 4: 00101010
0 0
1 0
2 1
3 0
4 1
5 0
6 1
7 0

Input 5: 01001111
0 0
1 1
2 0
3 0
4 1
5 1
6 1
7 1

Input 6: 11000101
0 1
1 1
2 0
3 0
4 0
5 1
6 0
7 1

Input 7: 11001100
0 1
1 1
2 0
3 0
4 1
5 1
6 0
7 0

Input 8: 01011010
0 0
1 1
2 0
3 1
4 1
5 0
6 1
7 0

Input 9: 00100000
0 0
1 0
2 1
3 0
4 0
5 0
6 0
7 0

When matching output
x: not in operator
y: wrong position

Identity
0 1111001100 6
1 1110011110 7 match 0
2 0000100001 2 match 1
3 1111000010 5 match 2 7
4 0110110110 6 match 3
5 0100011100 4
6 0110110010 5
7 0100011000 3

Matching output
0 1
1 2
2 3
3 4
4 absent
5 absent
6 absent
7 3

Left
1 2 3 4 5x
Best: I1 2 3 4: 4

Right
3 2y
Best: I3: 1

NOT
0 0000110011 4
1 0001100001 3
2 1111011110 8
3 0000111101 5
4 1001001001 4
5 1011100011 6
6 1001001101 5
7 1011100111 7

Matching output
0 absent
1 absent
2 absent
3 absent
4 absent
5 absent
6 absent
7 absent

Left
none
Best: none

Right
none
Best: none

Constant
0 0000000000 a
1 1111111111 a

Matching output
0 absent
1 absent
2 absent
3 absent
4 absent
5 absent
6 absent
7 absent

Left
none
Best: none

Right
none
Best: none

AND
01 10 1110001100 5
12 21 0000000000 a
23 32 0000000000 a
34 43 0110000010 3
45 54 0100010100 3
56 65 0100010000 2
67 76 0100010000 2
70 07 0100001000 2

02 20 0000000000 a
13 31 1110000010 4
24 42 0000100000 1
35 53 0100000000 1
46 64 0110110010 5
57 75 0100011000 3
60 06 0110000000 2
71 17 0100011000 3

03 30 1111000000 4
14 41 0110010110 5
25 52 0000000000 a
36 63 0110000010 3
47 74 0100010000 2
50 05 0100001100 3
61 16 0110010010 4
72 27 0000000000 a

04 40 0110000100 3
15 51 0100011100 4
26 62 0000100000 1
37 73 0100000000 1

Matching output
0 absent
1 absent
2 absent
3 absent
4 absent
5 absent
6 absent
7 absent

Left
none
Best: none

Right
none
Best: none

OR
01 10 1111011110 8
12 21 1110111111 9
23 32 1111100011 7
34 43 1111110110 8
45 54 0110111110 7
56 65 0110111110 7
67 76 0110111010 6
70 07 1111011100 7

02 20 1111101101 8
13 31 1111011110 8
24 42 0110110111 7
35 53 1111011110 8
46 64 0110110110 6 match 3
57 75 0100011100 4
60 06 1111111110 9
71 17 1110011110 7 match 0

03 30 1111001110 7
14 41 1110111110 8
25 52 0100111101 6
36 63 1111110010 7
47 74 0110111110 7
50 05 1111011100 7
61 16 1110111110 8
72 27 0100111001 5 match 6

04 40 1111111110 9
15 51 1110011110 7 match 0
26 62 0110110011 6
37 73 1111011010 7

Matching output
0 71 17 15 51
1 absent
2 absent
3 46 64
4 absent
5 absent
6 72 27
7 absent

Left
71 02x
17 20x
15 26x
51 62x
Best: OR71: 1

Right
none
Best: none

XOR
01 10 0001010010 3
12 21 1110111111 9
23 32 1111100011 7
34 43 1001110100 5
45 54 0010101010 4
56 65 0010101110 5
67 76 0010101010 4
70 07 1011010100 5

02 20 1111101101 8
13 31 0001011100 4
24 42 0110010111 6
35 53 1011011110 7
46 64 0000000100 1
57 75 0000000100 1
60 06 1001111110 7
71 17 1010000110 4

03 30 0000001110 3
14 41 1000101000 3
25 52 0100111101 6
36 63 1001110000 4
47 74 0010101110 5
50 05 1011010000 4 match 4
61 16 1000101100 4 match 5
72 27 0100111001 5 match 6

04 40 1001111010 6
15 51 1010000010 3
26 62 0110010011 5
37 73 1011011010 6

Matching output
0 absent
1 absent
2 absent
3 absent
4 50 05
5 61 16
6 72 27
7 absent

Left
none
Best: none

Right
none
Best: none

AND-NOT
01 0001000000 1
12 1110011110 7 match 0
23 0000100001 2 match 1
34 1001000000 2
45 0010100010 3
56 0000001100 2
67 0010100010 3
70 0000010000 1

02 1111001100 6
13 0000011100 3
24 0000000001 1
35 1011000010 4
46 0000000100 1
57 0000000100 1
60 0000110010 3
71 0000000000 a

03 0000001100 2
14 1000001000 2
25 0000100001 2 match 1
36 1001000000 2
47 0010100110 4
50 0000010000 1
61 0000100000 1
72 0100011000 3

04 1001001000 3
15 1010000010 3
26 0000000001 1
37 1011000010 4
40 0000110010 3
51 0000000000 a
62 0110010010 4
73 0000011000 2

05 1011000000 3
16 1000001100 3
27 0000100001 2 match 1
30 0000000010 1
41 0000100000 1
52 0100011100 4
63 0000110000 2
74 0000001000 1

06 1001001100 4
17 1010000110 4
20 0000100001 2 match 1
31 0001000000 1
42 0110010110 5
53 0000011100 3
64 0000000000 a
75 0000000000 a

07 1011000100 4
10 0000010010 2
21 0000100001 2 match 1
32 1111000010 5 match 2 7
43 0000110100 3
54 0000001000 1
65 0010100010 3
76 0000001000 1

Matching output
0 12
1 23 25 27 20 21
2 32
3 absent
4 absent
5 absent
6 absent
7 32

Left
12 23 34x
Best: AND-NOT12 23: 2

Right
32 21y
Best: AND-NOT32: 1

OR-NOT
01 1111101101 8
12 1111011110 8
23 0000111101 5
34 1111001011 7
45 1111110111 9
56 1101011101 7
67 1111110111 9
70 0100111011 6

02 1111011110 8
13 1110111111 9
24 1001101001 5
35 1111100011 7
46 1111111111 a
57 1111111111 a
60 0110110011 6
71 0101111001 6

03 1111111101 9
14 1111011111 9
25 1011100011 6
36 1111001111 8
47 1111110111 9
50 0100111111 7
61 0111110011 7
72 1111011110 8

04 1111001101 7
15 1111111111 a
26 1001101101 6
37 1111100111 8
40 0110110111 7
51 0101111101 7
62 1111111110 9
73 0100111101 6

05 1111101111 9
16 1111011111 9
27 1011100111 7
30 1111110011 8
41 0111110111 8
52 1111011110 8
63 0110111111 8
74 1101011001 6

06 1111001101 7
17 1111111111 a
20 0000110011 4
31 1111100011 7
42 1111111110 9
53 0100111101 6
64 1111111011 9
75 1111111011 9

07 1111101111 9
10 1110111111 9
21 0001100001 3
32 1111011110 8
43 0110111111 8
54 1101011101 7
65 1111110011 8
76 1101011101 7

Matching output
0 absent
1 absent
2 absent
3 absent
4 absent
5 absent
6 absent
7 absent

Left
none
Best: none

Right
none
Best: none

XOR-NOT
01 1110101101 7
12 0001000000 1
23 0000011100 3
34 0110001011 5
45 1101010101 6
56 1101010001 5
67 1101010101 6
70 0100101011 5

02 0000010010 2
13 1110100011 6
24 1001101000 4
35 0100100001 3
46 1111111011 9
57 1111111011 9
60 0110000001 3
71 0101111001 6

03 1111110001 7
14 0111010111 7
25 1011000010 4
36 0110001111 6
47 1101010001 5
50 0100101111 6
61 0111010011 6
72 1011000110 5

04 0110000101 4
15 0101111101 7
26 1001101100 5
37 0100100101 4
40 0110000101 4
51 0101111101 7
62 1001101100 5
73 0100100101 4

05 0100101111 6
16 0111010011 6
27 1011000110 5
30 1111110001 7
41 0111010111 7
52 1011000010 4
63 0110001111 6
74 1101010001 5

06 0110000001 3
17 0101111001 6
20 0000010010 2
31 1110100011 6
42 1001101000 4
53 0100100001 3
64 1111111011 9
75 1111111011 9

07 0100101011 5
10 1110101101 7
21 0001000000 1
32 0000011100 3
43 0110001011 5
54 1101010101 6
65 1101010001 5
76 1101010101 6

Matching output
0 absent
1 absent
2 absent
3 absent
4 absent
5 absent
6 absent
7 absent

Left
none
Best: none

Right
none
Best: none

Selecting

Lefts
Identity I1 2 3 4: 4
NOT none
Constant none
AND none
OR OR71: 1
XOR none
AND-NOT AND-NOT12 23: 2
OR-NOT none
XOR-NOT none

Rights
Identity I3: 1
NOT none
Constant none
AND none
OR none
XOR none
AND-NOT AND-NOT32: 1
OR-NOT none
XOR-NOT none

Left longest: 4
Right longest: 1

Left winner: Identity yes, NOT no, Constant no, AND no, OR no, XOR no, AND-NOT no, OR-NOT no, XOR-NOT no
Right winner: Identity yes, NOT no, Constant no, AND no, OR no, XOR no, AND-NOT no, OR-NOT no, XOR-NOT no

Best left: I1 2 3 4: 4
Best right: I3: 1

Truncated left: I1 2 3 4: 4
Truncated right: I3: 1

Tentative from right
7 I3
6 pending
5 pending
4 pending
3 pending
2 pending
1 pending
0 pending

Tentative
0 I1
1 I2
2 I3
3 I4
4 pending
5 pending
6 pending
7 I3

Preferred from left
0 I1
1 I2
2 I3
3 I4
4 ?5?
5 ?6?
6 ?7?
7 I3

Preferred from right
7 I3
6 ?72
5 ?61
4 ?50
3 I4
2 I3
1 I2
0 I1

Preferred
0 I1
1 I2
2 I3
3 I4
4 ?50 ?05
5 ?61 ?16
6 ?72 ?27
7 I3

Matching
0 I1
1 I2
2 I3
3 I4
4 ?50 ?05 - Identity absent, NOT absent, Constant absent, AND absent, OR absent, XOR50, AND-NOT absent, OR-NOT absent, XOR-NOT absent
5 ?61 ?16 - Identity absent, NOT absent, Constant absent, AND absent, OR absent, XOR61, AND-NOT absent, OR-NOT absent, XOR-NOT absent
6 ?72 ?27 - Identity absent, NOT absent, Constant absent, AND absent, OR72, XOR72, AND-NOT absent, OR-NOT absent, XOR-NOT absent
7 I3

Perfect match
Identity no
NOT no
Constant no
AND no
OR no
XOR yes
AND-NOT no
OR-NOT no
XOR-NOT no

Matched
0 I1
1 I2
2 I3
3 I4
4 XOR50
5 XOR61
6 XOR72
7 I3

Selected
0 I1
1 I2
2 I3
3 I4
4 XOR50
5 XOR61
6 XOR72
7 I3

Applying to 10011111
Input
0 1
1 0
2 0
3 1
4 1
5 1
6 1
7 1
Output
0 I1 = 0
1 I2 = 0
2 I3 = 1
3 I4 = 1
4 XOR50 = XOR(1,1) = 0
5 XOR61 = XOR(1,0) = 1
6 XOR72 = XOR(1,0) = 1
7 I3 = 1

I will now return the answer in \boxed{}
The answer in \boxed is
\boxed{00110111}