We need to deduce the transformation by matching the example outputs.
I will put my final answer inside \boxed{}.

Output 0: 00000000
0 0
1 0
2 0
3 0
4 0
5 0
6 0
7 0

Output 1: 10000000
0 1
1 0
2 0
3 0
4 0
5 0
6 0
7 0

Output 2: 00000000
0 0
1 0
2 0
3 0
4 0
5 0
6 0
7 0

Output 3: 10000001
0 1
1 0
2 0
3 0
4 0
5 0
6 0
7 1

Output 4: 10000000
0 1
1 0
2 0
3 0
4 0
5 0
6 0
7 0

Output 5: 00000000
0 0
1 0
2 0
3 0
4 0
5 0
6 0
7 0

Output 6: 00000000
0 0
1 0
2 0
3 0
4 0
5 0
6 0
7 0

Output 7: 00000000
0 0
1 0
2 0
3 0
4 0
5 0
6 0
7 0

Output 8: 00000000
0 0
1 0
2 0
3 0
4 0
5 0
6 0
7 0

Output bit columns (with bitsum as hash)
0 010110000 3
1 000000000 a
2 000000000 a
3 000000000 a
4 000000000 a
5 000000000 a
6 000000000 a
7 000100000 1

Input 0: 00110011
0 0
1 0
2 1
3 1
4 0
5 0
6 1
7 1

Input 1: 00111111
0 0
1 0
2 1
3 1
4 1
5 1
6 1
7 1

Input 2: 01101010
0 0
1 1
2 1
3 0
4 1
5 0
6 1
7 0

Input 3: 11111111
0 1
1 1
2 1
3 1
4 1
5 1
6 1
7 1

Input 4: 01111111
0 0
1 1
2 1
3 1
4 1
5 1
6 1
7 1

Input 5: 10000000
0 1
1 0
2 0
3 0
4 0
5 0
6 0
7 0

Input 6: 00110010
0 0
1 0
2 1
3 1
4 0
5 0
6 1
7 0

Input 7: 00100101
0 0
1 0
2 1
3 0
4 0
5 1
6 0
7 1

Input 8: 11000010
0 1
1 1
2 0
3 0
4 0
5 0
6 1
7 0

When matching output
x: not in operator
y: wrong position

Identity
0 000101001 3
1 001110001 4
2 111110110 7
3 110110100 5
4 011110000 4
5 010110010 4
6 111110101 7
7 110110010 5

Matching output
0 absent
1 absent
2 absent
3 absent
4 absent
5 absent
6 absent
7 absent

Left
none
Best: none

Right
none
Best: none

NOT
0 111010110 6
1 110001110 5
2 000001001 2
3 001001011 4
4 100001111 5
5 101001101 5
6 000001010 2
7 001001101 4

Matching output
0 absent
1 absent
2 absent
3 absent
4 absent
5 absent
6 absent
7 absent

Left
none
Best: none

Right
none
Best: none

Constant
0 000000000 a match 1 2 3 4 5 6
1 111111111 a

Matching output
0 absent
1 C0
2 C0
3 C0
4 C0
5 C0
6 C0
7 absent

Left
none
Best: none

Right
none
Best: none

AND
01 10 000100001 2
12 21 001110000 3
23 32 110110100 5
34 43 010110000 3 match 0
45 54 010110000 3 match 0
56 65 010110000 3 match 0
67 76 110110000 4
70 07 000100000 1 match 7

02 20 000100000 1 match 7
13 31 000110000 2
24 42 011110000 4
35 53 010110000 3 match 0
46 64 011110000 4
57 75 010110010 4
60 06 000100001 2
71 17 000110000 2

03 30 000100000 1 match 7
14 41 001110000 3
25 52 010110010 4
36 63 110110100 5
47 74 010110000 3 match 0
50 05 000100000 1 match 7
61 16 001110001 4
72 27 110110010 5

04 40 000100000 1 match 7
15 51 000110000 2
26 62 111110100 6
37 73 110110000 4

Matching output
0 34 43 45 54 56 65 35 53 47 74
1 absent
2 absent
3 absent
4 absent
5 absent
6 absent
7 70 07 02 20 03 30 50 05 04 40

Left
34 45y
43 54y
45 56y
54 65y
56 67x
65 76x
35 46x
53 64x
47 50y
74 05y
Best: AND34: 1

Right
70 67x
07 76x
02 71x
20 17x
03 72x
30 27x
50 47y
05 74y
04 73x
40 37x
Best: AND70: 1

OR
01 10 001111001 5
12 21 111110111 8
23 32 111110110 7
34 43 111110100 6
45 54 011110010 5
56 65 111110111 8
67 76 111110111 8
70 07 110111011 7

02 20 111111111 a
13 31 111110101 7
24 42 111110110 7
35 53 110110110 6
46 64 111110101 7
57 75 110110010 5
60 06 111111101 8
71 17 111110011 7

03 30 110111101 7
14 41 011110001 5
25 52 111110110 7
36 63 111110101 7
47 74 111110010 6
50 05 010111011 6
61 16 111110101 7
72 27 111110110 7

04 40 011111001 6
15 51 011110011 6
26 62 111110111 8
37 73 110110110 6

Matching output
0 absent
1 absent
2 absent
3 absent
4 absent
5 absent
6 absent
7 absent

Left
none
Best: none

Right
none
Best: none

XOR
01 10 001011000 3
12 21 110000111 5
23 32 001000010 2
34 43 101000100 3
45 54 001000010 2
56 65 101000111 5
67 76 001000111 4
70 07 110011011 6

02 20 111011111 8
13 31 111000101 5
24 42 100000110 3
35 53 100000110 3
46 64 100000101 3
57 75 100000000 1
60 06 111011100 6
71 17 111000011 5

03 30 110011101 6
14 41 010000001 2
25 52 101000100 3
36 63 001000001 2
47 74 101000010 3
50 05 010011011 5
61 16 110000100 3
72 27 001000100 2

04 40 011011001 5
15 51 011000011 4
26 62 000000011 2
37 73 000000110 2

Matching output
0 absent
1 absent
2 absent
3 absent
4 absent
5 absent
6 absent
7 absent

Left
none
Best: none

Right
none
Best: none

AND-NOT
01 000001000 1
12 000000001 1
23 001000010 2
34 100000100 2
45 001000000 1
56 000000010 1
67 001000101 3
70 110010010 4

02 000001001 2
13 001000001 2
24 100000110 3
35 100000100 2
46 000000000 a match 1 2 3 4 5 6
57 000000000 a match 1 2 3 4 5 6
60 111010100 5
71 110000010 3

03 000001001 2
14 000000001 1
25 101000100 3
36 000000000 a match 1 2 3 4 5 6
47 001000000 1
50 010010010 3
61 110000100 3
72 000000000 a match 1 2 3 4 5 6

04 000001001 2
15 001000001 2
26 000000010 1
37 000000100 1
40 011010000 3
51 010000010 2
62 000000001 1
73 000000010 1

05 000001001 2
16 000000000 a match 1 2 3 4 5 6
27 001000100 2
30 110010100 4
41 010000000 1
52 000000000 a match 1 2 3 4 5 6
63 001000001 2
74 100000010 2

06 000001000 1
17 001000001 2
20 111010110 6
31 110000100 3
42 000000000 a match 1 2 3 4 5 6
53 000000010 1
64 100000101 3
75 100000000 1

07 000001001 2
10 001010000 2
21 110000110 4
32 000000000 a match 1 2 3 4 5 6
43 001000000 1
54 000000010 1
65 101000101 4
76 000000010 1

Matching output
0 absent
1 46 57 36 72 16 52 42 32
2 46 57 36 72 16 52 42 32
3 46 57 36 72 16 52 42 32
4 46 57 36 72 16 52 42 32
5 46 57 36 72 16 52 42 32
6 46 57 36 72 16 52 42 32
7 absent

Left
none
Best: none

Right
none
Best: none

OR-NOT
01 110101111 7
12 001111001 5
23 111111111 a
34 110111111 8
45 111111101 8
56 010111010 5
67 111111101 8
70 111110110 7

02 000101001 3
13 001111011 6
24 111111111 a
35 111111101 8
46 011111010 6
57 011111111 8
60 111110111 8
71 110111110 7

03 001101011 5
14 101111111 8
25 111111111 a
36 110111110 7
47 011111101 7
50 111110110 7
61 111111111 a
72 110111011 7

04 100101111 6
15 101111101 7
26 111111110 8
37 111111101 8
40 111110110 7
51 110111110 7
62 111111101 8
73 111111011 8

05 101101101 6
16 001111011 6
27 111111111 a
30 111110110 7
41 111111110 8
52 010111011 6
63 111111111 a
74 110111111 8

06 000101011 4
17 001111101 6
20 111110110 7
31 110111110 7
42 011111001 6
53 011111011 7
64 111111111 a
75 111111111 a

07 001101101 5
10 111110111 8
21 111111110 8
32 110111101 7
43 011111011 7
54 110111111 8
65 111111101 8
76 110111010 6

Matching output
0 absent
1 absent
2 absent
3 absent
4 absent
5 absent
6 absent
7 absent

Left
none
Best: none

Right
none
Best: none

XOR-NOT
01 110100111 6
12 001111000 4
23 110111101 7
34 010111011 6
45 110111101 7
56 010111000 4
67 110111000 5
70 001100100 3

02 000100000 1 match 7
13 000111010 4
24 011111001 6
35 011111001 6
46 011111010 6
57 011111111 8
60 000100011 3
71 000111100 4

03 001100010 3
14 101111110 7
25 010111011 6
36 110111110 7
47 010111101 6
50 101100100 4
61 001111011 6
72 110111011 7

04 100100110 4
15 100111100 5
26 111111100 7
37 111111001 7
40 100100110 4
51 100111100 5
62 111111100 7
73 111111001 7

05 101100100 4
16 001111011 6
27 110111011 7
30 001100010 3
41 101111110 7
52 010111011 6
63 110111110 7
74 010111101 6

06 000100011 3
17 000111100 4
20 000100000 1 match 7
31 000111010 4
42 011111001 6
53 011111001 6
64 011111010 6
75 011111111 8

07 001100100 3
10 110100111 6
21 001111000 4
32 110111101 7
43 010111011 6
54 110111101 7
65 010111000 4
76 110111000 5

Matching output
0 absent
1 absent
2 absent
3 absent
4 absent
5 absent
6 absent
7 02 20

Left
none
Best: none

Right
02 71x
20 17x
Best: XOR-NOT02: 1

Selecting

Lefts
Identity none
NOT none
Constant none
AND AND34: 1
OR none
XOR none
AND-NOT none
OR-NOT none
XOR-NOT none

Rights
Identity none
NOT none
Constant none
AND AND70: 1
OR none
XOR none
AND-NOT none
OR-NOT none
XOR-NOT XOR-NOT02: 1

Left longest: 1
Right longest: 1

Left winner: Identity no, NOT no, Constant no, AND yes, OR no, XOR no, AND-NOT no, OR-NOT no, XOR-NOT no
Right winner: Identity no, NOT no, Constant no, AND yes, OR no, XOR no, AND-NOT no, OR-NOT no, XOR-NOT no

Best left: AND34: 1
Best right: AND70: 1

Truncated left: AND34: 1
Truncated right: AND70: 1

Tentative from right
7 AND70
6 pending
5 pending
4 pending
3 pending
2 pending
1 pending
0 pending

Tentative
0 AND34
1 pending
2 pending
3 pending
4 pending
5 pending
6 pending
7 AND70

Preferred from left
0 AND34
1 ?45
2 ?56
3 ?67
4 ?70
5 ?01
6 ?12
7 AND70

Preferred from right
7 AND70
6 ?12
5 ?01
4 ?70
3 ?67
2 ?56
1 ?45
0 AND34

Preferred
0 AND34
1 ?45 ?54
2 ?56 ?65
3 ?67 ?76
4 ?70 ?07
5 ?01 ?10
6 ?12 ?21
7 AND70

Matching
0 AND34
1 ?45 ?54 - Identity absent, NOT absent, Constant C0, AND absent, OR absent, XOR absent, AND-NOT absent, OR-NOT absent, XOR-NOT absent
2 ?56 ?65 - Identity absent, NOT absent, Constant C0, AND absent, OR absent, XOR absent, AND-NOT absent, OR-NOT absent, XOR-NOT absent
3 ?67 ?76 - Identity absent, NOT absent, Constant C0, AND absent, OR absent, XOR absent, AND-NOT absent, OR-NOT absent, XOR-NOT absent
4 ?70 ?07 - Identity absent, NOT absent, Constant C0, AND absent, OR absent, XOR absent, AND-NOT absent, OR-NOT absent, XOR-NOT absent
5 ?01 ?10 - Identity absent, NOT absent, Constant C0, AND absent, OR absent, XOR absent, AND-NOT absent, OR-NOT absent, XOR-NOT absent
6 ?12 ?21 - Identity absent, NOT absent, Constant C0, AND absent, OR absent, XOR absent, AND-NOT absent, OR-NOT absent, XOR-NOT absent
7 AND70

Perfect match
Identity no
NOT no
Constant yes
AND no
OR no
XOR no
AND-NOT no
OR-NOT no
XOR-NOT no

Matched
0 AND34
1 C0
2 C0
3 C0
4 C0
5 C0
6 C0
7 AND70

Selected
0 MAJ(0,4,5)
1 C0
2 C0
3 C0
4 C0
5 C0
6 C0
7 AND70

Applying to 01001111
Input
0 0
1 1
2 0
3 0
4 1
5 1
6 1
7 1
Output
0 MAJ(0,4,5) = MAJ(0,1,1) = 1
1 C0 = 0
2 C0 = 0
3 C0 = 0
4 C0 = 0
5 C0 = 0
6 C0 = 0
7 AND70 = AND(1,0) = 0

I will now return the answer in \boxed{}
The answer in \boxed{–} is \boxed{10000000}