We need to deduce the transformation by matching the example outputs.
I will put my final answer inside \boxed{}.

Output 0: 10011101
0 1
1 0
2 0
3 1
4 1
5 1
6 0
7 1

Output 1: 11101110
0 1
1 1
2 1
3 0
4 1
5 1
6 1
7 0

Output 2: 01110111
0 0
1 1
2 1
3 1
4 0
5 1
6 1
7 1

Output 3: 01110111
0 0
1 1
2 1
3 1
4 0
5 1
6 1
7 1

Output 4: 00100010
0 0
1 0
2 1
3 0
4 0
5 0
6 1
7 0

Output 5: 01101110
0 0
1 1
2 1
3 0
4 1
5 1
6 1
7 0

Output 6: 00011101
0 0
1 0
2 0
3 1
4 1
5 1
6 0
7 1

Output bit columns (with bitsum as hash)
0 1100000 2
1 0111010 4
2 0111110 5
3 1011001 4
4 1100011 4
5 1111011 6
6 0111110 5
7 1011001 4

Input 0: 01100101
0 0
1 1
2 1
3 0
4 0
5 1
6 0
7 1

Input 1: 00111000
0 0
1 0
2 1
3 1
4 1
5 0
6 0
7 0

Input 2: 10011101
0 1
1 0
2 0
3 1
4 1
5 1
6 0
7 1

Input 3: 01011101
0 0
1 1
2 0
3 1
4 1
5 1
6 0
7 1

Input 4: 00001000
0 0
1 0
2 0
3 0
4 1
5 0
6 0
7 0

Input 5: 00011011
0 0
1 0
2 0
3 1
4 1
5 0
6 1
7 1

Input 6: 01000011
0 0
1 1
2 0
3 0
4 0
5 0
6 1
7 1

When matching output
x: not in operator
y: wrong position

Identity
0 0010000 1
1 1001001 3
2 1100000 2 match 0
3 0111010 4 match 1
4 0111110 5 match 2 6
5 1011000 3
6 0000011 2
7 1011011 5

Matching output
0 2
1 3
2 4
3 absent
4 absent
5 absent
6 4
7 absent

Left
2 3 4 5x
Best: I2 3 4: 3

Right
none
Best: none

NOT
0 1101111 6
1 0110110 4
2 0011111 5
3 1000101 3
4 1000001 2
5 0100111 4
6 1111100 5
7 0100100 2

Matching output
0 absent
1 absent
2 absent
3 absent
4 absent
5 absent
6 absent
7 absent

Left
none
Best: none

Right
none
Best: none

Constant
0 0000000 a
1 1111111 a

Matching output
0 absent
1 absent
2 absent
3 absent
4 absent
5 absent
6 absent
7 absent

Left
none
Best: none

Right
none
Best: none

AND
01 10 0000000 a
12 21 1000000 1
23 32 0100000 1
34 43 0111010 4 match 1
45 54 0011000 2
56 65 0000000 a
67 76 0000011 2
70 07 0010000 1

02 20 0000000 a
13 31 0001000 1
24 42 0100000 1
35 53 0011000 2
46 64 0000010 1
57 75 1011000 3
60 06 0000000 a
71 17 1001001 3

03 30 0010000 1
14 41 0001000 1
25 52 1000000 1
36 63 0000010 1
47 74 0011010 3
50 05 0010000 1
61 16 0000001 1
72 27 1000000 1

04 40 0010000 1
15 51 1001000 2
26 62 0000000 a
37 73 0011010 3

Matching output
0 absent
1 34 43
2 absent
3 absent
4 absent
5 absent
6 absent
7 absent

Left
none
Best: none

Right
none
Best: none

OR
01 10 1011001 4 match 3 7
12 21 1101001 4
23 32 1111010 5
34 43 0111110 5 match 2 6
45 54 1111110 6
56 65 1011011 5
67 76 1011011 5
70 07 1011011 5

02 20 1110000 3
13 31 1111011 6 match 5
24 42 1111110 6
35 53 1111010 5
46 64 0111111 6
57 75 1011011 5
60 06 0010011 3
71 17 1011011 5

03 30 0111010 4 match 1
14 41 1111111 a
25 52 1111000 4
36 63 0111011 5
47 74 1111111 a
50 05 1011000 3
61 16 1001011 4
72 27 1111011 6 match 5

04 40 0111110 5 match 2 6
15 51 1011001 4 match 3 7
26 62 1100011 4 match 4
37 73 1111011 6 match 5

Matching output
0 absent
1 03 30
2 34 43 04 40
3 01 10 15 51
4 26 62
5 13 31 72 27 37 73
6 34 43 04 40
7 01 10 15 51

Left
none
Best: none

Right
01 70x
10 07x
15 04 73 62 51 40 37y
51 40 37 26 15 04 73y
Best: OR15 04 73 62 51 40: 6

XOR
01 10 1011001 4 match 3 7
12 21 0101001 3
23 32 1011010 4
34 43 0000100 1
45 54 1100110 4
56 65 1011011 5
67 76 1011000 3
70 07 1001011 4

02 20 1110000 3
13 31 1110011 5
24 42 1011110 5
35 53 1100010 3
46 64 0111101 5
57 75 0000011 2
60 06 0010011 3
71 17 0010010 2

03 30 0101010 3
14 41 1110111 6
25 52 0111000 3
36 63 0111001 4
47 74 1100101 4
50 05 1001000 2
61 16 1001010 3
72 27 0111011 5

04 40 0101110 4
15 51 0010001 2
26 62 1100011 4 match 4
37 73 1100001 3

Matching output
0 absent
1 absent
2 absent
3 01 10
4 26 62
5 absent
6 absent
7 01 10

Left
none
Best: none

Right
01 70x
10 07x
Best: XOR01: 1

AND-NOT
01 0010000 1
12 0001001 2
23 1000000 1
34 0000000 a
45 0100110 3
56 1011000 3
67 0000000 a
70 1001011 4

02 0010000 1
13 1000001 2
24 1000000 1
35 0100010 2
46 0111100 4
57 0000000 a
60 0000011 2
71 0010010 2

03 0000000 a
14 1000001 2
25 0100000 1
36 0111000 3
47 0100100 2
50 1001000 2
61 0000010 1
72 0011011 4

04 0000000 a
15 0000001 1
26 1100000 2 match 0
37 0100000 1
40 0101110 4
51 0010000 1
62 0000011 2
73 1000001 2

05 0000000 a
16 1001000 2
27 0100000 1
30 0101010 3
41 0110110 4
52 0011000 2
63 0000001 1
74 1000001 2

06 0010000 1
17 0000000 a
20 1100000 2 match 0
31 0110010 3
42 0011110 4
53 1000000 1
64 0000001 1
75 0000011 2

07 0000000 a
10 1001001 3
21 0100000 1
32 0011010 3
43 0000100 1
54 1000000 1
65 0000011 2
76 1011000 3

Matching output
0 26 20
1 absent
2 absent
3 absent
4 absent
5 absent
6 absent
7 absent

Left
26 37x
20 31x
Best: AND-NOT26: 1

Right
none
Best: none

OR-NOT
01 0110110 4
12 1011111 6
23 1100101 4
34 1111011 6 match 5
45 0111111 6
56 1111100 5
67 0100111 4
70 1111111 a

02 0011111 5
13 1001101 4
24 1100001 3
35 0111111 6
46 1111110 6
57 1111100 5
60 1101111 6
71 1111111 a

03 1010101 4
14 1001001 3
25 1100111 5
36 1111110 6
47 0111110 5 match 2 6
50 1111111 a
61 0110111 5
72 1011111 6

04 1010001 3
15 1101111 6
26 1111100 5
37 0111110 5 match 2 6
40 1111111 a
51 1111110 6
62 0011111 5
73 1011111 6

05 0110111 5
16 1111101 6
27 1100100 3
30 1111111 a
41 0111110 5 match 2 6
52 1011111 6
63 1000111 4
74 1011011 5

06 1111100 5
17 1101101 5
20 1101111 6
31 0111110 5 match 2 6
42 0111111 6
53 1011101 5
64 1000011 3
75 1111111 a

07 0110100 3
10 1101111 6
21 1110110 5
32 0111111 6
43 1111111 a
54 1011001 4 match 3 7
65 0100111 4
76 1111111 a

Matching output
0 absent
1 absent
2 47 37 41 31
3 54
4 absent
5 34
6 47 37 41 31
7 54

Left
none
Best: none

Right
54 43x
Best: OR-NOT54: 1

XOR-NOT
01 0100110 3
12 1010110 4
23 0100101 3
34 1111011 6 match 5
45 0011001 3
56 0100100 2
67 0100111 4
70 0110100 3

02 0001111 4
13 0001100 2
24 0100001 2
35 0011101 4
46 1000010 2
57 1111100 5
60 1101100 4
71 1101101 5

03 1010101 4
14 0001000 1
25 1000111 4
36 1000110 3
47 0011010 3
50 0110111 5
61 0110101 4
72 1000100 2

04 1010001 3
15 1101110 5
26 0011100 3
37 0011110 4
40 1010001 3
51 1101110 5
62 0011100 3
73 0011110 4

05 0110111 5
16 0110101 4
27 1000100 2
30 1010101 4
41 0001000 1
52 1000111 4
63 1000110 3
74 0011010 3

06 1101100 4
17 1101101 5
20 0001111 4
31 0001100 2
42 0100001 2
53 0011101 4
64 1000010 2
75 1111100 5

07 0110100 3
10 0100110 3
21 1010110 4
32 0100101 3
43 1111011 6 match 5
54 0011001 3
65 0100100 2
76 0100111 4

Matching output
0 absent
1 absent
2 absent
3 absent
4 absent
5 34 43
6 absent
7 absent

Left
none
Best: none

Right
none
Best: none

Selecting

Lefts
Identity I2 3 4: 3
NOT none
Constant none
AND none
OR none
XOR none
AND-NOT AND-NOT26: 1
OR-NOT none
XOR-NOT none

Rights
Identity none
NOT none
Constant none
AND none
OR OR15 04 73 62 51 40: 6
XOR XOR01: 1
AND-NOT none
OR-NOT OR-NOT54: 1
XOR-NOT none

Left longest: 3
Right longest: 6

Right winner: Identity no, NOT no, Constant no, AND no, OR yes, XOR no, AND-NOT no, OR-NOT no, XOR-NOT no
Left winner: Identity yes, NOT no, Constant no, AND no, OR no, XOR no, AND-NOT no, OR-NOT no, XOR-NOT no

Best right: OR15 04 73 62 51 40: 6
Best left: I2 3 4: 3

Truncated right: OR15 04 73 62 51 40: 6
Truncated left: I2 3: 2 truncated

Tentative from right
7 OR15
6 OR04
5 OR73
4 OR62
3 OR51
2 OR40
1 pending
0 pending

Tentative
0 I2
1 I3
2 OR40
3 OR51
4 OR62
5 OR73
6 OR04
7 OR15

Preferred from right
7 OR15
6 OR04
5 OR73
4 OR62
3 OR51
2 OR40
1 I3
0 I2

Preferred from left
0 I2
1 I3
2 OR40
3 OR51
4 OR62
5 OR73
6 OR04
7 OR15

Preferred
0 I2
1 I3
2 OR40
3 OR51
4 OR62
5 OR73
6 OR04
7 OR15

Matching
0 I2
1 I3
2 OR40
3 OR51
4 OR62
5 OR73
6 OR04
7 OR15

Perfect match
Identity no
NOT no
Constant no
AND no
OR no
XOR no
AND-NOT no
OR-NOT no
XOR-NOT no

Matched
0 I2
1 I3
2 OR40
3 OR51
4 OR62
5 OR73
6 OR04
7 OR15

Selected
0 I2
1 I3
2 OR40
3 OR51
4 OR62
5 OR73
6 OR04
7 OR15

Applying to 11110111
Input
0 1
1 1
2 1
3 1
4 0
5 1
6 1
7 1
Output
0 I2 = 1
1 I3 = 1
2 OR40 = OR(0,1) = 1
3 OR51 = OR(1,1) = 1
4 OR62 = OR(1,1) = 1
5 OR73 = OR(1,1) = 1
6 OR04 = OR(1,0) = 1
7 OR15 = OR(1,1) = 1

I will now return the answer in \boxed{}
The answer in \boxed is
\boxed{11111111}