We need to deduce the transformation by matching the example outputs.
I will put my final answer inside \boxed{}.

Output 0: 10111011
0 1
1 0
2 1
3 1
4 1
5 0
6 1
7 1

Output 1: 11101011
0 1
1 1
2 1
3 0
4 1
5 0
6 1
7 1

Output 2: 01111101
0 0
1 1
2 1
3 1
4 1
5 1
6 0
7 1

Output 3: 10000011
0 1
1 0
2 0
3 0
4 0
5 0
6 1
7 1

Output 4: 00011011
0 0
1 0
2 0
3 1
4 1
5 0
6 1
7 1

Output 5: 11101110
0 1
1 1
2 1
3 0
4 1
5 1
6 1
7 0

Output 6: 01111101
0 0
1 1
2 1
3 1
4 1
5 1
6 0
7 1

Output 7: 01110011
0 0
1 1
2 1
3 1
4 0
5 0
6 1
7 1

Output bit columns (with bitsum as hash)
0 11010100 4
1 01100111 5
2 11100111 6
3 10101011 5
4 11101110 6
5 00100110 3
6 11011101 6
7 11111011 7

Input 0: 11001000
0 1
1 1
2 0
3 0
4 1
5 0
6 0
7 0

Input 1: 11111101
0 1
1 1
2 1
3 1
4 1
5 1
6 0
7 1

Input 2: 00100100
0 0
1 0
2 1
3 0
4 0
5 1
6 0
7 0

Input 3: 00011100
0 0
1 0
2 0
3 1
4 1
5 1
6 0
7 0

Input 4: 11000001
0 1
1 1
2 0
3 0
4 0
5 0
6 0
7 1

Input 5: 10110111
0 1
1 0
2 1
3 1
4 0
5 1
6 1
7 1

Input 6: 01101110
0 0
1 1
2 1
3 0
4 1
5 1
6 1
7 0

Input 7: 10010101
0 1
1 0
2 0
3 1
4 0
5 1
6 0
7 1

When matching output
x: not in operator
y: wrong position

Identity
0 11001101 5
1 11001010 4
2 01100110 4
3 01010101 4
4 11010010 4
5 01110111 6
6 00000110 2
7 01001101 4

Matching output
0 absent
1 absent
2 absent
3 absent
4 absent
5 absent
6 absent
7 absent

Left
none
Best: none

Right
none
Best: none

NOT
0 00110010 3
1 00110101 4
2 10011001 4
3 10101010 4
4 00101101 4
5 10001000 2
6 11111001 6
7 10110010 4

Matching output
0 absent
1 absent
2 absent
3 absent
4 absent
5 absent
6 absent
7 absent

Left
none
Best: none

Right
none
Best: none

Constant
0 00000000 a
1 11111111 a

Matching output
0 absent
1 absent
2 absent
3 absent
4 absent
5 absent
6 absent
7 absent

Left
none
Best: none

Right
none
Best: none

AND
01 10 11001000 3
12 21 01000010 2
23 32 01000100 2
34 43 01010000 2
45 54 01010010 3
56 65 00000110 2
67 76 00000100 1
70 07 01001101 4

02 20 01000100 2
13 31 01000000 1
24 42 01000010 2
35 53 01010101 4
46 64 00000010 1
57 75 01000101 3
60 06 00000100 1
71 17 01001000 2

03 30 01000101 3
14 41 11000010 3
25 52 01100110 4
36 63 00000100 1
47 74 01000000 1
50 05 01000101 3
61 16 00000010 1
72 27 01000100 2

04 40 11000000 2
15 51 01000010 2
26 62 00000110 2
37 73 01000101 3

Matching output
0 absent
1 absent
2 absent
3 absent
4 absent
5 absent
6 absent
7 absent

Left
none
Best: none

Right
none
Best: none

OR
01 10 11001111 6
12 21 11101110 6 match 4
23 32 01110111 6
34 43 11010111 6
45 54 11110111 7
56 65 01110111 6
67 76 01001111 5
70 07 11001101 5

02 20 11101111 7
13 31 11011111 7
24 42 11110110 6
35 53 01110111 6
46 64 11010110 5
57 75 01111111 7
60 06 11001111 6
71 17 11001111 6

03 30 11011101 6 match 6
14 41 11011010 5
25 52 01110111 6
36 63 01010111 5
47 74 11011111 7
50 05 11111111 a
61 16 11001110 5
72 27 01101111 6

04 40 11011111 7
15 51 11111111 a
26 62 01100110 4
37 73 01011101 5

Matching output
0 absent
1 absent
2 absent
3 absent
4 12 21
5 absent
6 03 30
7 absent

Left
none
Best: none

Right
none
Best: none

XOR
01 10 00000111 3
12 21 10101100 4
23 32 00110011 4
34 43 10000111 4
45 54 10100101 4
56 65 01110001 4
67 76 01001011 4
70 07 10000000 1

02 20 10101011 5 match 3
13 31 10011111 6
24 42 10110100 4
35 53 00100010 2
46 64 11010100 4 match 0
57 75 00111010 4
60 06 11001011 5
71 17 10000111 4

03 30 10011000 3
14 41 00011000 2
25 52 00010001 2
36 63 01010011 4
47 74 10011111 6
50 05 10111010 5
61 16 11001100 4
72 27 00101011 4

04 40 00011111 5
15 51 10111101 6
26 62 01100000 2
37 73 00011000 2

Matching output
0 46 64
1 absent
2 absent
3 02 20
4 absent
5 absent
6 absent
7 absent

Left
46 57x
64 75x
Best: XOR46: 1

Right
none
Best: none

AND-NOT
01 00000101 2
12 10001000 2
23 00100010 2
34 00000101 2
45 10000000 1
56 01110001 4
67 00000010 1
70 00000000 a

02 10001001 3
13 10001010 3
24 00100100 2
35 00000000 a
46 11010000 3
57 00110010 3
60 00000010 1
71 00000101 2

03 10001000 2
14 00001000 1
25 00000000 a
36 01010001 3
47 10010010 3
50 00110010 3
61 00000100 1
72 00001001 2

04 00001101 3
15 10001000 2
26 01100000 2
37 00010000 1
40 00010010 2
51 00110101 4
62 00000000 a
73 00001000 1

05 10001000 2
16 11001000 3
27 00100010 2
30 00010000 1
41 00010000 1
52 00010001 2
63 00000010 1
74 00001101 3

06 11001001 4
17 10000010 2
20 00100010 2
31 00010101 3
42 10010000 2
53 00100010 2
64 00000100 1
75 00001000 1

07 10000000 1
10 00000010 1
21 00100100 2
32 00010001 2
43 10000010 2
54 00100101 3
65 00000000 a
76 01001001 3

Matching output
0 absent
1 absent
2 absent
3 absent
4 absent
5 absent
6 absent
7 absent

Left
none
Best: none

Right
none
Best: none

OR-NOT
01 11111101 7
12 11011011 6
23 11101110 6 match 4
34 01111101 6
45 11011010 5
56 11111111 a
67 10110110 5
70 01111111 7

02 11011101 6 match 6
13 11101010 5
24 01101111 6
35 11011101 6 match 6
46 11111011 7 match 7
57 11110111 7
60 00110110 4
71 01111101 6

03 11101111 7
14 11101111 7
25 11101110 6 match 4
36 11111101 7
47 11110010 5
50 01110111 6
61 00110111 5
72 11011101 6 match 6

04 11101101 6
15 11001010 4
26 11111111 a
37 11110111 7
40 11110010 5
51 01110111 6
62 10011111 6
73 11101111 7

05 11001101 5
16 11111011 7 match 7
27 11110110 6
30 01110111 6
41 11110111 7
52 11111111 a
63 10101110 5
74 01101101 5

06 11111101 7
17 11111010 6
20 01110110 5
31 01110101 5
42 11011011 6
53 11111111 a
64 00101111 5
75 11001101 5

07 11111111 a
10 11111010 6
21 01110111 6
32 11011101 6 match 6
43 11111010 6
54 01111111 7
65 10001110 4
76 11111101 7

Matching output
0 absent
1 absent
2 absent
3 absent
4 23 25
5 absent
6 02 35 72 32
7 46 16

Left
none
Best: none

Right
46 35 24x
16 05x
Best: OR-NOT46 35: 2

XOR-NOT
01 11111000 5
12 01010011 4
23 11001100 4
34 01111000 4
45 01011010 4
56 10001110 4
67 10110100 4
70 01111111 7

02 01010100 3
13 01100000 2
24 01001011 4
35 11011101 6 match 6
46 00101011 4
57 11000101 4
60 00110100 3
71 01111000 4

03 01100111 5 match 1
14 11100111 6 match 2
25 11101110 6 match 4
36 10101100 4
47 01100000 2
50 01000101 3
61 00110011 4
72 11010100 4 match 0

04 11100000 3
15 01000010 2
26 10011111 6
37 11100111 6 match 2
40 11100000 3
51 01000010 2
62 10011111 6
73 11100111 6 match 2

05 01000101 3
16 00110011 4
27 11010100 4 match 0
30 01100111 5 match 1
41 11100111 6 match 2
52 11101110 6 match 4
63 10101100 4
74 01100000 2

06 00110100 3
17 01111000 4
20 01010100 3
31 01100000 2
42 01001011 4
53 11011101 6 match 6
64 00101011 4
75 11000101 4

07 01111111 7
10 11111000 5
21 01010011 4
32 11001100 4
43 01111000 4
54 01011010 4
65 10001110 4
76 10110100 4

Matching output
0 72 27
1 03 30
2 14 37 73 41
3 absent
4 25 52
5 absent
6 35 53
7 absent

Left
72 03 14 25y
27 30 41 52y
Best: XOR-NOT72 03 14: 3

Right
none
Best: none

Selecting

Lefts
Identity none
NOT none
Constant none
AND none
OR none
XOR XOR46: 1
AND-NOT none
OR-NOT none
XOR-NOT XOR-NOT72 03 14: 3

Rights
Identity none
NOT none
Constant none
AND none
OR none
XOR none
AND-NOT none
OR-NOT OR-NOT46 35: 2
XOR-NOT none

Left longest: 3
Right longest: 2

Left winner: Identity no, NOT no, Constant no, AND no, OR no, XOR no, AND-NOT no, OR-NOT no, XOR-NOT yes
Right winner: Identity no, NOT no, Constant no, AND no, OR no, XOR no, AND-NOT no, OR-NOT yes, XOR-NOT no

Best left: XOR-NOT72 03 14: 3
Best right: OR-NOT46 35: 2

Truncated left: XOR-NOT72 03 14: 3
Truncated right: OR-NOT46 35: 2

Tentative from right
7 OR-NOT46
6 OR-NOT35
5 pending
4 pending
3 pending
2 pending
1 pending
0 pending

Tentative
0 XOR-NOT72
1 XOR-NOT03
2 XOR-NOT14
3 pending
4 pending
5 pending
6 OR-NOT35
7 OR-NOT46

Preferred from left
0 XOR-NOT72
1 XOR-NOT03
2 XOR-NOT14
3 ?25
4 ?36
5 ?47
6 OR-NOT35
7 OR-NOT46

Preferred from right
7 OR-NOT46
6 OR-NOT35
5 ?47
4 ?36
3 ?25
2 XOR-NOT14
1 XOR-NOT03
0 XOR-NOT72

Preferred
0 XOR-NOT72
1 XOR-NOT03
2 XOR-NOT14
3 ?25 ?52
4 ?36 ?63
5 ?47 ?74
6 OR-NOT35
7 OR-NOT46

Matching
0 XOR-NOT72
1 XOR-NOT03
2 XOR-NOT14
3 ?25 ?52 - Identity absent, NOT absent, Constant absent, AND absent, OR absent, XOR absent, AND-NOT absent, OR-NOT absent, XOR-NOT absent
4 ?36 ?63 - Identity absent, NOT absent, Constant absent, AND absent, OR absent, XOR absent, AND-NOT absent, OR-NOT absent, XOR-NOT absent
5 ?47 ?74 - Identity absent, NOT absent, Constant absent, AND absent, OR absent, XOR absent, AND-NOT absent, OR-NOT absent, XOR-NOT absent
6 OR-NOT35
7 OR-NOT46

Perfect match
Identity no
NOT no
Constant no
AND no
OR no
XOR no
AND-NOT no
OR-NOT no
XOR-NOT no

Matched
0 XOR-NOT72
1 XOR-NOT03
2 XOR-NOT14
3 none
4 none
5 none
6 OR-NOT35
7 OR-NOT46

Selected
0 XOR-NOT72
1 XOR-NOT03
2 XOR-NOT14
3 XOR02
4 CH(5,2,0)
5 CH(0,6,2)
6 OR-NOT35
7 OR-NOT46

Applying to 10011011
Input
0 1
1 0
2 0
3 1
4 1
5 0
6 1
7 1
Output
0 XOR-NOT72 = XOR(1,NOT(0)) = 0
1 XOR-NOT03 = XOR(1,NOT(1)) = 1
2 XOR-NOT14 = XOR(0,NOT(1)) = 0
3 XOR02 = XOR(1,0) = 1
4 CH(5,2,0) = CH(0,0,1) = 1
5 CH(0,6,2) = CH(1,1,0) = 1
6 OR-NOT35 = OR(1,NOT(0)) = 1
7 OR-NOT46 = OR(1,NOT(1)) = 1

I will now return the answer in \boxed{}
The answer in \boxed{–} is \boxed{01011111}