We need to deduce the transformation by matching the example outputs.
I will put my final answer inside \boxed{}.

Output 0: 10001000
0 1
1 0
2 0
3 0
4 1
5 0
6 0
7 0

Output 1: 00001100
0 0
1 0
2 0
3 0
4 1
5 1
6 0
7 0

Output 2: 10001001
0 1
1 0
2 0
3 0
4 1
5 0
6 0
7 1

Output 3: 00101010
0 0
1 0
2 1
3 0
4 1
5 0
6 1
7 0

Output 4: 00101001
0 0
1 0
2 1
3 0
4 1
5 0
6 0
7 1

Output 5: 00000000
0 0
1 0
2 0
3 0
4 0
5 0
6 0
7 0

Output 6: 00101000
0 0
1 0
2 1
3 0
4 1
5 0
6 0
7 0

Output 7: 00010101
0 0
1 0
2 0
3 1
4 0
5 1
6 0
7 1

Output 8: 01000110
0 0
1 1
2 0
3 0
4 0
5 1
6 1
7 0

Output bit columns (with bitsum as hash)
0 101000000 2
1 000000001 1
2 000110100 3
3 000000010 1
4 111110100 6
5 010000011 3
6 000100001 2
7 001010010 3

Input 0: 00110010
0 0
1 0
2 1
3 1
4 0
5 0
6 1
7 0

Input 1: 11110000
0 1
1 1
2 1
3 1
4 0
5 0
6 0
7 0

Input 2: 00110110
0 0
1 0
2 1
3 1
4 0
5 1
6 1
7 0

Input 3: 10101001
0 1
1 0
2 1
3 0
4 1
5 0
6 0
7 1

Input 4: 10011110
0 1
1 0
2 0
3 1
4 1
5 1
6 1
7 0

Input 5: 11000000
0 1
1 1
2 0
3 0
4 0
5 0
6 0
7 0

Input 6: 10001011
0 1
1 0
2 0
3 0
4 1
5 0
6 1
7 1

Input 7: 01011100
0 0
1 1
2 0
3 1
4 1
5 1
6 0
7 0

Input 8: 01111001
0 0
1 1
2 1
3 1
4 1
5 0
6 0
7 1

When matching output
x: not in operator
y: wrong position

Identity
0 010111100 5
1 010001011 4
2 111100001 5
3 111010011 6
4 000110111 5
5 001010010 3 match 7
6 101010100 4
7 000100101 3

Matching output
0 absent
1 absent
2 absent
3 absent
4 absent
5 absent
6 absent
7 5

Left
none
Best: none

Right
5 4x
Best: I5: 1

NOT
0 101000011 4
1 101110100 5
2 000011110 4
3 000101100 3
4 111001000 4
5 110101101 6
6 010101011 5
7 111011010 6

Matching output
0 absent
1 absent
2 absent
3 absent
4 absent
5 absent
6 absent
7 absent

Left
none
Best: none

Right
none
Best: none

Constant
0 000000000 a
1 111111111 a

Matching output
0 absent
1 absent
2 absent
3 absent
4 absent
5 absent
6 absent
7 absent

Left
none
Best: none

Right
none
Best: none

AND
01 10 010001000 2
12 21 010000001 2
23 32 111000001 4
34 43 000010011 3
45 54 000010010 2
56 65 001010000 2
67 76 000000100 1
70 07 000100100 2

02 20 010100000 2
13 31 010000011 3 match 5
24 42 000100001 2 match 6
35 53 001010010 3 match 7
46 64 000010100 2
57 75 000000000 a
60 06 000010100 2
71 17 000000001 1 match 1

03 30 010010000 2
14 41 000000011 2
25 52 001000000 1
36 63 101010000 3
47 74 000100101 3
50 05 000010000 1
61 16 000000000 a
72 27 000100001 2 match 6

04 40 000110100 3 match 2
15 51 000000010 1 match 3
26 62 101000000 2 match 0
37 73 000000001 1 match 1

Matching output
0 26 62
1 71 17 37 73
2 04 40
3 15 51
4 absent
5 13 31
6 24 42 72 27
7 35 53

Left
26 37 40 51 62y
62 73 04 15 26y
Best: AND26 37 40 51: 4

Right
35 24 13 02x
53 42 31 20x
Best: AND35 24 13: 3

OR
01 10 010111111 7
12 21 111101011 7
23 32 111110011 7
34 43 111110111 8
45 54 001110111 6
56 65 101010110 5
67 76 101110101 6
70 07 010111101 6

02 20 111111101 8
13 31 111011011 7
24 42 111110111 8
35 53 111010011 6
46 64 101110111 7
57 75 001110111 6
60 06 111111100 7
71 17 010101111 6

03 30 111111111 a
14 41 010111111 7
25 52 111110011 7
36 63 111010111 7
47 74 000110111 5
50 05 011111110 7
61 16 111011111 8
72 27 111100101 6

04 40 010111111 7
15 51 011011011 6
26 62 111110101 7
37 73 111110111 8

Matching output
0 absent
1 absent
2 absent
3 absent
4 absent
5 absent
6 absent
7 absent

Left
none
Best: none

Right
none
Best: none

XOR
01 10 000110111 5
12 21 101101010 5
23 32 000110010 3
34 43 111100100 5
45 54 001100101 4
56 65 100000110 3
67 76 101110001 5
70 07 010011001 4

02 20 101011101 6
13 31 101011000 4
24 42 111010110 6
35 53 110000001 3
46 64 101100011 5
57 75 001110111 6
60 06 111101000 5
71 17 010101110 5

03 30 101101111 7
14 41 010111100 5
25 52 110110011 6
36 63 010000111 4
47 74 000010010 2
50 05 011101110 6
61 16 111011111 8
72 27 111000100 4

04 40 010001011 4
15 51 011011001 5
26 62 010110101 5
37 73 111110110 7

Matching output
0 absent
1 absent
2 absent
3 absent
4 absent
5 absent
6 absent
7 absent

Left
none
Best: none

Right
none
Best: none

AND-NOT
01 000110100 3 match 2
12 000001010 2
23 000100000 1
34 111000000 3
45 000100101 3
56 000000010 1 match 3
67 101010000 3
70 000000001 1 match 1

02 000011100 3
13 000001000 1
24 111000000 3
35 110000001 3
46 000100011 3
57 001010010 3 match 7
60 101000000 2 match 0
71 000100100 2

03 000101100 3
14 010001000 2
25 110100001 4
36 010000011 3 match 5
47 000010010 2
50 001000010 2
61 101010100 4
72 000000100 1

04 010001000 2
15 010001001 3
26 010100001 3
37 111010010 5
40 000000011 2
51 001010000 2
62 000010100 2
73 000100100 2

05 010101100 4
16 010001011 4
27 111000000 3
30 101000011 4
41 000110100 3 match 2
52 000010010 2
63 000000100 1
74 000000000 a

06 010101000 3
17 010001010 3
20 101000001 3
31 101010000 3
42 000010110 3
53 000000000 a
64 101000000 2 match 0
75 000100101 3

07 010011000 3
10 000000011 2
21 101100000 3
32 000010010 2
43 000100100 2
54 001000000 1
65 100000100 2
76 000100001 2 match 6

Matching output
0 60 64
1 70
2 01 41
3 56
4 absent
5 36
6 76
7 57

Left
60 71x
64 75x
Best: AND-NOT60: 1

Right
57 46x
Best: AND-NOT57: 1

OR-NOT
01 111111100 7
12 010011111 6
23 111101101 7
34 111011011 7
45 110111111 8
56 011111011 7
67 111011110 7
70 101100111 6

02 010111110 6
13 010101111 6
24 111101001 6
35 111111111 a
46 010111111 7
57 111011010 6
60 101010111 6
71 101110101 6

03 010111100 5
14 111001011 6
25 111101101 7
36 111111011 8
47 111111111 a
50 101010011 5
61 101110100 5
72 000111111 6

04 111111100 7
15 110101111 7
26 111101011 7
37 111011011 7
40 101110111 7
51 101110110 6
62 101011110 6
73 000101101 4

05 110111101 7
16 010101011 5
27 111111011 8
30 111010011 6
41 101110111 7
52 001011110 5
63 101111100 6
74 111101101 7

06 010111111 7
17 111011011 7
20 111100011 6
31 111110111 8
42 000111111 6
53 001111110 6
64 111011100 6
75 110101101 6

07 111111110 8
10 111001011 6
21 111110101 7
32 111011111 8
43 000111111 6
54 111011010 6
65 111111101 8
76 010101111 6

Matching output
0 absent
1 absent
2 absent
3 absent
4 absent
5 absent
6 absent
7 absent

Left
none
Best: none

Right
none
Best: none

XOR-NOT
01 111001000 4
12 010010101 4
23 111001101 6
34 000011011 4
45 110011010 5
56 011111001 6
67 010001110 4
70 101100110 5

02 010100010 3
13 010100111 5
24 000101001 3
35 001111110 6
46 010011100 4
57 110001000 3
60 000010111 4
71 101010001 4

03 010010000 2
14 101000011 4
25 001001100 3
36 101111000 5
47 111101101 7
50 100010001 3
61 000100000 1
72 000111011 5

04 101110100 5
15 100100110 4
26 101001010 4
37 000001001 2
40 101110100 5
51 100100110 4
62 101001010 4
73 000001001 2

05 100010001 3
16 000100000 1
27 000111011 5
30 010010000 2
41 101000011 4
52 001001100 3
63 101111000 5
74 111101101 7

06 000010111 4
17 101010001 4
20 010100010 3
31 010100111 5
42 000101001 3
53 001111110 6
64 010011100 4
75 110001000 3

07 101100110 5
10 111001000 4
21 010010101 4
32 111001101 6
43 000011011 4
54 110011010 5
65 011111001 6
76 010001110 4

Matching output
0 absent
1 absent
2 absent
3 absent
4 absent
5 absent
6 absent
7 absent

Left
none
Best: none

Right
none
Best: none

Selecting

Lefts
Identity none
NOT none
Constant none
AND AND26 37 40 51: 4
OR none
XOR none
AND-NOT AND-NOT60: 1
OR-NOT none
XOR-NOT none

Rights
Identity I5: 1
NOT none
Constant none
AND AND35 24 13: 3
OR none
XOR none
AND-NOT AND-NOT57: 1
OR-NOT none
XOR-NOT none

Left longest: 4
Right longest: 3

Left winner: Identity no, NOT no, Constant no, AND yes, OR no, XOR no, AND-NOT no, OR-NOT no, XOR-NOT no
Right winner: Identity no, NOT no, Constant no, AND yes, OR no, XOR no, AND-NOT no, OR-NOT no, XOR-NOT no

Best left: AND26 37 40 51: 4
Best right: AND35 24 13: 3

Truncated left: AND26 37 40 51: 4
Truncated right: AND35 24 13: 3

Tentative from right
7 AND35
6 AND24
5 AND13
4 pending
3 pending
2 pending
1 pending
0 pending

Tentative
0 AND26
1 AND37
2 AND40
3 AND51
4 pending
5 AND13
6 AND24
7 AND35

Preferred from left
0 AND26
1 AND37
2 AND40
3 AND51
4 ?62
5 AND13
6 AND24
7 AND35

Preferred from right
7 AND35
6 AND24
5 AND13
4 ?62
3 AND51
2 AND40
1 AND37
0 AND26

Preferred
0 AND26
1 AND37
2 AND40
3 AND51
4 ?62 ?26
5 AND13
6 AND24
7 AND35

Matching
0 AND26
1 AND37
2 AND40
3 AND51
4 ?62 ?26 - Identity absent, NOT absent, Constant absent, AND absent, OR absent, XOR absent, AND-NOT absent, OR-NOT absent, XOR-NOT absent
5 AND13
6 AND24
7 AND35

Perfect match
Identity no
NOT no
Constant no
AND no
OR no
XOR no
AND-NOT no
OR-NOT no
XOR-NOT no

Matched
0 AND26
1 AND37
2 AND40
3 AND51
4 none
5 AND13
6 AND24
7 AND35

Selected
0 AND26
1 AND37
2 AND40
3 AND51
4 default 1
5 AND13
6 AND24
7 AND35

Applying to 11110101
Input
0 1
1 1
2 1
3 1
4 0
5 1
6 0
7 1
Output
0 AND26 = AND(1,0) = 0
1 AND37 = AND(1,1) = 1
2 AND40 = AND(0,1) = 0
3 AND51 = AND(1,1) = 1
4 default 1 = 1
5 AND13 = AND(1,1) = 1
6 AND24 = AND(1,0) = 0
7 AND35 = AND(1,1) = 1

I will now return the answer in \boxed{}
The answer in \boxed is
\boxed{01011101}