We need to deduce the transformation by matching the example outputs.
I will put my final answer inside \boxed{}.

Output 0: 11101111
0 1
1 1
2 1
3 0
4 1
5 1
6 1
7 1

Output 1: 11111101
0 1
1 1
2 1
3 1
4 1
5 1
6 0
7 1

Output 2: 11100101
0 1
1 1
2 1
3 0
4 0
5 1
6 0
7 1

Output 3: 11111001
0 1
1 1
2 1
3 1
4 1
5 0
6 0
7 1

Output 4: 11011111
0 1
1 1
2 0
3 1
4 1
5 1
6 1
7 1

Output 5: 11110111
0 1
1 1
2 1
3 1
4 0
5 1
6 1
7 1

Output 6: 11000111
0 1
1 1
2 0
3 0
4 0
5 1
6 1
7 1

Output 7: 11110111
0 1
1 1
2 1
3 1
4 0
5 1
6 1
7 1

Output 8: 11111110
0 1
1 1
2 1
3 1
4 1
5 1
6 1
7 0

Output bit columns (with bitsum as hash)
0 111111111 a
1 111111111 a
2 111101011 7
3 010111011 6
4 110110001 5
5 111011111 8
6 100011111 6
7 111111110 8

Input 0: 01010100
0 0
1 1
2 0
3 1
4 0
5 1
6 0
7 0

Input 1: 10000011
0 1
1 0
2 0
3 0
4 0
5 0
6 1
7 1

Input 2: 11110110
0 1
1 1
2 1
3 1
4 0
5 1
6 1
7 0

Input 3: 10010111
0 1
1 0
2 0
3 1
4 0
5 1
6 1
7 1

Input 4: 10101101
0 1
1 0
2 1
3 0
4 1
5 1
6 0
7 1

Input 5: 00111010
0 0
1 0
2 1
3 1
4 1
5 0
6 1
7 0

Input 6: 11101111
0 1
1 1
2 1
3 0
4 1
5 1
6 1
7 1

Input 7: 00100110
0 0
1 0
2 1
3 0
4 0
5 1
6 1
7 0

Input 8: 01001000
0 0
1 1
2 0
3 0
4 1
5 0
6 0
7 0

When matching output
x: not in operator
y: wrong position

Identity
0 011110100 5
1 101000101 4
2 001011110 5
3 101101000 4
4 000011101 4
5 101110110 6
6 011101110 6
7 010110100 4

Matching output
0 absent
1 absent
2 absent
3 absent
4 absent
5 absent
6 absent
7 absent

Left
none
Best: none

Right
none
Best: none

NOT
0 100001011 4
1 010111010 5
2 110100001 4
3 010010111 5
4 111100010 5
5 010001001 3
6 100010001 3
7 101001011 5

Matching output
0 absent
1 absent
2 absent
3 absent
4 absent
5 absent
6 absent
7 absent

Left
none
Best: none

Right
none
Best: none

Constant
0 000000000 a
1 111111111 a match 0 1

Matching output
0 C1
1 C1
2 absent
3 absent
4 absent
5 absent
6 absent
7 absent

Left
1 1
Best: C1 1: 2

Right
none
Best: none

AND
01 10 001000100 2
12 21 001000100 2
23 32 001001000 2
34 43 000001000 1
45 54 000010100 2
56 65 001100110 4
67 76 010100100 3
70 07 010110100 4

02 20 001010100 3
13 31 101000000 2
24 42 000011100 3
35 53 101100000 3
46 64 000001100 2
57 75 000110100 3
60 06 011100100 4
71 17 000000100 1

03 30 001100000 2
14 41 000000101 2
25 52 001010110 4
36 63 001101000 3
47 74 000010100 2
50 05 001110100 4
61 16 001000100 2
72 27 000010100 2

04 40 000010100 2
15 51 101000100 3
26 62 001001110 4
37 73 000100000 1

Matching output
0 absent
1 absent
2 absent
3 absent
4 absent
5 absent
6 absent
7 absent

Left
none
Best: none

Right
none
Best: none

OR
01 10 111110101 7
12 21 101011111 7
23 32 101111110 7
34 43 101111101 7
45 54 101111111 8
56 65 111111110 8 match 7
67 76 011111110 7
70 07 011110100 5

02 20 011111110 7
13 31 101101101 6
24 42 001011111 6
35 53 101111110 7
46 64 011111111 8
57 75 111110110 7
60 06 011111110 7
71 17 111110101 7

03 30 111111100 7
14 41 101011101 6
25 52 101111110 7
36 63 111101110 7
47 74 010111101 6
50 05 111110110 7
61 16 111101111 8
72 27 011111110 7

04 40 011111101 7
15 51 101110111 7
26 62 011111110 7
37 73 111111100 7

Matching output
0 absent
1 absent
2 absent
3 absent
4 absent
5 absent
6 absent
7 56 65

Left
none
Best: none

Right
56 45x
65 54x
Best: OR56: 1

XOR
01 10 110110001 5 match 4
12 21 100011011 5
23 32 100110110 5
34 43 101110101 6
45 54 101101011 6
56 65 110011000 4
67 76 001011010 4
70 07 001000000 1

02 20 010101010 4
13 31 000101101 4
24 42 001000011 3
35 53 000011110 4
46 64 011110011 6
57 75 111000010 4
60 06 000011010 3
71 17 111110001 6

03 30 110011100 5
14 41 101011000 4
25 52 100101000 3
36 63 110000110 4
47 74 010101001 4
50 05 110000010 3
61 16 110101011 6
72 27 011101010 5

04 40 011101001 5
15 51 000110011 4
26 62 010110000 3
37 73 111011100 6

Matching output
0 absent
1 absent
2 absent
3 absent
4 01 10
5 absent
6 absent
7 absent

Left
none
Best: none

Right
none
Best: none

AND-NOT
01 010110000 3
12 100000001 2
23 000010110 3
34 101100000 3
45 000001001 2
56 100010000 2
67 001001010 3
70 000000000 a

02 010100000 2
13 000000101 2
24 001000010 2
35 000001000 1
46 000010001 2
57 101000010 3
60 000001010 2
71 010110000 3

03 010010100 3
14 101000000 2
25 000001000 1
36 100000000 1
47 000001001 2
50 100000010 2
61 010101010 4
72 010100000 2

04 011100000 3
15 000000001 1
26 000010000 1
37 101001000 3
40 000001001 2
51 000110010 3
62 010100000 2
73 010010100 3

05 010000000 1
16 100000001 2
27 001001010 3
30 100001000 2
41 000011000 2
52 100100000 2
63 010000110 3
74 010100000 2

06 000010000 1
17 101000001 3
20 000001010 2
31 000101000 2
42 000000001 1
53 000010110 3
64 011100010 4
75 010000000 1

07 001000000 1
10 100000001 2
21 000011010 3
32 100100000 2
43 000010101 3
54 101100010 4
65 010001000 2
76 000010000 1

Matching output
0 absent
1 absent
2 absent
3 absent
4 absent
5 absent
6 absent
7 absent

Left
none
Best: none

Right
none
Best: none

OR-NOT
01 011111110 7
12 111100101 6
23 011011111 7
34 111101010 6
45 010011101 5
56 101110111 7
67 111101111 8
70 110111111 8

02 111110101 7
13 111010111 7
24 111111110 8 match 7
35 111101001 6
46 100011101 5
57 101111111 8
60 111101111 8
71 010111110 6

03 011110111 7
14 111100111 7
25 011011111 7
36 101111001 6
47 101011111 7
50 101111111 8
61 011111110 7
72 110110101 6

04 111110110 7
15 111001101 6
26 101011111 7
37 101101011 6
40 100011111 6 match 6
51 111111110 8 match 7
62 111101111 8
73 010110111 6

05 011111101 7
16 101010101 5
27 101011111 7
30 101101011 6
41 010111111 7
52 111110111 8
63 011111111 8
74 111110110 7

06 111110101 7
17 101001111 6
20 101011111 7
31 111111010 7
42 110111101 7
53 111110111 8
64 111101110 7
75 010111101 6

07 111111111 a match 0 1
10 101001111 6
21 011111110 7
32 111101001 6
43 010011111 6
54 111110110 7
65 011101111 7
76 110110101 6

Matching output
0 07
1 07
2 absent
3 absent
4 absent
5 absent
6 40
7 24 51

Left
07 10x
Best: OR-NOT07: 1

Right
24 13x
51 40 37x
Best: OR-NOT51 40: 2

XOR-NOT
01 001001110 4
12 011100100 4
23 011001001 4
34 010001010 3
45 010010100 3
56 001100111 5
67 110100101 5
70 110111111 8

02 101010101 5
13 111010010 5
24 110111100 6
35 111100001 5
46 100001100 3
57 000111101 5
60 111100101 6
71 000001110 3

03 001100011 4
14 010100111 5
25 011010111 6
36 001111001 5
47 101010110 5
50 001111101 6
61 001010100 3
72 100010101 4

04 100010110 4
15 111001100 5
26 101001111 6
37 000100011 3
40 100010110 4
51 111001100 5
62 101001111 6
73 000100011 3

05 001111101 6
16 001010100 3
27 100010101 4
30 001100011 4
41 010100111 5
52 011010111 6
63 001111001 5
74 101010110 5

06 111100101 6
17 000001110 3
20 101010101 5
31 111010010 5
42 110111100 6
53 111100001 5
64 100001100 3
75 000111101 5

07 110111111 8
10 001001110 4
21 011100100 4
32 011001001 4
43 010001010 3
54 010010100 3
65 001100111 5
76 110100101 5

Matching output
0 absent
1 absent
2 absent
3 absent
4 absent
5 absent
6 absent
7 absent

Left
none
Best: none

Right
none
Best: none

Selecting

Lefts
Identity none
NOT none
Constant C1 1: 2
AND none
OR none
XOR none
AND-NOT none
OR-NOT OR-NOT07: 1
XOR-NOT none

Rights
Identity none
NOT none
Constant none
AND none
OR OR56: 1
XOR none
AND-NOT none
OR-NOT OR-NOT51 40: 2
XOR-NOT none

Left longest: 2
Right longest: 2

Left winner: Identity no, NOT no, Constant yes, AND no, OR no, XOR no, AND-NOT no, OR-NOT no, XOR-NOT no
Right winner: Identity no, NOT no, Constant no, AND no, OR no, XOR no, AND-NOT no, OR-NOT yes, XOR-NOT no

Best left: C1 1: 2
Best right: OR-NOT51 40: 2

Truncated left: C1 1: 2
Truncated right: OR-NOT51 40: 2

Tentative from right
7 OR-NOT51
6 OR-NOT40
5 pending
4 pending
3 pending
2 pending
1 pending
0 pending

Tentative
0 C1
1 C1
2 pending
3 pending
4 pending
5 pending
6 OR-NOT40
7 OR-NOT51

Preferred from left
0 C1
1 C1
2 pending
3 pending
4 pending
5 pending
6 OR-NOT40
7 OR-NOT51

Preferred from right
7 OR-NOT51
6 OR-NOT40
5 ?37
4 ?26
3 ?15
2 ?04
1 C1
0 C1

Preferred
0 C1
1 C1
2 ?04 ?40
3 ?15 ?51
4 ?26 ?62
5 ?37 ?73
6 OR-NOT40
7 OR-NOT51

Matching
0 C1
1 C1
2 ?04 ?40 - Identity absent, NOT absent, Constant absent, AND absent, OR absent, XOR absent, AND-NOT absent, OR-NOT absent, XOR-NOT absent
3 ?15 ?51 - Identity absent, NOT absent, Constant absent, AND absent, OR absent, XOR absent, AND-NOT absent, OR-NOT absent, XOR-NOT absent
4 ?26 ?62 - Identity absent, NOT absent, Constant absent, AND absent, OR absent, XOR absent, AND-NOT absent, OR-NOT absent, XOR-NOT absent
5 ?37 ?73 - Identity absent, NOT absent, Constant absent, AND absent, OR absent, XOR absent, AND-NOT absent, OR-NOT absent, XOR-NOT absent
6 OR-NOT40
7 OR-NOT51

Perfect match
Identity no
NOT no
Constant no
AND no
OR no
XOR no
AND-NOT no
OR-NOT no
XOR-NOT no

Matched
0 C1
1 C1
2 none
3 none
4 none
5 none
6 OR-NOT40
7 OR-NOT51

Selected
0 C1
1 C1
2 default 1
3 default 1
4 default 1
5 default 1
6 OR-NOT40
7 OR-NOT51

Applying to 01110011
Input
0 0
1 1
2 1
3 1
4 0
5 0
6 1
7 1
Output
0 C1 = 1
1 C1 = 1
2 default 1 = 1
3 default 1 = 1
4 default 1 = 1
5 default 1 = 1
6 OR-NOT40 = OR(0,NOT(0)) = 1
7 OR-NOT51 = OR(0,NOT(1)) = 0

I will now return the answer in \boxed{}
The answer in \boxed is
\boxed{11111110}