We need to deduce the transformation by matching the example outputs.
I will put my final answer inside \boxed{}.

Output 0: 10111001
0 1
1 0
2 1
3 1
4 1
5 0
6 0
7 1

Output 1: 10110101
0 1
1 0
2 1
3 1
4 0
5 1
6 0
7 1

Output 2: 10111000
0 1
1 0
2 1
3 1
4 1
5 0
6 0
7 0

Output 3: 11111001
0 1
1 1
2 1
3 1
4 1
5 0
6 0
7 1

Output 4: 11111111
0 1
1 1
2 1
3 1
4 1
5 1
6 1
7 1

Output 5: 01111001
0 0
1 1
2 1
3 1
4 1
5 0
6 0
7 1

Output 6: 11010010
0 1
1 1
2 0
3 1
4 0
5 0
6 1
7 0

Output 7: 01101001
0 0
1 1
2 1
3 0
4 1
5 0
6 0
7 1

Output 8: 11101110
0 1
1 1
2 1
3 0
4 1
5 1
6 1
7 0

Output bit columns (with bitsum as hash)
0 111110101 7
1 000111111 6
2 111111011 8
3 111111100 7
4 101111011 7
5 010010001 3
6 000010101 3
7 110111010 6

Input 0: 10100110
0 1
1 0
2 1
3 0
4 0
5 1
6 1
7 0

Input 1: 01010100
0 0
1 1
2 0
3 1
4 0
5 1
6 0
7 0

Input 2: 10100010
0 1
1 0
2 1
3 0
4 0
5 0
6 1
7 0

Input 3: 10100111
0 1
1 0
2 1
3 0
4 0
5 1
6 1
7 1

Input 4: 01111111
0 0
1 1
2 1
3 1
4 1
5 1
6 1
7 1

Input 5: 11000101
0 1
1 1
2 0
3 0
4 0
5 1
6 0
7 1

Input 6: 01001010
0 0
1 1
2 0
3 0
4 1
5 0
6 1
7 0

Input 7: 10100101
0 1
1 0
2 1
3 0
4 0
5 1
6 0
7 1

Input 8: 10111000
0 1
1 0
2 1
3 1
4 1
5 0
6 0
7 0

When matching output
x: not in operator
y: wrong position

Identity
0 101101011 6
1 010011100 4
2 101110011 6
3 010010001 3 match 5
4 000010101 3 match 6
5 110111010 6 match 7
6 101110100 5
7 000111010 4

Matching output
0 absent
1 absent
2 absent
3 absent
4 absent
5 3
6 4
7 5

Left
none
Best: none

Right
5 4 3 2x
Best: I5 4 3: 3

NOT
0 010010100 3
1 101100011 5
2 010001100 3
3 101101110 6
4 111101010 6
5 001000101 3
6 010001011 4
7 111000101 5

Matching output
0 absent
1 absent
2 absent
3 absent
4 absent
5 absent
6 absent
7 absent

Left
none
Best: none

Right
none
Best: none

Constant
0 000000000 a
1 111111111 a

Matching output
0 absent
1 absent
2 absent
3 absent
4 absent
5 absent
6 absent
7 absent

Left
none
Best: none

Right
none
Best: none

AND
01 10 000001000 1
12 21 000010000 1
23 32 000010001 2
34 43 000010001 2
45 54 000010000 1
56 65 100110000 3
67 76 000110000 2
70 07 000101010 3

02 20 101100011 5
13 31 010010000 2
24 42 000010001 2
35 53 010010000 2
46 64 000010100 2
57 75 000111010 4
60 06 101100000 3
71 17 000011000 2

03 30 000000001 1
14 41 000010100 2
25 52 100110010 4
36 63 000010000 1
47 74 000010000 1
50 05 100101010 4
61 16 000010100 2
72 27 000110010 3

04 40 000000001 1
15 51 010011000 3
26 62 101110000 4
37 73 000010000 1

Matching output
0 absent
1 absent
2 absent
3 absent
4 absent
5 absent
6 absent
7 absent

Left
none
Best: none

Right
none
Best: none

OR
01 10 111111111 a
12 21 111111111 a
23 32 111110011 7
34 43 010010101 4
45 54 110111111 8
56 65 111111110 8
67 76 101111110 7
70 07 101111011 7 match 4

02 20 101111011 7 match 4
13 31 010011101 5
24 42 101110111 7
35 53 110111011 7
46 64 101110101 6
57 75 110111010 6 match 7
60 06 101111111 8
71 17 010111110 6

03 30 111111011 8 match 2
14 41 010011101 5
25 52 111111011 8 match 2
36 63 111110101 7 match 0
47 74 000111111 6 match 1
50 05 111111011 8 match 2
61 16 111111100 7 match 3
72 27 101111011 7 match 4

04 40 101111111 8
15 51 110111110 7
26 62 101110111 7
37 73 010111011 6

Matching output
0 36 63
1 47 74
2 03 30 25 52 50 05
3 61 16
4 70 07 02 20 72 27
5 absent
6 absent
7 57 75

Left
36 47 50 61 72 03y
63 74 05 16 27 30y
Best: OR36 47 50 61 72: 5

Right
57 46x
75 64x
Best: OR57: 1

XOR
01 10 111110111 8
12 21 111101111 8
23 32 111100010 5
34 43 010000100 2
45 54 110101111 7
56 65 011001110 5
67 76 101001110 5
70 07 101010001 4

02 20 000011000 2
13 31 000001101 3
24 42 101100110 5
35 53 100101011 5
46 64 101100001 4
57 75 110000000 2
60 06 000011111 5
71 17 010100110 4

03 30 111111010 7
14 41 010001001 3
25 52 011001001 4
36 63 111100101 6
47 74 000101111 5
50 05 011010001 4
61 16 111101000 5
72 27 101001001 4

04 40 101111110 7
15 51 100100110 4
26 62 000000111 3
37 73 010101011 5

Matching output
0 absent
1 absent
2 absent
3 absent
4 absent
5 absent
6 absent
7 absent

Left
none
Best: none

Right
none
Best: none

AND-NOT
01 101100011 5
12 010001100 3
23 101100010 4
34 010000000 1
45 000000101 2
56 010001010 3
67 101000100 3
70 000010000 1

02 000001000 1
13 000001100 2
24 101100010 4
35 000000001 1
46 000000001 1
57 110000000 2
60 000010100 2
71 000100010 2

03 101101010 5
14 010001000 2
25 001000001 2
36 010000001 2
47 000000101 2
50 010010000 2
61 101100000 3
72 000001000 1

04 101101010 5
15 000000100 1
26 000000011 2
37 010000001 2
40 000010100 2
51 100100010 3
62 000000100 1
73 000101010 3

05 001000001 2
16 010001000 2
27 101000001 3
30 010010000 2
41 000000001 1
52 010001000 2
63 101100100 4
74 000101010 3

06 000001011 3
17 010000100 2
20 000010000 1
31 000000001 1
42 000000100 1
53 100101010 4
64 101100000 3
75 000000000 a

07 101000001 3
10 010010100 3
21 101100011 5
32 010000000 1
43 000000100 1
54 110101010 5
65 001000100 2
76 000001010 2

Matching output
0 absent
1 absent
2 absent
3 absent
4 absent
5 absent
6 absent
7 absent

Left
none
Best: none

Right
none
Best: none

OR-NOT
01 101101011 6
12 010011100 4
23 101111111 8
34 111111011 8 match 2
45 001010101 4
56 110111011 7
67 111110101 7 match 0
70 010111110 6

02 111101111 8
13 111111110 8
24 111111011 8 match 2
35 011010101 5
46 010011111 6
57 111111111 a
60 111110100 6
71 101111011 7 match 4

03 101101111 7
14 111111110 8
25 101110111 7
36 010011011 5
47 111010101 6
50 110111110 7
61 101110111 7
72 010111110 6

04 111101011 7
15 011011101 6
26 111111011 8 match 2
37 111010101 6
40 010010101 4
51 111111011 8 match 2
62 111111100 7 match 3
73 101111110 7

05 101101111 7
16 010011111 6
27 111110111 8
30 010010101 4
41 101110111 7
52 110111110 7
63 101111110 7
74 111111010 7

06 111101011 7
17 111011101 7
20 111110111 8
31 111110011 7
42 010011101 5
53 111111110 8
64 111111110 8
75 001111111 7

07 111101111 8
10 010011100 4
21 101110011 6
32 010011101 5
43 101111111 8
54 111111010 7
65 101110101 6
76 010111011 6

Matching output
0 67
1 absent
2 34 24 26 51
3 62
4 71
5 absent
6 absent
7 absent

Left
67 70x
Best: OR-NOT67: 1

Right
none
Best: none

XOR-NOT
01 000001000 1
12 000010000 1
23 000011101 4
34 101111011 7 match 4
45 001010000 2
56 100110001 4
67 010110001 4
70 010101110 5

02 111100111 7
13 111110010 6
24 010011001 4
35 011010100 4
46 010011110 5
57 001111111 7
60 111100000 4
71 101011001 5

03 000000101 2
14 101110110 6
25 100110110 5
36 000011010 3
47 111010000 4
50 100101110 5
61 000010111 4
72 010110110 5

04 010000001 2
15 011011001 5
26 111111000 6
37 101010100 4
40 010000001 2
51 011011001 5
62 111111000 6
73 101010100 4

05 100101110 5
16 000010111 4
27 010110110 5
30 000000101 2
41 101110110 6
52 100110110 5
63 000011010 3
74 111010000 4

06 111100000 4
17 101011001 5
20 111100111 7
31 111110010 6
42 010011001 4
53 011010100 4
64 010011110 5
75 001111111 7

07 010101110 5
10 000001000 1
21 000010000 1
32 000011101 4
43 101111011 7 match 4
54 001010000 2
65 100110001 4
76 010110001 4

Matching output
0 absent
1 absent
2 absent
3 absent
4 34 43
5 absent
6 absent
7 absent

Left
none
Best: none

Right
none
Best: none

Selecting

Lefts
Identity none
NOT none
Constant none
AND none
OR OR36 47 50 61 72: 5
XOR none
AND-NOT none
OR-NOT OR-NOT67: 1
XOR-NOT none

Rights
Identity I5 4 3: 3
NOT none
Constant none
AND none
OR OR57: 1
XOR none
AND-NOT none
OR-NOT none
XOR-NOT none

Left longest: 5
Right longest: 3

Left winner: Identity no, NOT no, Constant no, AND no, OR yes, XOR no, AND-NOT no, OR-NOT no, XOR-NOT no
Right winner: Identity yes, NOT no, Constant no, AND no, OR no, XOR no, AND-NOT no, OR-NOT no, XOR-NOT no

Best left: OR36 47 50 61 72: 5
Best right: I5 4 3: 3

Truncated left: OR36 47 50 61 72: 5
Truncated right: I5 4 3: 3

Tentative from right
7 I5
6 I4
5 I3
4 pending
3 pending
2 pending
1 pending
0 pending

Tentative
0 OR36
1 OR47
2 OR50
3 OR61
4 OR72
5 I3
6 I4
7 I5

Preferred from left
0 OR36
1 OR47
2 OR50
3 OR61
4 OR72
5 I3
6 I4
7 I5

Preferred from right
7 I5
6 I4
5 I3
4 OR72
3 OR61
2 OR50
1 OR47
0 OR36

Preferred
0 OR36
1 OR47
2 OR50
3 OR61
4 OR72
5 I3
6 I4
7 I5

Matching
0 OR36
1 OR47
2 OR50
3 OR61
4 OR72
5 I3
6 I4
7 I5

Perfect match
Identity no
NOT no
Constant no
AND no
OR no
XOR no
AND-NOT no
OR-NOT no
XOR-NOT no

Matched
0 OR36
1 OR47
2 OR50
3 OR61
4 OR72
5 I3
6 I4
7 I5

Selected
0 OR36
1 OR47
2 OR50
3 OR61
4 OR72
5 I3
6 I4
7 I5

Applying to 11011100
Input
0 1
1 1
2 0
3 1
4 1
5 1
6 0
7 0
Output
0 OR36 = OR(1,0) = 1
1 OR47 = OR(1,0) = 1
2 OR50 = OR(1,1) = 1
3 OR61 = OR(0,1) = 1
4 OR72 = OR(0,0) = 0
5 I3 = 1
6 I4 = 1
7 I5 = 1

I will now return the answer in \boxed{}
The answer in \boxed is
\boxed{11110111}