We need to deduce the transformation by matching the example outputs.
I will put my final answer inside \boxed{}.

Output 0: 00010101
0 0
1 0
2 0
3 1
4 0
5 1
6 0
7 1

Output 1: 01010111
0 0
1 1
2 0
3 1
4 0
5 1
6 1
7 1

Output 2: 00111001
0 0
1 0
2 1
3 1
4 1
5 0
6 0
7 1

Output 3: 00000101
0 0
1 0
2 0
3 0
4 0
5 1
6 0
7 1

Output 4: 11010000
0 1
1 1
2 0
3 1
4 0
5 0
6 0
7 0

Output 5: 01100010
0 0
1 1
2 1
3 0
4 0
5 0
6 1
7 0

Output 6: 00011101
0 0
1 0
2 0
3 1
4 1
5 1
6 0
7 1

Output 7: 11010011
0 1
1 1
2 0
3 1
4 0
5 0
6 1
7 1

Output 8: 01100101
0 0
1 1
2 1
3 0
4 0
5 1
6 0
7 1

Output bit columns (with bitsum as hash)
0 000010010 2
1 010011011 5
2 001001001 3
3 111010110 6
4 001000100 2
5 110100101 5
6 010001010 3
7 111100111 7

Input 0: 10101000
0 1
1 0
2 1
3 0
4 1
5 0
6 0
7 0

Input 1: 10111010
0 1
1 0
2 1
3 1
4 1
5 0
6 1
7 0

Input 2: 11001001
0 1
1 1
2 0
3 0
4 1
5 0
6 0
7 1

Input 3: 00101000
0 0
1 0
2 1
3 0
4 1
5 0
6 0
7 0

Input 4: 10000110
0 1
1 0
2 0
3 0
4 0
5 1
6 1
7 0

Input 5: 00010011
0 0
1 0
2 0
3 1
4 0
5 0
6 1
7 1

Input 6: 11101000
0 1
1 1
2 1
3 0
4 1
5 0
6 0
7 0

Input 7: 10011110
0 1
1 0
2 0
3 1
4 1
5 1
6 1
7 0

Input 8: 00101011
0 0
1 0
2 1
3 0
4 1
5 0
6 1
7 1

When matching output
x: not in operator
y: wrong position

Identity
0 111010110 6 match 3
1 001000100 2 match 4
2 110100101 5 match 5
3 010001010 3 match 6
4 111100111 7 match 7
5 000010010 2 match 0
6 010011011 5 match 1
7 001001001 3 match 2

Matching output
0 5
1 6
2 7
3 0
4 1
5 2
6 3
7 4

Left
5 6 7 0 1 2 3 4
Best: I5 6 7 0 1 2 3 4: 8

Right
4 3 2 1 0 7 6 5
Best: I4 3 2 1 0 7 6 5: 8

NOT
0 000101001 3
1 110111011 7
2 001011010 4
3 101110101 6
4 000011000 2
5 111101101 7
6 101100100 4
7 110110110 6

Matching output
0 absent
1 absent
2 absent
3 absent
4 absent
5 absent
6 absent
7 absent

Left
none
Best: none

Right
none
Best: none

Constant
0 000000000 a
1 111111111 a

Matching output
0 absent
1 absent
2 absent
3 absent
4 absent
5 absent
6 absent
7 absent

Left
none
Best: none

Right
none
Best: none

AND
01 10 001000100 2 match 4
12 21 000000100 1
23 32 010000000 1
34 43 010000010 2
45 54 000000010 1
56 65 000010010 2 match 0
67 76 000001001 2
70 07 001000000 1

02 20 110000100 3
13 31 000000000 a
24 42 110100101 5 match 5
35 53 000000010 1
46 64 010000011 3
57 75 000000000 a
60 06 010010010 3
71 17 001000000 1

03 30 010000010 2
14 41 001000100 2 match 4
25 52 000000000 a
36 63 010001010 3 match 6
47 74 001000001 2
50 05 000010010 2 match 0
61 16 000000000 a
72 27 000000001 1

04 40 111000110 5
15 51 000000000 a
26 62 010000001 2
37 73 000001000 1

Matching output
0 56 65 50 05
1 absent
2 absent
3 absent
4 01 10 14 41
5 24 42
6 36 63
7 absent

Left
56 67x
65 76x
50 61x
05 16x
Best: AND56: 1

Right
none
Best: none

OR
01 10 111010110 6 match 3
12 21 111100101 6
23 32 110101111 7
34 43 111101111 8
45 54 111110111 8
56 65 010011011 5 match 1
67 76 011011011 6
70 07 111011111 8

02 20 111110111 8
13 31 011001110 5
24 42 111100111 7 match 7
35 53 010011010 4
46 64 111111111 a
57 75 001011011 5
60 06 111011111 8
71 17 001001101 4

03 30 111011110 7
14 41 111100111 7 match 7
25 52 110110111 7
36 63 010011011 5 match 1
47 74 111101111 8
50 05 111010110 6 match 3
61 16 011011111 7
72 27 111101101 7

04 40 111110111 8
15 51 001010110 4
26 62 110111111 8
37 73 011001011 5

Matching output
0 absent
1 56 65 36 63
2 absent
3 01 10 50 05
4 absent
5 absent
6 absent
7 24 42 14 41

Left
none
Best: none

Right
24 13x
42 31x
14 03x
41 30x
Best: OR24: 1

XOR
01 10 110010010 4
12 21 111100001 5
23 32 100101111 6
34 43 101101101 6
45 54 111110101 7
56 65 010001001 3
67 76 011010010 4
70 07 110011111 7

02 20 001110011 5
13 31 011001110 5
24 42 001000010 2
35 53 010011000 3
46 64 101111100 6
57 75 001011011 5
60 06 101001101 5
71 17 000001101 3

03 30 101011100 5
14 41 110100011 5
25 52 110110111 7
36 63 000010001 2
47 74 110101110 6
50 05 111000100 4
61 16 011011111 7
72 27 111101100 6

04 40 000110001 3
15 51 001010110 4
26 62 100111110 6
37 73 011000011 4

Matching output
0 absent
1 absent
2 absent
3 absent
4 absent
5 absent
6 absent
7 absent

Left
none
Best: none

Right
none
Best: none

AND-NOT
01 110010010 4
12 001000000 1
23 100100101 4
34 000001000 1
45 111100101 6
56 000000000 a
67 010010010 3
70 000001001 2

02 001010010 3
13 001000100 2 match 4
24 000000000 a
35 010001000 2
46 101100100 4
57 000010010 2 match 0
60 000001001 2
71 000001001 2

03 101010100 4
14 000000000 a
25 110100101 5 match 5
36 000000000 a
47 110100110 5
50 000000000 a
61 010011011 5 match 1
72 001001000 2

04 000010000 1
15 001000100 2 match 4
26 100100100 3
37 010000010 2
40 000100001 2
51 000010010 2 match 0
62 000011010 3
73 001000001 2

05 111000100 4
16 001000100 2 match 4
27 110100100 4
30 000001000 1
41 110100011 5
52 000010010 2 match 0
63 000010001 2
74 000001000 1

06 101000100 3
17 000000100 1
20 000100001 2
31 010001010 3 match 6
42 001000010 2
53 000010000 1
64 000011000 2
75 001001001 3 match 2

07 110010110 5
10 000000000 a
21 110100001 4
32 000001010 2
43 101100101 5
54 000010000 1
65 010001001 3
76 001000000 1

Matching output
0 57 51 52
1 61
2 75
3 absent
4 13 15 16
5 25
6 31
7 absent

Left
57 60x
51 62x
52 63x
Best: AND-NOT57: 1

Right
none
Best: none

OR-NOT
01 111111111 a
12 001011110 5
23 111110101 7
34 010011010 4
45 111101111 8
56 101110110 6
67 110111111 8
70 001101001 4

02 111011110 7
13 101110101 6
24 110111101 7
35 111101111 8
46 111100111 7 match 7
57 110110110 6
60 010111011 6
71 111111011 8

03 111110111 8
14 001011100 4
25 111101101 7
36 111101110 7
47 111110111 8
50 000111011 5
61 110111011 7
72 001011011 5

04 111011110 7
15 111101101 7
26 111100101 6
37 110111110 7
40 111101111 8
51 110111011 7
62 011011011 6
73 101111101 7

05 111111111 a
16 101100100 4
27 110110111 7
30 010101011 5
41 111111111 a
52 001011010 4
63 111111111 a
74 001011001 4

06 111110110 7
17 111110110 7
20 110101101 6
31 110111011 7
42 111111111 a
53 101110111 7
64 010011011 5 match 1
75 111101101 7

07 111110110 7
10 001101101 5
21 110111111 8
32 011011010 5
43 111110111 8
54 000011010 3
65 111111111 a
76 101101101 6

Matching output
0 absent
1 64
2 absent
3 absent
4 absent
5 absent
6 absent
7 46

Left
none
Best: none

Right
46 35x
Best: OR-NOT46: 1

XOR-NOT
01 001101101 5
12 000011110 4
23 011010000 3
34 010010010 3
45 000001010 2
56 101110110 6
67 100101101 5
70 001100000 2

02 110001100 4
13 100110001 4
24 110111101 7
35 101100111 6
46 010000011 3
57 110100100 4
60 010110010 4
71 111110010 6

03 010100011 4
14 001011100 4
25 001001000 2
36 111101110 7
47 001010001 3
50 000111011 5
61 100100000 2
72 000010011 3

04 111001110 6
15 110101001 5
26 011000001 3
37 100111100 5
40 111001110 6
51 110101001 5
62 011000001 3
73 100111100 5

05 000111011 5
16 100100000 2
27 000010011 3
30 010100011 4
41 001011100 4
52 001001000 2
63 111101110 7
74 001010001 3

06 010110010 4
17 111110010 6
20 110001100 4
31 100110001 4
42 110111101 7
53 101100111 6
64 010000011 3
75 110100100 4

07 001100000 2
10 001101101 5
21 000011110 4
32 011010000 3
43 010010010 3
54 000001010 2
65 101110110 6
76 100101101 5

Matching output
0 absent
1 absent
2 absent
3 absent
4 absent
5 absent
6 absent
7 absent

Left
none
Best: none

Right
none
Best: none

Selecting

Lefts
Identity I5 6 7 0 1 2 3 4: 8
NOT none
Constant none
AND AND56: 1
OR none
XOR none
AND-NOT AND-NOT57: 1
OR-NOT none
XOR-NOT none

Rights
Identity I4 3 2 1 0 7 6 5: 8
NOT none
Constant none
AND none
OR OR24: 1
XOR none
AND-NOT none
OR-NOT OR-NOT46: 1
XOR-NOT none

Left longest: 8
Right longest: 8

Left winner: Identity yes, NOT no, Constant no, AND no, OR no, XOR no, AND-NOT no, OR-NOT no, XOR-NOT no
Right winner: Identity yes, NOT no, Constant no, AND no, OR no, XOR no, AND-NOT no, OR-NOT no, XOR-NOT no

Best left: I5 6 7 0 1 2 3 4: 8
Best right: I4 3 2 1 0 7 6 5: 8

Truncated left: I5 6 7 0 1 2 3 4: 8
Truncated right: none truncated

Tentative from right
7 pending
6 pending
5 pending
4 pending
3 pending
2 pending
1 pending
0 pending

Tentative
0 I5
1 I6
2 I7
3 I0
4 I1
5 I2
6 I3
7 I4

Preferred from left
0 I5
1 I6
2 I7
3 I0
4 I1
5 I2
6 I3
7 I4

Preferred from right
7 I4
6 I3
5 I2
4 I1
3 I0
2 I7
1 I6
0 I5

Preferred
0 I5
1 I6
2 I7
3 I0
4 I1
5 I2
6 I3
7 I4

Matching
0 I5
1 I6
2 I7
3 I0
4 I1
5 I2
6 I3
7 I4

Perfect match
Identity no
NOT no
Constant no
AND no
OR no
XOR no
AND-NOT no
OR-NOT no
XOR-NOT no

Matched
0 I5
1 I6
2 I7
3 I0
4 I1
5 I2
6 I3
7 I4

Selected
0 I5
1 I6
2 I7
3 I0
4 I1
5 I2
6 I3
7 I4

Applying to 10010000
Input
0 1
1 0
2 0
3 1
4 0
5 0
6 0
7 0
Output
0 I5 = 0
1 I6 = 0
2 I7 = 0
3 I0 = 1
4 I1 = 0
5 I2 = 0
6 I3 = 1
7 I4 = 0

I will now return the answer in \boxed{}
The answer in \boxed is
\boxed{00010010}