We need to deduce the transformation by matching the example outputs.
I will put my final answer inside \boxed{}.

Output 0: 00010100
0 0
1 0
2 0
3 1
4 0
5 1
6 0
7 0

Output 1: 00110011
0 0
1 0
2 1
3 1
4 0
5 0
6 1
7 1

Output 2: 10111111
0 1
1 0
2 1
3 1
4 1
5 1
6 1
7 1

Output 3: 01111100
0 0
1 1
2 1
3 1
4 1
5 1
6 0
7 0

Output 4: 00001100
0 0
1 0
2 0
3 0
4 1
5 1
6 0
7 0

Output 5: 01000100
0 0
1 1
2 0
3 0
4 0
5 1
6 0
7 0

Output 6: 01110111
0 0
1 1
2 1
3 1
4 0
5 1
6 1
7 1

Output 7: 00101010
0 0
1 0
2 1
3 0
4 1
5 0
6 1
7 0

Output 8: 01100101
0 0
1 1
2 1
3 0
4 0
5 1
6 0
7 1

Output bit columns (with bitsum as hash)
0 001000000 1
1 000101101 4
2 011100111 6
3 111100100 5
4 001110010 4
5 101111101 7
6 011000110 4
7 011000101 4

Input 0: 00101000
0 0
1 0
2 1
3 0
4 1
5 0
6 0
7 0

Input 1: 01100110
0 0
1 1
2 1
3 0
4 0
5 1
6 1
7 0

Input 2: 01111111
0 0
1 1
2 1
3 1
4 1
5 1
6 1
7 1

Input 3: 11111001
0 1
1 1
2 1
3 1
4 1
5 0
6 0
7 1

Input 4: 00011001
0 0
1 0
2 0
3 1
4 1
5 0
6 0
7 1

Input 5: 10001001
0 1
1 0
2 0
3 0
4 1
5 0
6 0
7 1

Input 6: 11101110
0 1
1 1
2 1
3 0
4 1
5 1
6 1
7 0

Input 7: 01010100
0 0
1 1
2 0
3 1
4 0
5 1
6 0
7 0

Input 8: 11001010
0 1
1 1
2 0
3 0
4 1
5 0
6 1
7 0

When matching output
x: not in operator
y: wrong position

Identity
0 000101101 4 match 1
1 011100111 6 match 2
2 111100100 5 match 3
3 001110010 4 match 4
4 101111101 7 match 5
5 011000110 4 match 6
6 011000101 4 match 7
7 001111000 4

Matching output
0 absent
1 0
2 1
3 2
4 3
5 4
6 5
7 6

Left
none
Best: none

Right
6 5 4 3 2 1 0 7x
Best: I6 5 4 3 2 1 0: 7

NOT
0 111010010 5
1 100011000 3
2 000011011 4
3 110001101 5
4 010000010 2
5 100111001 5
6 100111010 5
7 110000111 5

Matching output
0 absent
1 absent
2 absent
3 absent
4 absent
5 absent
6 absent
7 absent

Left
none
Best: none

Right
none
Best: none

Constant
0 000000000 a
1 111111111 a

Matching output
0 absent
1 absent
2 absent
3 absent
4 absent
5 absent
6 absent
7 absent

Left
none
Best: none

Right
none
Best: none

AND
01 10 000100101 3
12 21 011100100 4
23 32 001100000 2
34 43 001110000 3
45 54 001000100 2
56 65 011000100 3
67 76 001000000 1 match 0
70 07 000101000 2

02 20 000100100 2
13 31 001100010 3
24 42 101100100 4
35 53 001000010 2
46 64 001000101 3
57 75 001000000 1 match 0
60 06 000000101 2
71 17 001100000 2

03 30 000100000 1
14 41 001100101 4
25 52 011000100 3
36 63 001000000 1 match 0
47 74 001111000 4
50 05 000000100 1
61 16 011000101 4 match 7
72 27 001100000 2

04 40 000101101 4 match 1
15 51 011000110 4 match 6
26 62 011000100 3
37 73 001110000 3

Matching output
0 67 76 57 75 36 63
1 04 40
2 absent
3 absent
4 absent
5 absent
6 15 51
7 61 16

Left
67 70x
76 07x
57 60x
75 06x
36 47x
63 74x
Best: AND67: 1

Right
61 50x
16 05x
Best: AND61: 1

OR
01 10 011101111 7
12 21 111100111 7
23 32 111110110 7
34 43 101111111 8
45 54 111111111 a
56 65 011000111 5
67 76 011111101 7
70 07 001111101 6

02 20 111101101 7
13 31 011110111 7
24 42 111111101 8
35 53 011110110 6
46 64 111111101 8
57 75 011111110 7
60 06 011101101 6
71 17 011111111 8

03 30 001111111 7
14 41 111111111 a
25 52 111100110 6
36 63 011110111 7
47 74 101111101 7 match 5
50 05 011101111 7
61 16 011100111 6 match 2
72 27 111111100 7

04 40 101111101 7 match 5
15 51 011100111 6 match 2
26 62 111100101 6
37 73 001111010 5

Matching output
0 absent
1 absent
2 61 16 15 51
3 absent
4 absent
5 47 74 04 40
6 absent
7 absent

Left
none
Best: none

Right
none
Best: none

XOR
01 10 011001010 4
12 21 100000011 3
23 32 110010110 5
34 43 100001111 5
45 54 110111011 7
56 65 000000011 2
67 76 010111101 6
70 07 001010101 4

02 20 111001001 5
13 31 010010101 4
24 42 010011001 4
35 53 010110100 4
46 64 110111000 5
57 75 010111110 6
60 06 011101000 4
71 17 010011111 6

03 30 001011111 6
14 41 110011010 5
25 52 100100010 3
36 63 010110111 6
47 74 100000101 3
50 05 011101011 6
61 16 000100010 2
72 27 110011100 5

04 40 101010000 3
15 51 000100001 2
26 62 100100001 3
37 73 000001010 2

Matching output
0 absent
1 absent
2 absent
3 absent
4 absent
5 absent
6 absent
7 absent

Left
none
Best: none

Right
none
Best: none

AND-NOT
01 000001000 1
12 000000011 2
23 110000100 3
34 000000010 1
45 100111001 5
56 000000010 1
67 010000101 3
70 001010000 2

02 000001001 2
13 010000101 3
24 010000000 1
35 000110000 2
46 100111000 4
57 010000110 3
60 011000000 2
71 000011000 2

03 000001101 3
14 010000010 2
25 100100000 2
36 000110010 3
47 100000101 3
50 011000010 3
61 000000000 a
72 000011000 2

04 000000000 a
15 000100001 2
26 100100000 2
37 000000010 1
40 101010000 3
51 000000000 a
62 000000001 1
73 000001000 1

05 000101001 3
16 000100010 2
27 110000100 3
30 001010010 3
41 100011000 3
52 000000010 1
63 010000101 3
74 000000000 a

06 000101000 2
17 010000111 4
20 111000000 3
31 000010000 1
42 000011001 3
53 010000100 2
64 010000000 1
75 000111000 3

07 000000101 2
10 011000010 3
21 100000000 1
32 000010010 2
43 100001101 4
54 010000010 2
65 000000001 1
76 000111000 3

Matching output
0 absent
1 absent
2 absent
3 absent
4 absent
5 absent
6 absent
7 absent

Left
none
Best: none

Right
none
Best: none

OR-NOT
01 100111101 6
12 011111111 8
23 111101101 7
34 011110010 5
45 101111101 7 match 5
56 111111110 8
67 111000111 6
70 111111010 7

02 000111111 6
13 111101111 8
24 111100110 6
35 101111011 7
46 101111111 8
57 111000111 6
60 111010111 7
71 101111000 5

03 110101101 6
14 011100111 6 match 2
25 111111101 8
36 101111010 6
47 111111111 a
50 111010110 6
61 111011101 7
72 001111011 6

04 010101111 6
15 111111111 a
26 111111110 8
37 111110111 8
40 111111111 a
51 111011110 7
62 011011111 7
73 111111101 8

05 100111101 6
16 111111111 a
27 111100111 7
30 111110010 6
41 101111101 7 match 5
52 011011111 7
63 111001101 6
74 011111010 6

06 100111111 7
17 111100111 7
20 111110110 7
31 101111010 6
42 101111111 8
53 111001111 7
64 011000111 5
75 101111001 6

07 110101111 7
10 111110111 8
21 111111100 7
32 001111011 6
43 111111101 8
54 011000110 4 match 6
65 111111101 8
76 101111010 6

Matching output
0 absent
1 absent
2 14
3 absent
4 absent
5 45 41
6 54
7 absent

Left
none
Best: none

Right
none
Best: none

XOR-NOT
01 100110101 5
12 011111100 6
23 001101001 4
34 011110000 4
45 001000100 2
56 111111100 7
67 101000010 3
70 110101010 5

02 000110110 4
13 101101010 5
24 101100110 5
35 101001011 5
46 001000111 4
57 101000001 3
60 100010111 5
71 101100000 3

03 110100000 3
14 001100101 4
25 011011101 6
36 101001000 3
47 011111010 6
50 100010100 3
61 111011101 7
72 001100011 4

04 010101111 6
15 111011110 7
26 011011110 6
37 111110101 7
40 010101111 6
51 111011110 7
62 011011110 6
73 111110101 7

05 100010100 3
16 111011101 7
27 001100011 4
30 110100000 3
41 001100101 4
52 011011101 6
63 101001000 3
74 011111010 6

06 100010111 5
17 101100000 3
20 000110110 4
31 101101010 5
42 101100110 5
53 101001011 5
64 001000111 4
75 101000001 3

07 110101010 5
10 100110101 5
21 011111100 6
32 001101001 4
43 011110000 4
54 001000100 2
65 111111100 7
76 101000010 3

Matching output
0 absent
1 absent
2 absent
3 absent
4 absent
5 absent
6 absent
7 absent

Left
none
Best: none

Right
none
Best: none

Selecting

Lefts
Identity none
NOT none
Constant none
AND AND67: 1
OR none
XOR none
AND-NOT none
OR-NOT none
XOR-NOT none

Rights
Identity I6 5 4 3 2 1 0: 7
NOT none
Constant none
AND AND61: 1
OR none
XOR none
AND-NOT none
OR-NOT none
XOR-NOT none

Left longest: 1
Right longest: 7

Right winner: Identity yes, NOT no, Constant no, AND no, OR no, XOR no, AND-NOT no, OR-NOT no, XOR-NOT no
Left winner: Identity no, NOT no, Constant no, AND yes, OR no, XOR no, AND-NOT no, OR-NOT no, XOR-NOT no

Best right: I6 5 4 3 2 1 0: 7
Best left: AND67: 1

Truncated right: I6 5 4 3 2 1 0: 7
Truncated left: AND67: 1

Tentative from right
7 I6
6 I5
5 I4
4 I3
3 I2
2 I1
1 I0
0 pending

Tentative
0 AND67
1 I0
2 I1
3 I2
4 I3
5 I4
6 I5
7 I6

Preferred from right
7 I6
6 I5
5 I4
4 I3
3 I2
2 I1
1 I0
0 AND67

Preferred from left
0 AND67
1 I0
2 I1
3 I2
4 I3
5 I4
6 I5
7 I6

Preferred
0 AND67
1 I0
2 I1
3 I2
4 I3
5 I4
6 I5
7 I6

Matching
0 AND67
1 I0
2 I1
3 I2
4 I3
5 I4
6 I5
7 I6

Perfect match
Identity no
NOT no
Constant no
AND no
OR no
XOR no
AND-NOT no
OR-NOT no
XOR-NOT no

Matched
0 AND67
1 I0
2 I1
3 I2
4 I3
5 I4
6 I5
7 I6

Selected
0 AND67
1 I0
2 I1
3 I2
4 I3
5 I4
6 I5
7 I6

Applying to 01000111
Input
0 0
1 1
2 0
3 0
4 0
5 1
6 1
7 1
Output
0 AND67 = AND(1,1) = 1
1 I0 = 0
2 I1 = 1
3 I2 = 0
4 I3 = 0
5 I4 = 0
6 I5 = 1
7 I6 = 1

I will now return the answer in \boxed{}
The answer in \boxed is
\boxed{10100011}