We need to deduce the transformation by matching the example outputs.
I will put my final answer inside \boxed{}.

Output 0: 01110011
0 0
1 1
2 1
3 1
4 0
5 0
6 1
7 1

Output 1: 00111110
0 0
1 0
2 1
3 1
4 1
5 1
6 1
7 0

Output 2: 00101110
0 0
1 0
2 1
3 0
4 1
5 1
6 1
7 0

Output 3: 01111000
0 0
1 1
2 1
3 1
4 1
5 0
6 0
7 0

Output 4: 11000111
0 1
1 1
2 0
3 0
4 0
5 1
6 1
7 1

Output 5: 00110111
0 0
1 0
2 1
3 1
4 0
5 1
6 1
7 1

Output 6: 11010111
0 1
1 1
2 0
3 1
4 0
5 1
6 1
7 1

Output bit columns (with bitsum as hash)
0 0000101 2
1 1001101 4
2 1111010 5
3 1101011 5
4 0111000 3
5 0110111 5
6 1110111 6
7 1000111 4

Input 0: 10000001
0 1
1 0
2 0
3 0
4 0
5 0
6 0
7 1

Input 1: 10111000
0 1
1 0
2 1
3 1
4 1
5 0
6 0
7 0

Input 2: 00101011
0 0
1 0
2 1
3 0
4 1
5 0
6 1
7 1

Input 3: 11100011
0 1
1 1
2 1
3 0
4 0
5 0
6 1
7 1

Input 4: 00010111
0 0
1 0
2 0
3 1
4 0
5 1
6 1
7 1

Input 5: 00001001
0 0
1 0
2 0
3 0
4 1
5 0
6 0
7 1

Input 6: 00010101
0 0
1 0
2 0
3 1
4 0
5 1
6 0
7 1

When matching output
x: not in operator
y: wrong position

Identity
0 1101000 3
1 0001000 1
2 0111000 3 match 4
3 0100101 3
4 0110010 3
5 0000101 2 match 0
6 0011100 3
7 1011111 6

Matching output
0 5
1 absent
2 absent
3 absent
4 2
5 absent
6 absent
7 absent

Left
5 6x
Best: I5: 1

Right
none
Best: none

NOT
0 0010111 4
1 1110111 6 match 6
2 1000111 4 match 7
3 1011010 4
4 1001101 4 match 1
5 1111010 5 match 2
6 1100011 4
7 0100000 1

Matching output
0 absent
1 4
2 5
3 absent
4 absent
5 absent
6 1
7 2

Left
none
Best: none

Right
2 1 0x
Best: NOT2 1: 2

Constant
0 0000000 a
1 1111111 a

Matching output
0 absent
1 absent
2 absent
3 absent
4 absent
5 absent
6 absent
7 absent

Left
none
Best: none

Right
none
Best: none

AND
01 10 0001000 1
12 21 0001000 1
23 32 0100000 1
34 43 0100000 1
45 54 0000000 a
56 65 0000100 1
67 76 0011100 3
70 07 1001000 2

02 20 0101000 2
13 31 0000000 a
24 42 0110000 2
35 53 0000101 2 match 0
46 64 0010000 1
57 75 0000101 2 match 0
60 06 0001000 1
71 17 0001000 1

03 30 0100000 1
14 41 0000000 a
25 52 0000000 a
36 63 0000100 1
47 74 0010010 2
50 05 0000000 a
61 16 0001000 1
72 27 0011000 2

04 40 0100000 1
15 51 0000000 a
26 62 0011000 2
37 73 0000101 2 match 0

Matching output
0 35 53 57 75 37 73
1 absent
2 absent
3 absent
4 absent
5 absent
6 absent
7 absent

Left
35 46x
53 64x
57 60x
75 06x
37 40x
73 04x
Best: AND35: 1

Right
none
Best: none

OR
01 10 1101000 3
12 21 0111000 3 match 4
23 32 0111101 5
34 43 0110111 5 match 5
45 54 0110111 5 match 5
56 65 0011101 4
67 76 1011111 6
70 07 1111111 a

02 20 1111000 4
13 31 0101101 4
24 42 0111010 4
35 53 0100101 3
46 64 0111110 5
57 75 1011111 6
60 06 1111100 5
71 17 1011111 6

03 30 1101101 5
14 41 0111010 4
25 52 0111101 5
36 63 0111101 5
47 74 1111111 a
50 05 1101101 5
61 16 0011100 3
72 27 1111111 a

04 40 1111010 5 match 2
15 51 0001101 3
26 62 0111100 4
37 73 1111111 a

Matching output
0 absent
1 absent
2 04 40
3 absent
4 12 21
5 34 43 45 54
6 absent
7 absent

Left
none
Best: none

Right
none
Best: none

XOR
01 10 1100000 2
12 21 0110000 2
23 32 0011101 4
34 43 0010111 4
45 54 0110111 5 match 5
56 65 0011001 3
67 76 1000011 3
70 07 0110111 5 match 5

02 20 1010000 2
13 31 0101101 4
24 42 0001010 2
35 53 0100000 1
46 64 0101110 4
57 75 1011010 4
60 06 1110100 4
71 17 1010111 5

03 30 1001101 4 match 1
14 41 0111010 4
25 52 0111101 5
36 63 0111001 4
47 74 1101101 5
50 05 1101101 5
61 16 0010100 2
72 27 1100111 5

04 40 1011010 4
15 51 0001101 3
26 62 0100100 2
37 73 1111010 5 match 2

Matching output
0 absent
1 03 30
2 37 73
3 absent
4 absent
5 45 54 70 07
6 absent
7 absent

Left
none
Best: none

Right
none
Best: none

AND-NOT
01 1100000 2
12 0000000 a
23 0011000 2
34 0000101 2 match 0
45 0110010 3
56 0000001 1
67 0000000 a
70 0010111 4

02 1000000 1
13 0001000 1
24 0001000 1
35 0100000 1
46 0100010 2
57 0000000 a
60 0010100 2
71 1010111 5

03 1001000 2
14 0001000 1
25 0111000 3 match 4
36 0100001 2
47 0100000 1
50 0000101 2 match 0
61 0010100 2
72 1000111 4 match 7

04 1001000 2
15 0001000 1
26 0100000 1
37 0100000 1
40 0010010 2
51 0000101 2 match 0
62 0000100 1
73 1011010 4

05 1101000 3
16 0000000 a
27 0100000 1
30 0000101 2 match 0
41 0110010 3
52 0000101 2 match 0
63 0011000 2
74 1001101 4 match 1

06 1100000 2
17 0000000 a
20 0010000 1
31 0100101 3
42 0000010 1
53 0000000 a
64 0001100 2
75 1011010 4

07 0100000 1
10 0000000 a
21 0110000 2
32 0000101 2 match 0
43 0010010 2
54 0000101 2 match 0
65 0011000 2
76 1000011 3

Matching output
0 34 50 51 30 52 32 54
1 74
2 absent
3 absent
4 25
5 absent
6 absent
7 72

Left
34 45x
50 61x
51 62x
30 41x
52 63x
32 43x
54 65x
Best: AND-NOT34: 1

Right
72 61x
Best: AND-NOT72: 1

OR-NOT
01 1111111 a
12 1001111 5
23 1111010 5 match 2
34 1101101 5
45 1111010 5 match 2
56 1100111 5
67 0111100 4
70 1011111 6

02 1101111 6
13 1011010 4
24 1111101 6
35 1111111 a
46 1110011 5
57 0100101 3
60 0011111 5
71 1111111 a

03 1111010 5 match 2
14 1001101 4 match 1
25 1111010 5 match 2
36 1100111 5
47 0110010 3
50 0010111 4
61 1111111 a
72 1011111 6

04 1101101 5
15 1111010 5 match 2
26 1111011 6
37 0100101 3
40 0110111 5 match 5
51 1110111 6 match 6
62 1011111 6
73 1011111 6

05 1111010 5 match 2
16 1101011 5 match 3
27 0111000 3 match 4
30 0110111 5 match 5
41 1110111 6 match 6
52 1000111 4 match 7
63 1011110 5
74 1011111 6

06 1101011 5 match 3
17 0101000 2
20 0111111 6
31 1110111 6 match 6
42 1110111 6 match 6
53 1011111 6
64 1011101 5
75 1111111 a

07 1101000 3
10 0011111 5
21 1111111 a
32 1100111 5
43 1111010 5 match 2
54 1001101 4 match 1
65 1111110 6
76 1111111 a

Matching output
0 absent
1 14 54
2 23 45 03 25 15 05 43
3 16 06
4 27
5 40 30
6 51 41 31 42
7 52

Left
none
Best: none

Right
52 41 30 27 16 05 74x
Best: OR-NOT52 41 30 27 16 05: 6

XOR-NOT
01 0011111 5
12 1001111 5
23 1100010 3
34 1101000 3
45 1001000 2
56 1100110 4
67 0111100 4
70 1001000 2

02 0101111 5
13 1010010 3
24 1110101 5
35 1011111 6
46 1010001 3
57 0100101 3
60 0001011 3
71 0101000 2

03 0110010 3
14 1000101 3
25 1000010 2
36 1000110 3
47 0010010 2
50 0010010 2
61 1101011 5 match 3
72 0011000 2

04 0100101 3
15 1110010 4
26 1011011 5
37 0000101 2 match 0
40 0100101 3
51 1110010 4
62 1011011 5
73 0000101 2 match 0

05 0010010 2
16 1101011 5 match 3
27 0011000 2
30 0110010 3
41 1000101 3
52 1000010 2
63 1000110 3
74 0010010 2

06 0001011 3
17 0101000 2
20 0101111 5
31 1010010 3
42 1110101 5
53 1011111 6
64 1010001 3
75 0100101 3

07 1001000 2
10 0011111 5
21 1001111 5
32 1100010 3
43 1101000 3
54 1001000 2
65 1100110 4
76 0111100 4

Matching output
0 37 73
1 absent
2 absent
3 61 16
4 absent
5 absent
6 absent
7 absent

Left
37 40x
73 04x
Best: XOR-NOT37: 1

Right
none
Best: none

Selecting

Lefts
Identity I5: 1
NOT none
Constant none
AND AND35: 1
OR none
XOR none
AND-NOT AND-NOT34: 1
OR-NOT none
XOR-NOT XOR-NOT37: 1

Rights
Identity none
NOT NOT2 1: 2
Constant none
AND none
OR none
XOR none
AND-NOT AND-NOT72: 1
OR-NOT OR-NOT52 41 30 27 16 05: 6
XOR-NOT none

Left longest: 1
Right longest: 6

Right winner: Identity no, NOT no, Constant no, AND no, OR no, XOR no, AND-NOT no, OR-NOT yes, XOR-NOT no
Left winner: Identity yes, NOT no, Constant no, AND no, OR no, XOR no, AND-NOT no, OR-NOT no, XOR-NOT no

Best right: OR-NOT52 41 30 27 16 05: 6
Best left: I5: 1

Truncated right: OR-NOT52 41 30 27 16 05: 6
Truncated left: I5: 1

Tentative from right
7 OR-NOT52
6 OR-NOT41
5 OR-NOT30
4 OR-NOT27
3 OR-NOT16
2 OR-NOT05
1 pending
0 pending

Tentative
0 I5
1 pending
2 OR-NOT05
3 OR-NOT16
4 OR-NOT27
5 OR-NOT30
6 OR-NOT41
7 OR-NOT52

Preferred from right
7 OR-NOT52
6 OR-NOT41
5 OR-NOT30
4 OR-NOT27
3 OR-NOT16
2 OR-NOT05
1 ?74
0 I5

Preferred from left
0 I5
1 ?74
2 OR-NOT05
3 OR-NOT16
4 OR-NOT27
5 OR-NOT30
6 OR-NOT41
7 OR-NOT52

Preferred
0 I5
1 ?74 ?47
2 OR-NOT05
3 OR-NOT16
4 OR-NOT27
5 OR-NOT30
6 OR-NOT41
7 OR-NOT52

Matching
0 I5
1 ?74 ?47 - Identity absent, NOT NOT4, Constant absent, AND absent, OR absent, XOR absent, AND-NOT74, OR-NOT absent, XOR-NOT absent
2 OR-NOT05
3 OR-NOT16
4 OR-NOT27
5 OR-NOT30
6 OR-NOT41
7 OR-NOT52

Perfect match
Identity no
NOT yes
Constant no
AND no
OR no
XOR no
AND-NOT no
OR-NOT no
XOR-NOT no

Matched
0 I5
1 NOT4
2 OR-NOT05
3 OR-NOT16
4 OR-NOT27
5 OR-NOT30
6 OR-NOT41
7 OR-NOT52


Reselect (whole-word coverage)
0 AND37
1 NOT4
2 NOT5
3 OR-NOT06
4 I2
5 OR34
6 NOT1
7 NOT2
Selected
0 AND37
1 NOT4
2 NOT5
3 OR-NOT06
4 I2
5 OR34
6 NOT1
7 NOT2

Applying to 11110011
Input
0 1
1 1
2 1
3 1
4 0
5 0
6 1
7 1
Output
0 AND37 = AND(1,1) = 1
1 NOT4 = NOT(0) = 1
2 NOT5 = NOT(0) = 1
3 OR-NOT06 = OR(1,NOT(1)) = 1
4 I2 = 1
5 OR34 = OR(1,0) = 1
6 NOT1 = NOT(1) = 0
7 NOT2 = NOT(1) = 0

I will now return the answer in \boxed{}
The answer in \boxed is
\boxed{11111100}