We need to deduce the transformation by matching the example outputs.
I will put my final answer inside \boxed{}.

Output 0: 11011100
0 1
1 1
2 0
3 1
4 1
5 1
6 0
7 0

Output 1: 00000000
0 0
1 0
2 0
3 0
4 0
5 0
6 0
7 0

Output 2: 11001100
0 1
1 1
2 0
3 0
4 1
5 1
6 0
7 0

Output 3: 00000000
0 0
1 0
2 0
3 0
4 0
5 0
6 0
7 0

Output 4: 10001000
0 1
1 0
2 0
3 0
4 1
5 0
6 0
7 0

Output 5: 10001000
0 1
1 0
2 0
3 0
4 1
5 0
6 0
7 0

Output 6: 00000000
0 0
1 0
2 0
3 0
4 0
5 0
6 0
7 0

Output 7: 10001000
0 1
1 0
2 0
3 0
4 1
5 0
6 0
7 0

Output 8: 00000000
0 0
1 0
2 0
3 0
4 0
5 0
6 0
7 0

Output 9: 00000000
0 0
1 0
2 0
3 0
4 0
5 0
6 0
7 0

Output bit columns (with bitsum as hash)
0 1010110100 5
1 1010000000 2
2 0000000000 a
3 1000000000 1
4 1010110100 5
5 1010000000 2
6 0000000000 a
7 0000000000 a

Input 0: 01110111
0 0
1 1
2 1
3 1
4 0
5 1
6 1
7 1

Input 1: 10000101
0 1
1 0
2 0
3 0
4 0
5 1
6 0
7 1

Input 2: 10110111
0 1
1 0
2 1
3 1
4 0
5 1
6 1
7 1

Input 3: 10000100
0 1
1 0
2 0
3 0
4 0
5 1
6 0
7 0

Input 4: 00110010
0 0
1 0
2 1
3 1
4 0
5 0
6 1
7 0

Input 5: 01101010
0 0
1 1
2 1
3 0
4 1
5 0
6 1
7 0

Input 6: 10000000
0 1
1 0
2 0
3 0
4 0
5 0
6 0
7 0

Input 7: 10100010
0 1
1 0
2 1
3 0
4 0
5 0
6 1
7 0

Input 8: 00110000
0 0
1 0
2 1
3 1
4 0
5 0
6 0
7 0

Input 9: 10100000
0 1
1 0
2 1
3 0
4 0
5 0
6 0
7 0

When matching output
x: not in operator
y: wrong position

Identity
0 0111001101 6
1 1000010000 2
2 1010110111 7
3 1010100010 4
4 0000010000 1
5 1111000000 4
6 1010110100 5 match 0 4
7 1110000000 3

Matching output
0 6
1 absent
2 absent
3 absent
4 6
5 absent
6 absent
7 absent

Left
6 7x
Best: I6: 1

Right
none
Best: none

NOT
0 1000110010 4
1 0111101111 8
2 0101001000 3
3 0101011101 6
4 1111101111 9
5 0000111111 6
6 0101001011 5
7 0001111111 7

Matching output
0 absent
1 absent
2 absent
3 absent
4 absent
5 absent
6 absent
7 absent

Left
none
Best: none

Right
none
Best: none

Constant
0 0000000000 a match 2 6 7
1 1111111111 a

Matching output
0 absent
1 absent
2 C0
3 absent
4 absent
5 absent
6 C0
7 C0

Left
none
Best: none

Right
0 0
Best: C0 0: 2

AND
01 10 0000000000 a match 2 6 7
12 21 1000010000 2
23 32 1010100010 4
34 43 0000000000 a match 2 6 7
45 54 0000000000 a match 2 6 7
56 65 1010000000 2 match 1 5
67 76 1010000000 2 match 1 5
70 07 0110000000 2

02 20 0010000101 3
13 31 1000000000 1 match 3
24 42 0000010000 1
35 53 1010000000 2 match 1 5
46 64 0000010000 1
57 75 1110000000 3
60 06 0010000100 2
71 17 1000000000 1 match 3

03 30 0010000000 1
14 41 0000010000 1
25 52 1010000000 2 match 1 5
36 63 1010100000 3
47 74 0000000000 a match 2 6 7
50 05 0111000000 3
61 16 1000010000 2
72 27 1010000000 2 match 1 5

04 40 0000000000 a match 2 6 7
15 51 1000000000 1 match 3
26 62 1010110100 5 match 0 4
37 73 1010000000 2 match 1 5

Matching output
0 26 62
1 56 65 67 76 35 53 25 52 72 27 37 73
2 01 10 34 43 45 54 47 74 04 40
3 13 31 71 17 15 51
4 26 62
5 56 65 67 76 35 53 25 52 72 27 37 73
6 01 10 34 43 45 54 47 74 04 40
7 01 10 34 43 45 54 47 74 04 40

Left
26 37 40 51 62 73 04 15y
62 73 04 15 26 37 40 51y
Best: AND26 37 40 51 62 73 04: 7

Right
01 70x
10 07x
34 23x
43 32x
45 34 23x
54 43 32x
47 36x
74 63x
04 73y
40 37y
Best: AND45 34: 2

OR
01 10 1111011101 8
12 21 1010110111 7
23 32 1010110111 7
34 43 1010110010 5
45 54 1111010000 5
56 65 1111110100 7
67 76 1110110100 6
70 07 1111001101 7

02 20 1111111111 a
13 31 1010110010 5
24 42 1010110111 7
35 53 1111100010 6
46 64 1010110100 5 match 0 4
57 75 1111000000 4
60 06 1111111101 9
71 17 1110010000 4

03 30 1111101111 9
14 41 1000010000 2
25 52 1111110111 9
36 63 1010110110 6
47 74 1110010000 4
50 05 1111001101 7
61 16 1010110100 5 match 0 4
72 27 1110110111 8

04 40 0111011101 7
15 51 1111010000 5
26 62 1010110111 7
37 73 1110100010 5

Matching output
0 46 64 61 16
1 absent
2 absent
3 absent
4 46 64 61 16
5 absent
6 absent
7 absent

Left
46 57x
64 75x
61 72x
16 27x
Best: OR46: 1

Right
none
Best: none

XOR
01 10 1111011101 8
12 21 0010100111 5
23 32 0000010101 3
34 43 1010110010 5
45 54 1111010000 5
56 65 0101110100 5
67 76 0100110100 4
70 07 1001001101 5

02 20 1101111010 7
13 31 0010110010 4
24 42 1010100111 6
35 53 0101100010 4
46 64 1010100100 4
57 75 0001000000 1
60 06 1101111001 7
71 17 0110010000 3

03 30 1101101111 8
14 41 1000000000 1 match 3
25 52 0101110111 7
36 63 0000010110 3
47 74 1110010000 4
50 05 1000001101 4
61 16 0010100100 3
72 27 0100110111 6

04 40 0111011101 7
15 51 0111010000 4
26 62 0000000011 2
37 73 0100100010 3

Matching output
0 absent
1 absent
2 absent
3 14 41
4 absent
5 absent
6 absent
7 absent

Left
none
Best: none

Right
none
Best: none

AND-NOT
01 0111001101 6
12 0000000000 a match 2 6 7
23 0000010101 3
34 1010100010 4
45 0000010000 1
56 0101000000 2
67 0000110100 3
70 1000000000 1 match 3

02 0101001000 3
13 0000010000 1
24 1010100111 6
35 0000100010 2
46 0000000000 a match 2 6 7
57 0001000000 1
60 1000110000 3
71 0110000000 2

03 0101001101 5
14 1000000000 1 match 3
25 0000110111 5
36 0000000010 1
47 0000010000 1
50 1000000000 1 match 3
61 0010100100 3
72 0100000000 1

04 0111001101 6
15 0000010000 1
26 0000000011 2
37 0000100010 2
40 0000010000 1
51 0111000000 3
62 0000000000 a match 2 6 7
73 0100000000 1

05 0000001101 3
16 0000000000 a match 2 6 7
27 0000110111 5
30 1000100010 3
41 0000000000 a match 2 6 7
52 0101000000 2
63 0000010100 2
74 1110000000 3

06 0101001001 4
17 0000010000 1
20 1000110010 4
31 0010100010 3
42 0000000000 a match 2 6 7
53 0101000000 2
64 1010100100 4
75 0000000000 a match 2 6 7

07 0001001101 4
10 1000010000 2
21 0010100111 5
32 0000000000 a match 2 6 7
43 0000010000 1
54 1111000000 4
65 0000110100 3
76 0100000000 1

Matching output
0 absent
1 absent
2 12 46 62 16 41 42 75 32
3 70 14 50
4 absent
5 absent
6 12 46 62 16 41 42 75 32
7 12 46 62 16 41 42 75 32

Left
none
Best: none

Right
12 01x
46 35x
62 51x
16 05x
41 30x
42 31x
75 64x
32 21x
Best: AND-NOT12: 1

OR-NOT
01 0111101111 8
12 1101011000 5
23 1111111111 a
34 1111101111 9
45 0000111111 6
56 1111001011 7
67 1011111111 9
70 1110110010 6

02 0111001101 6
13 1101011101 7
24 1111111111 a
35 1010111111 8
46 0101011011 6
57 1111111111 a
60 1010110110 6
71 1111101111 9

03 0111011101 7
14 1111111111 a
25 1010111111 8
36 1111101011 8
47 0001111111 7
50 1111110010 7
61 1111111111 a
72 1111001000 5

04 1111101111 9
15 1000111111 7
26 1111111111 a
37 1011111111 9
40 1000110010 4
51 1111101111 9
62 1111111100 8
73 1111011101 8

05 0111111111 9
16 1101011011 7
27 1011111111 9
30 1010110010 5
41 0111111111 9
52 1111001000 5
63 1111111101 9
74 1111101111 9

06 0111001111 7
17 1001111111 8
20 1010110111 7
31 1111101111 9
42 0101011000 4
53 1111011101 8
64 1111111111 a
75 1110111111 9

07 0111111111 9
10 1000110010 4
21 1111111111 a
32 1111101010 7
43 0101011101 6
54 1111101111 9
65 1010111111 8
76 1111001011 7

Matching output
0 absent
1 absent
2 absent
3 absent
4 absent
5 absent
6 absent
7 absent

Left
none
Best: none

Right
none
Best: none

XOR-NOT
01 0000100010 2
12 1101011000 5
23 1111101010 7
34 0101001101 5
45 0000101111 5
56 1010001011 5
67 1011001011 6
70 0110110010 5

02 0010000101 3
13 1101001101 6
24 0101011000 4
35 1010011101 6
46 0101011011 6
57 1110111111 9
60 0010000110 3
71 1001101111 7

03 0010010000 2
14 0111111111 9
25 1010001000 3
36 1111101001 7
47 0001101111 6
50 0111110010 6
61 1101011011 7
72 1011001000 4

04 1000100010 3
15 1000101111 6
26 1111111100 8
37 1011011101 7
40 1000100010 3
51 1000101111 6
62 1111111100 8
73 1011011101 7

05 0111110010 6
16 1101011011 7
27 1011001000 4
30 0010010000 2
41 0111111111 9
52 1010001000 3
63 1111101001 7
74 0001101111 6

06 0010000110 3
17 1001101111 7
20 0010000101 3
31 1101001101 6
42 0101011000 4
53 1010011101 6
64 0101011011 6
75 1110111111 9

07 0110110010 5
10 0000100010 2
21 1101011000 5
32 1111101010 7
43 0101001101 5
54 0000101111 5
65 1010001011 5
76 1011001011 6

Matching output
0 absent
1 absent
2 absent
3 absent
4 absent
5 absent
6 absent
7 absent

Left
none
Best: none

Right
none
Best: none

Selecting

Lefts
Identity I6: 1
NOT none
Constant none
AND AND26 37 40 51 62 73 04: 7
OR OR46: 1
XOR none
AND-NOT none
OR-NOT none
XOR-NOT none

Rights
Identity none
NOT none
Constant C0 0: 2
AND AND45 34: 2
OR none
XOR none
AND-NOT AND-NOT12: 1
OR-NOT none
XOR-NOT none

Left longest: 7
Right longest: 2

Left winner: Identity no, NOT no, Constant no, AND yes, OR no, XOR no, AND-NOT no, OR-NOT no, XOR-NOT no
Right winner: Identity no, NOT no, Constant yes, AND no, OR no, XOR no, AND-NOT no, OR-NOT no, XOR-NOT no

Best left: AND26 37 40 51 62 73 04: 7
Best right: C0 0: 2

Truncated left: AND26 37 40 51 62 73 04: 7
Truncated right: C0: 1 truncated

Tentative from right
7 C0
6 pending
5 pending
4 pending
3 pending
2 pending
1 pending
0 pending

Tentative
0 AND26
1 AND37
2 AND40
3 AND51
4 AND62
5 AND73
6 AND04
7 C0

Preferred from left
0 AND26
1 AND37
2 AND40
3 AND51
4 AND62
5 AND73
6 AND04
7 C0

Preferred from right
7 C0
6 AND04
5 AND73
4 AND62
3 AND51
2 AND40
1 AND37
0 AND26

Preferred
0 AND26
1 AND37
2 AND40
3 AND51
4 AND62
5 AND73
6 AND04
7 C0

Matching
0 AND26
1 AND37
2 AND40
3 AND51
4 AND62
5 AND73
6 AND04
7 C0

Perfect match
Identity no
NOT no
Constant no
AND no
OR no
XOR no
AND-NOT no
OR-NOT no
XOR-NOT no

Matched
0 AND26
1 AND37
2 AND40
3 AND51
4 AND62
5 AND73
6 AND04
7 C0

Selected
0 AND26
1 AND37
2 AND40
3 AND51
4 AND62
5 AND73
6 AND04
7 C0

Applying to 11000111
Input
0 1
1 1
2 0
3 0
4 0
5 1
6 1
7 1
Output
0 AND26 = AND(0,1) = 0
1 AND37 = AND(0,1) = 0
2 AND40 = AND(0,1) = 0
3 AND51 = AND(1,1) = 1
4 AND62 = AND(1,0) = 0
5 AND73 = AND(1,0) = 0
6 AND04 = AND(1,0) = 0
7 C0 = 0

I will now return the answer in \boxed{}
The answer in \boxed is
\boxed{00010000}