We need to deduce the transformation by matching the example outputs.
I will put my final answer inside \boxed{}.

Output 0: 00110101
0 0
1 0
2 1
3 1
4 0
5 1
6 0
7 1

Output 1: 00001100
0 0
1 0
2 0
3 0
4 1
5 1
6 0
7 0

Output 2: 00010001
0 0
1 0
2 0
3 1
4 0
5 0
6 0
7 1

Output 3: 00111110
0 0
1 0
2 1
3 1
4 1
5 1
6 1
7 0

Output 4: 01001100
0 0
1 1
2 0
3 0
4 1
5 1
6 0
7 0

Output 5: 01111111
0 0
1 1
2 1
3 1
4 1
5 1
6 1
7 1

Output 6: 10100010
0 1
1 0
2 1
3 0
4 0
5 0
6 1
7 0

Output 7: 01111110
0 0
1 1
2 1
3 1
4 1
5 1
6 1
7 0

Output 8: 10111111
0 1
1 0
2 1
3 1
4 1
5 1
6 1
7 1

Output bit columns (with bitsum as hash)
0 000000101 2
1 000011010 3
2 100101111 6
3 101101011 6
4 010111011 6
5 110111011 7
6 000101111 5
7 101001001 4

Input 0: 10100110
0 1
1 0
2 1
3 0
4 0
5 1
6 1
7 0

Input 1: 10000001
0 1
1 0
2 0
3 0
4 0
5 0
6 0
7 1

Input 2: 00100110
0 0
1 0
2 1
3 0
4 0
5 1
6 1
7 0

Input 3: 11000011
0 1
1 1
2 0
3 0
4 0
5 0
6 1
7 1

Input 4: 10001001
0 1
1 0
2 0
3 0
4 1
5 0
6 0
7 1

Input 5: 11111011
0 1
1 1
2 1
3 1
4 1
5 0
6 1
7 1

Input 6: 01010100
0 0
1 1
2 0
3 1
4 0
5 1
6 0
7 0

Input 7: 11011011
0 1
1 1
2 0
3 1
4 1
5 0
6 1
7 1

Input 8: 11110101
0 1
1 1
2 1
3 1
4 0
5 1
6 0
7 1

When matching output
x: not in operator
y: wrong position

Identity
0 110111011 7 match 5
1 000101111 5 match 6
2 101001001 4 match 7
3 000001111 4
4 000011010 3 match 1
5 101000101 4
6 101101010 5
7 010111011 6 match 4

Matching output
0 absent
1 4
2 absent
3 absent
4 7
5 0
6 1
7 2

Left
none
Best: none

Right
2 1 0 7 6x
Best: I2 1 0 7: 4

NOT
0 001000100 2
1 111010000 4
2 010110110 5
3 111110000 5
4 111100101 6
5 010111010 5
6 010010101 4
7 101000100 3

Matching output
0 absent
1 absent
2 absent
3 absent
4 absent
5 absent
6 absent
7 absent

Left
none
Best: none

Right
none
Best: none

Constant
0 000000000 a
1 111111111 a

Matching output
0 absent
1 absent
2 absent
3 absent
4 absent
5 absent
6 absent
7 absent

Left
none
Best: none

Right
none
Best: none

AND
01 10 000101011 4
12 21 000001001 2
23 32 000001001 2
34 43 000001010 2
45 54 000000000 a
56 65 101000000 2
67 76 000101010 3
70 07 010111011 6 match 4

02 20 100001001 3
13 31 000001111 4
24 42 000001000 1
35 53 000000101 2 match 0
46 64 000001010 2
57 75 000000001 1
60 06 100101010 4
71 17 000101011 4

03 30 000001011 3
14 41 000001010 2
25 52 101000001 3
36 63 000001010 2
47 74 000011010 3 match 1
50 05 100000001 2
61 16 000101010 3
72 27 000001001 2

04 40 000011010 3 match 1
15 51 000000101 2 match 0
26 62 101001000 3
37 73 000001011 3

Matching output
0 35 53 15 51
1 47 74 04 40
2 absent
3 absent
4 70 07
5 absent
6 absent
7 absent

Left
35 46x
53 64x
15 26x
51 62x
Best: AND35: 1

Right
none
Best: none

OR
01 10 110111111 8
12 21 101101111 7
23 32 101001111 6
34 43 000011111 5
45 54 101011111 7
56 65 101101111 7
67 76 111111011 8
70 07 110111011 7 match 5

02 20 111111011 8
13 31 000101111 5 match 6
24 42 101011011 6
35 53 101001111 6
46 64 101111010 6
57 75 111111111 a
60 06 111111011 8
71 17 010111111 7

03 30 110111111 8
14 41 000111111 6
25 52 101001101 5
36 63 101101111 7
47 74 010111011 6 match 4
50 05 111111111 a
61 16 101101111 7
72 27 111111011 8

04 40 110111011 7 match 5
15 51 101101111 7
26 62 101101011 6 match 3
37 73 010111111 7

Matching output
0 absent
1 absent
2 absent
3 26 62
4 47 74
5 70 07 04 40
6 13 31
7 absent

Left
none
Best: none

Right
none
Best: none

XOR
01 10 110010100 4
12 21 101100110 5
23 32 101000110 4
34 43 000010101 3
45 54 101011111 7
56 65 000101111 5 match 6
67 76 111010001 5
70 07 100000000 1

02 20 011110010 5
13 31 000100000 1
24 42 101010011 5
35 53 101001010 4
46 64 101110000 4
57 75 111111110 8
60 06 011010001 4
71 17 010010100 3

03 30 110110100 5
14 41 000110101 4
25 52 000001100 2
36 63 101100101 5
47 74 010100001 3
50 05 011111110 7
61 16 101000101 4
72 27 111110010 6

04 40 110100001 4
15 51 101101010 5
26 62 000100011 3
37 73 010110100 4

Matching output
0 absent
1 absent
2 absent
3 absent
4 absent
5 absent
6 56 65
7 absent

Left
none
Best: none

Right
none
Best: none

AND-NOT
01 110010000 3
12 000100110 3
23 101000000 2
34 000000101 2 match 0
45 000011010 3 match 1
56 000000101 2 match 0
67 101000000 2
70 000000000 a

02 010110010 4
13 000100000 1
24 101000001 3
35 000001010 2
46 000010000 1
57 101000100 3
60 001000000 1
71 010010000 2

03 110110000 4
14 000100101 3
25 000001000 1
36 000000101 2 match 0
47 000000000 a
50 001000100 2
61 101000000 2
72 010110010 4

04 110100001 4
15 000101010 3
26 000000001 1
37 000000100 1
40 000000000 a
51 101000000 2
62 000100010 2
73 010110000 3

05 010111010 5
16 000000101 2 match 0
27 101000000 2
30 000000100 1
41 000010000 1
52 000000100 1
63 101100000 3
74 010100001 3

06 010010001 3
17 000000100 1
20 001000000 1
31 000000000 a
42 000010010 2
53 101000000 2
64 101100000 3
75 010111010 5

07 100000000 1
10 000000100 1
21 101000000 2
32 000000110 2
43 000010000 1
54 101000101 4
65 000101010 3
76 010010001 3

Matching output
0 34 56 36 16
1 45
2 absent
3 absent
4 absent
5 absent
6 absent
7 absent

Left
34 45 56y
56 67x
36 47x
16 27x
Best: AND-NOT34 45: 2

Right
none
Best: none

OR-NOT
01 111111011 8
12 010111111 7
23 111111001 7
34 111101111 8
45 010111010 5
56 111010101 6
67 101101110 6
70 011111111 8

02 110111111 8
13 111111111 a
24 111101101 7
35 010111111 7
46 010011111 6
57 101000101 4
60 101101110 6
71 111111011 8

03 111111011 8
14 111101111 8
25 111111011 8
36 010011111 6
47 101011110 6
50 101000101 4
61 111111010 7
72 010111111 7

04 111111111 a
15 010111111 7
26 111011101 7
37 101001111 6
40 001011110 5
51 111010101 6
62 111111110 8
73 111111011 8

05 110111011 7 match 5
16 010111111 7
27 101001101 5
30 001001111 5
41 111011010 6
52 111110111 8
63 111111010 7
74 111111111 a

06 110111111 8
17 101101111 7
20 101001101 5
31 111011111 8
42 010111110 6
53 111110101 7
64 111101111 8
75 010111011 6 match 4

07 111111111 a
10 001101111 6
21 111011001 6
32 010111111 7
43 111111010 7
54 111100101 6
65 111111010 7
76 010111111 7

Matching output
0 absent
1 absent
2 absent
3 absent
4 75
5 05
6 absent
7 absent

Left
none
Best: none

Right
none
Best: none

XOR-NOT
01 001101011 5
12 010011001 4
23 010111001 5
34 111101010 6
45 010100000 2
56 111010000 4
67 000101110 4
70 011111111 8

02 100001101 4
13 111011111 8
24 010101100 4
35 010110101 5
46 010001111 5
57 000000001 1
60 100101110 5
71 101101011 6 match 3

03 001001011 4
14 111001010 5
25 111110011 7
36 010011010 4
47 101011110 6
50 100000001 2
61 010111010 5
72 000001101 3

04 001011110 5
15 010010101 4
26 111011100 6
37 101001011 5
40 001011110 5
51 010010101 4
62 111011100 6
73 101001011 5

05 100000001 2
16 010111010 5
27 000001101 3
30 001001011 4
41 111001010 5
52 111110011 7
63 010011010 4
74 101011110 6

06 100101110 5
17 101101011 6 match 3
20 100001101 4
31 111011111 8
42 010101100 4
53 010110101 5
64 010001111 5
75 000000001 1

07 011111111 8
10 001101011 5
21 010011001 4
32 010111001 5
43 111101010 6
54 010100000 2
65 111010000 4
76 000101110 4

Matching output
0 absent
1 absent
2 absent
3 71 17
4 absent
5 absent
6 absent
7 absent

Left
none
Best: none

Right
none
Best: none

Selecting

Lefts
Identity none
NOT none
Constant none
AND AND35: 1
OR none
XOR none
AND-NOT AND-NOT34 45: 2
OR-NOT none
XOR-NOT none

Rights
Identity I2 1 0 7: 4
NOT none
Constant none
AND none
OR none
XOR none
AND-NOT none
OR-NOT none
XOR-NOT none

Left longest: 2
Right longest: 4

Right winner: Identity yes, NOT no, Constant no, AND no, OR no, XOR no, AND-NOT no, OR-NOT no, XOR-NOT no
Left winner: Identity no, NOT no, Constant no, AND no, OR no, XOR no, AND-NOT yes, OR-NOT no, XOR-NOT no

Best right: I2 1 0 7: 4
Best left: AND-NOT34 45: 2

Truncated right: I2 1 0 7: 4
Truncated left: AND-NOT34 45: 2

Tentative from right
7 I2
6 I1
5 I0
4 I7
3 pending
2 pending
1 pending
0 pending

Tentative
0 AND-NOT34
1 AND-NOT45
2 pending
3 pending
4 I7
5 I0
6 I1
7 I2

Preferred from right
7 I2
6 I1
5 I0
4 I7
3 ??6
2 ??5
1 AND-NOT45
0 AND-NOT34

Preferred from left
0 AND-NOT34
1 AND-NOT45
2 ??5
3 ??6
4 I7
5 I0
6 I1
7 I2

Preferred
0 AND-NOT34
1 AND-NOT45
2 ??5
3 ??6
4 I7
5 I0
6 I1
7 I2

Matching
0 AND-NOT34
1 AND-NOT45
2 ??5 - Identity absent, NOT absent, Constant absent, AND absent, OR absent, XOR absent, AND-NOT absent, OR-NOT absent, XOR-NOT absent
3 ??6 - Identity absent, NOT absent, Constant absent, AND absent, OR26, XOR absent, AND-NOT absent, OR-NOT absent, XOR-NOT absent
4 I7
5 I0
6 I1
7 I2

Perfect match
Identity no
NOT no
Constant no
AND no
OR no
XOR no
AND-NOT no
OR-NOT no
XOR-NOT no

Matched
0 AND-NOT34
1 AND-NOT45
2 none
3 OR26
4 I7
5 I0
6 I1
7 I2

Selected
0 AND-NOT34
1 AND-NOT45
2 CH(6,0,1)
3 OR26
4 I7
5 I0
6 I1
7 I2

Applying to 01000111
Input
0 0
1 1
2 0
3 0
4 0
5 1
6 1
7 1
Output
0 AND-NOT34 = AND(0,NOT(0)) = 0
1 AND-NOT45 = AND(0,NOT(1)) = 0
2 CH(6,0,1) = CH(1,0,1) = 0
3 OR26 = OR(0,1) = 1
4 I7 = 1
5 I0 = 0
6 I1 = 1
7 I2 = 0

I will now return the answer in \boxed{}
The answer in \boxed{–} is \boxed{00011010}