We need to deduce the transformation by matching the example outputs.
I will put my final answer inside \boxed{}.

Output 0: 11100111
0 1
1 1
2 1
3 0
4 0
5 1
6 1
7 1

Output 1: 11100001
0 1
1 1
2 1
3 0
4 0
5 0
6 0
7 1

Output 2: 00100100
0 0
1 0
2 1
3 0
4 0
5 1
6 0
7 0

Output 3: 11100010
0 1
1 1
2 1
3 0
4 0
5 0
6 1
7 0

Output 4: 11011011
0 1
1 1
2 0
3 1
4 1
5 0
6 1
7 1

Output 5: 11001001
0 1
1 1
2 0
3 0
4 1
5 0
6 0
7 1

Output 6: 01111001
0 0
1 1
2 1
3 1
4 1
5 0
6 0
7 1

Output 7: 01000101
0 0
1 1
2 0
3 0
4 0
5 1
6 0
7 1

Output 8: 01011001
0 0
1 1
2 0
3 1
4 1
5 0
6 0
7 1

Output bit columns (with bitsum as hash)
0 110111000 5
1 110111111 8
2 111100100 5
3 000010101 3
4 000011101 4
5 101000010 3
6 100110000 3
7 110011111 7

Input 0: 01111100
0 0
1 1
2 1
3 1
4 1
5 1
6 0
7 0

Input 1: 00110110
0 0
1 0
2 1
3 1
4 0
5 1
6 1
7 0

Input 2: 00010000
0 0
1 0
2 0
3 1
4 0
5 0
6 0
7 0

Input 3: 00010011
0 0
1 0
2 0
3 1
4 0
5 0
6 1
7 1

Input 4: 01000101
0 0
1 1
2 0
3 0
4 0
5 1
6 0
7 1

Input 5: 01001101
0 0
1 1
2 0
3 0
4 1
5 1
6 0
7 1

Input 6: 10001101
0 1
1 0
2 0
3 0
4 1
5 1
6 0
7 1

Input 7: 10110100
0 1
1 0
2 1
3 1
4 0
5 1
6 0
7 0

Input 8: 00001101
0 0
1 0
2 0
3 0
4 1
5 1
6 0
7 1

When matching output
x: not in operator
y: wrong position

Identity
0 000000110 2
1 100011000 3
2 110000010 3
3 111100010 5
4 100001101 4
5 110011111 7 match 7
6 010100000 2
7 000111101 5

Matching output
0 absent
1 absent
2 absent
3 absent
4 absent
5 absent
6 absent
7 5

Left
none
Best: none

Right
5 4x
Best: I5: 1

NOT
0 111111001 7
1 011100111 6
2 001111101 6
3 000011101 4 match 4
4 011110010 5
5 001100000 2
6 101011111 7
7 111000010 4

Matching output
0 absent
1 absent
2 absent
3 absent
4 3
5 absent
6 absent
7 absent

Left
none
Best: none

Right
none
Best: none

Constant
0 000000000 a
1 111111111 a

Matching output
0 absent
1 absent
2 absent
3 absent
4 absent
5 absent
6 absent
7 absent

Left
none
Best: none

Right
none
Best: none

AND
01 10 000000000 a
12 21 100000000 1
23 32 110000010 3
34 43 100000000 1
45 54 100001101 4
56 65 010000000 1
67 76 000100000 1
70 07 000000100 1

02 20 000000010 1
13 31 100000000 1
24 42 100000000 1
35 53 110000010 3
46 64 000000000 a
57 75 000011101 4 match 4
60 06 000000000 a
71 17 000011000 2

03 30 000000010 1
14 41 100001000 2
25 52 110000010 3
36 63 010100000 2
47 74 000001101 3
50 05 000000110 2
61 16 000000000 a
72 27 000000000 a

04 40 000000100 1
15 51 100011000 3
26 62 010000000 1
37 73 000100000 1

Matching output
0 absent
1 absent
2 absent
3 absent
4 57 75
5 absent
6 absent
7 absent

Left
none
Best: none

Right
none
Best: none

OR
01 10 100011110 5
12 21 110011010 5
23 32 111100010 5
34 43 111101111 8
45 54 110011111 7 match 7
56 65 110111111 8 match 1
67 76 010111101 6
70 07 000111111 6

02 20 110000110 4
13 31 111111010 7
24 42 110001111 6
35 53 111111111 a
46 64 110101101 6
57 75 110111111 8 match 1
60 06 010100110 4
71 17 100111101 6

03 30 111100110 6
14 41 100011101 5
25 52 110011111 7 match 7
36 63 111100010 5
47 74 100111101 6
50 05 110011111 7 match 7
61 16 110111000 5 match 0
72 27 110111111 8 match 1

04 40 100001111 5
15 51 110011111 7 match 7
26 62 110100010 4
37 73 111111111 a

Matching output
0 61 16
1 56 65 57 75 72 27
2 absent
3 absent
4 absent
5 absent
6 absent
7 45 54 25 52 50 05 15 51

Left
61 72 03x
16 27 30x
Best: OR61 72: 2

Right
45 34x
54 43x
25 14x
52 41x
50 47x
05 74x
15 04x
51 40x
Best: OR45: 1

XOR
01 10 100011110 5
12 21 010011010 4
23 32 001100000 2
34 43 011101111 7
45 54 010010010 3
56 65 100111111 7
67 76 010011101 5
70 07 000111011 5

02 20 110000100 3
13 31 011111010 6
24 42 010001111 5
35 53 001111101 6
46 64 110101101 6
57 75 110100010 4
60 06 010100110 4
71 17 100100101 4

03 30 111100100 5 match 2
14 41 000010101 3 match 3
25 52 000011101 4 match 4
36 63 101000010 3 match 5
47 74 100110000 3 match 6
50 05 110011001 5
61 16 110111000 5 match 0
72 27 110111111 8 match 1

04 40 100001011 4
15 51 010000111 4
26 62 100100010 3
37 73 111011111 8

Matching output
0 61 16
1 72 27
2 03 30
3 14 41
4 25 52
5 36 63
6 47 74
7 absent

Left
61 72 03 14 25 36 47 50x
16 27 30 41 52 63 74 05x
Best: XOR61 72 03 14 25 36 47: 7

Right
none
Best: none

AND-NOT
01 000000110 2
12 000011000 2
23 000000000 a
34 011100010 4
45 000000000 a
56 100011111 6
67 010000000 1
70 000111001 4

02 000000100 1
13 000011000 2
24 010000010 2
35 001100000 2
46 100001101 4
57 110000010 3
60 010100000 2
71 000100101 3

03 000000100 1
14 000010000 1
25 000000000 a
36 101000010 3 match 5
47 100000000 1
50 110011001 5
61 010100000 2
72 000111101 5

04 000000010 1
15 000000000 a
26 100000010 2
37 111000010 4
40 100001001 3
51 010000111 4
62 000100000 1
73 000011101 4 match 4

05 000000000 a
16 100011000 3
27 110000010 3
30 111100000 4
41 000000101 2
52 000011101 4 match 4
63 000000000 a
74 000110000 2

06 000000110 2
17 100000000 1
20 110000000 2
31 011100010 4
42 000001101 3
53 000011101 4 match 4
64 010100000 2
75 000100000 1

07 000000010 1
10 100011000 3
21 010000010 2
32 001100000 2
43 000001101 3
54 010010010 3
65 000100000 1
76 000011101 4 match 4

Matching output
0 absent
1 absent
2 absent
3 absent
4 73 52 53 76
5 36
6 absent
7 absent

Left
none
Best: none

Right
none
Best: none

OR-NOT
01 011100111 6
12 101111101 7
23 110011111 7 match 7
34 111110010 6
45 101101101 6
56 111011111 8
67 111100010 5
70 111111101 8

02 001111111 7
13 100011101 5
24 111110010 6
35 111100010 5
46 101011111 7
57 111011111 8
60 111111001 7
71 011111111 8

03 000011111 5
14 111111010 7
25 111100010 5
36 111111111 a
47 111001111 7
50 111111111 a
61 011100111 6
72 001111101 6

04 011110110 6
15 101111000 5
26 111011111 8
37 111100010 5
40 111111101 8
51 111111111 a
62 011111101 7
73 000111101 5

05 001100110 4
16 101011111 7
27 111000010 4
30 111111011 8
41 111101111 8
52 111111111 a
63 010111101 6
74 011111111 8

06 101011111 7
17 111011010 6
20 111111011 8
31 111100111 7
42 101111101 7
53 110011111 7 match 7
64 011110010 5
75 001111101 6

07 111000110 5
10 111111001 7
21 111100111 7
32 111111111 a
43 100011101 5
54 111111111 a
65 011100000 3
76 101111111 8

Matching output
0 absent
1 absent
2 absent
3 absent
4 absent
5 absent
6 absent
7 23 53

Left
none
Best: none

Right
23 12x
53 42x
Best: OR-NOT23: 1

XOR-NOT
01 011100001 4
12 101100101 5
23 110011111 7 match 7
34 100010000 2
45 101101101 6
56 011000000 2
67 101100010 4
70 111000100 4

02 001111011 6
13 100000101 3
24 101110000 4
35 110000010 3
46 001010010 3
57 001011101 5
60 101011001 5
71 011011010 5

03 000011011 4
14 111101010 6
25 111100010 5
36 010111101 6
47 011001111 6
50 001100110 4
61 001000111 4
72 001000000 1

04 011110100 5
15 101111000 5
26 011011101 6
37 000100000 1
40 011110100 5
51 101111000 5
62 011011101 6
73 000100000 1

05 001100110 4
16 001000111 4
27 001000000 1
30 000011011 4
41 111101010 6
52 111100010 5
63 010111101 6
74 011001111 6

06 101011001 5
17 011011010 5
20 001111011 6
31 100000101 3
42 101110000 4
53 110000010 3
64 001010010 3
75 001011101 5

07 111000100 4
10 011100001 4
21 101100101 5
32 110011111 7 match 7
43 100010000 2
54 101101101 6
65 011000000 2
76 101100010 4

Matching output
0 absent
1 absent
2 absent
3 absent
4 absent
5 absent
6 absent
7 23 32

Left
none
Best: none

Right
23 12x
32 21x
Best: XOR-NOT23: 1

Selecting

Lefts
Identity none
NOT none
Constant none
AND none
OR OR61 72: 2
XOR XOR61 72 03 14 25 36 47: 7
AND-NOT none
OR-NOT none
XOR-NOT none

Rights
Identity I5: 1
NOT none
Constant none
AND none
OR OR45: 1
XOR none
AND-NOT none
OR-NOT OR-NOT23: 1
XOR-NOT XOR-NOT23: 1

Left longest: 7
Right longest: 1

Left winner: Identity no, NOT no, Constant no, AND no, OR no, XOR yes, AND-NOT no, OR-NOT no, XOR-NOT no
Right winner: Identity yes, NOT no, Constant no, AND no, OR no, XOR no, AND-NOT no, OR-NOT no, XOR-NOT no

Best left: XOR61 72 03 14 25 36 47: 7
Best right: I5: 1

Truncated left: XOR61 72 03 14 25 36 47: 7
Truncated right: I5: 1

Tentative from right
7 I5
6 pending
5 pending
4 pending
3 pending
2 pending
1 pending
0 pending

Tentative
0 XOR61
1 XOR72
2 XOR03
3 XOR14
4 XOR25
5 XOR36
6 XOR47
7 I5

Preferred from left
0 XOR61
1 XOR72
2 XOR03
3 XOR14
4 XOR25
5 XOR36
6 XOR47
7 I5

Preferred from right
7 I5
6 XOR47
5 XOR36
4 XOR25
3 XOR14
2 XOR03
1 XOR72
0 XOR61

Preferred
0 XOR61
1 XOR72
2 XOR03
3 XOR14
4 XOR25
5 XOR36
6 XOR47
7 I5

Matching
0 XOR61
1 XOR72
2 XOR03
3 XOR14
4 XOR25
5 XOR36
6 XOR47
7 I5

Perfect match
Identity no
NOT no
Constant no
AND no
OR no
XOR no
AND-NOT no
OR-NOT no
XOR-NOT no

Matched
0 XOR61
1 XOR72
2 XOR03
3 XOR14
4 XOR25
5 XOR36
6 XOR47
7 I5

Selected
0 XOR61
1 XOR72
2 XOR03
3 XOR14
4 XOR25
5 XOR36
6 XOR47
7 I5

Applying to 01011000
Input
0 0
1 1
2 0
3 1
4 1
5 0
6 0
7 0
Output
0 XOR61 = XOR(0,1) = 1
1 XOR72 = XOR(0,0) = 0
2 XOR03 = XOR(0,1) = 1
3 XOR14 = XOR(1,1) = 0
4 XOR25 = XOR(0,0) = 0
5 XOR36 = XOR(1,0) = 1
6 XOR47 = XOR(1,0) = 1
7 I5 = 0

I will now return the answer in \boxed{}
The answer in \boxed is
\boxed{10100110}