We need to deduce the transformation by matching the example outputs.
I will put my final answer inside \boxed{}.

Output 0: 00010001
0 0
1 0
2 0
3 1
4 0
5 0
6 0
7 1

Output 1: 10000100
0 1
1 0
2 0
3 0
4 0
5 1
6 0
7 0

Output 2: 10000011
0 1
1 0
2 0
3 0
4 0
5 0
6 1
7 1

Output 3: 10000101
0 1
1 0
2 0
3 0
4 0
5 1
6 0
7 1

Output 4: 10000101
0 1
1 0
2 0
3 0
4 0
5 1
6 0
7 1

Output 5: 00001000
0 0
1 0
2 0
3 0
4 1
5 0
6 0
7 0

Output 6: 10000010
0 1
1 0
2 0
3 0
4 0
5 0
6 1
7 0

Output bit columns (with bitsum as hash)
0 0111101 5
1 0000000 a
2 0000000 a
3 1000000 1
4 0000010 1
5 0101100 3
6 0010001 2
7 1011100 4

Input 0: 10001010
0 1
1 0
2 0
3 0
4 1
5 0
6 1
7 0

Input 1: 00100111
0 0
1 0
2 1
3 0
4 0
5 1
6 1
7 1

Input 2: 00011011
0 0
1 0
2 0
3 1
4 1
5 0
6 1
7 1

Input 3: 00101011
0 0
1 0
2 1
3 0
4 1
5 0
6 1
7 1

Input 4: 00101101
0 0
1 0
2 1
3 0
4 1
5 1
6 0
7 1

Input 5: 01000010
0 0
1 1
2 0
3 0
4 0
5 0
6 1
7 0

Input 6: 00010111
0 0
1 0
2 0
3 1
4 0
5 1
6 1
7 1

When matching output
x: not in operator
y: wrong position

Identity
0 1000000 1 match 3
1 0000010 1 match 4
2 0101100 3 match 5
3 0010001 2 match 6
4 1011100 4 match 7
5 0100101 3
6 1111011 6
7 0111101 5 match 0

Matching output
0 7
1 absent
2 absent
3 0
4 1
5 2
6 3
7 4

Left
7 0y
Best: I7: 1

Right
4 3 2 1 0 7y
Best: I4 3 2 1 0: 5

NOT
0 0111111 6
1 1111101 6
2 1010011 4
3 1101110 5
4 0100011 3
5 1011010 4
6 0000100 1
7 1000010 2

Matching output
0 absent
1 absent
2 absent
3 absent
4 absent
5 absent
6 absent
7 absent

Left
none
Best: none

Right
none
Best: none

Constant
0 0000000 a match 1 2
1 1111111 a

Matching output
0 absent
1 C0
2 C0
3 absent
4 absent
5 absent
6 absent
7 absent

Left
none
Best: none

Right
none
Best: none

AND
01 10 0000000 a match 1 2
12 21 0000000 a match 1 2
23 32 0000000 a match 1 2
34 43 0010000 1
45 54 0000100 1
56 65 0100001 2
67 76 0111001 4
70 07 0000000 a match 1 2

02 20 0000000 a match 1 2
13 31 0000000 a match 1 2
24 42 0001100 2
35 53 0000001 1
46 64 1011000 3
57 75 0100101 3
60 06 1000000 1 match 3
71 17 0000000 a match 1 2

03 30 0000000 a match 1 2
14 41 0000000 a match 1 2
25 52 0100100 2
36 63 0010001 2 match 6
47 74 0011100 3
50 05 0000000 a match 1 2
61 16 0000010 1 match 4
72 27 0101100 3 match 5

04 40 1000000 1 match 3
15 51 0000000 a match 1 2
26 62 0101000 2
37 73 0010001 2 match 6

Matching output
0 absent
1 01 10 12 21 23 32 70 07 02 20 13 31 71 17 03 30 14 41 50 05 15 51
2 01 10 12 21 23 32 70 07 02 20 13 31 71 17 03 30 14 41 50 05 15 51
3 60 06 04 40
4 61 16
5 72 27
6 36 63 37 73
7 absent

Left
none
Best: none

Right
none
Best: none

OR
01 10 1000010 2
12 21 0101110 4
23 32 0111101 5 match 0
34 43 1011101 5
45 54 1111101 6
56 65 1111111 a
67 76 1111111 a
70 07 1111101 6

02 20 1101100 4
13 31 0010011 3
24 42 1111100 5
35 53 0110101 4
46 64 1111111 a
57 75 0111101 5 match 0
60 06 1111011 6
71 17 0111111 6

03 30 1010001 3
14 41 1011110 5
25 52 0101101 4
36 63 1111011 6
47 74 1111101 6
50 05 1100101 4
61 16 1111011 6
72 27 0111101 5 match 0

04 40 1011100 4 match 7
15 51 0100111 4
26 62 1111111 a
37 73 0111101 5 match 0

Matching output
0 23 32 57 75 72 27 37 73
1 absent
2 absent
3 absent
4 absent
5 absent
6 absent
7 04 40

Left
23 34x
32 43x
57 60x
75 06x
72 03x
27 30x
37 40y
73 04y
Best: OR23: 1

Right
04 73y
40 37y
Best: OR04: 1

XOR
01 10 1000010 2
12 21 0101110 4
23 32 0111101 5 match 0
34 43 1001101 4
45 54 1111001 5
56 65 1011110 5
67 76 1000110 3
70 07 1111101 6

02 20 1101100 4
13 31 0010011 3
24 42 1110000 3
35 53 0110100 3
46 64 0100111 4
57 75 0011000 2
60 06 0111011 5
71 17 0111111 6

03 30 1010001 3
14 41 1011110 5
25 52 0001001 2
36 63 1101010 4
47 74 1100001 3
50 05 1100101 4
61 16 1111001 5
72 27 0010001 2 match 6

04 40 0011100 3
15 51 0100111 4
26 62 1010111 5
37 73 0101100 3 match 5

Matching output
0 23 32
1 absent
2 absent
3 absent
4 absent
5 37 73
6 72 27
7 absent

Left
23 34x
32 43x
Best: XOR23: 1

Right
none
Best: none

AND-NOT
01 1000000 1 match 3
12 0000010 1 match 4
23 0101100 3 match 5
34 0000001 1
45 1011000 3
56 0000100 1
67 1000010 2
70 0111101 5 match 0

02 1000000 1 match 3
13 0000010 1 match 4
24 0100000 1
35 0010000 1
46 0000100 1
57 0000000 a match 1 2
60 0111011 5
71 0111101 5 match 0

03 1000000 1 match 3
14 0000010 1 match 4
25 0001000 1
36 0000000 a match 1 2
47 1000000 1 match 3
50 0100101 3
61 1111001 5
72 0010001 2 match 6

04 0000000 a match 1 2
15 0000010 1 match 4
26 0000100 1
37 0000000 a match 1 2
40 0011100 3
51 0100101 3
62 1010011 4
73 0101100 3 match 5

05 1000000 1 match 3
16 0000000 a match 1 2
27 0000000 a match 1 2
30 0010001 2 match 6
41 1011100 4 match 7
52 0000001 1
63 1101010 4
74 0100001 2

06 0000000 a match 1 2
17 0000010 1 match 4
20 0101100 3 match 5
31 0010001 2 match 6
42 1010000 2
53 0100100 2
64 0100011 3
75 0011000 2

07 1000000 1 match 3
10 0000010 1 match 4
21 0101100 3 match 5
32 0010001 2 match 6
43 1001100 3
54 0100001 2
65 1011010 4
76 0000100 1

Matching output
0 70 71
1 57 36 04 37 16 27 06
2 57 36 04 37 16 27 06
3 01 02 03 47 05 07
4 12 13 14 15 17 10
5 23 73 20 21
6 72 30 31 32
7 41

Left
70 01y
71 02y
Best: AND-NOT70: 1

Right
41 30 27y
Best: AND-NOT41 30: 2

OR-NOT
01 1111101 6
12 1010011 4
23 1101110 5
34 0110011 4
45 1011110 5
56 0100101 3
67 1111011 6
70 0111111 6

02 1010011 4
13 1101110 5
24 0101111 5
35 1011011 5
46 1011100 4 match 7
57 1100111 5
60 1111111 a
71 1111101 6

03 1101110 5
14 0100011 3
25 1111110 6
36 0010101 3
47 1011110 5
50 0111111 6
61 1111111 a
72 1111111 a

04 1100011 4
15 1011010 4
26 0101100 3 match 5
37 1010011 4
40 1111111 a
51 1111101 6
62 1111011 6
73 1111111 a

05 1011010 4
16 0000110 2
27 1101110 5
30 0111111 6
41 1111101 6
52 1110111 6
63 1111111 a
74 0111111 6

06 1000100 2
17 1000010 2
20 0111111 6
31 1111101 6
42 1011111 6
53 1101111 6
64 1111011 6
75 1111111 a

07 1000010 2
10 0111111 6
21 1111101 6
32 1010011 4
43 1111110 6
54 0100111 4
65 1111011 6
76 0111101 5 match 0

Matching output
0 76
1 absent
2 absent
3 absent
4 absent
5 26
6 absent
7 46

Left
76 07x
Best: OR-NOT76: 1

Right
46 35x
Best: OR-NOT46: 1

XOR-NOT
01 0111101 5 match 0
12 1010001 3
23 1000010 2
34 0110010 3
45 0000110 2
56 0100001 2
67 0111001 4
70 0000010 1 match 4

02 0010011 3
13 1101100 4
24 0001111 4
35 1001011 4
46 1011000 3
57 1100111 5
60 1000100 2
71 1000000 1 match 3

03 0101110 4
14 0100001 2
25 1110110 5
36 0010101 3
47 0011110 4
50 0011010 3
61 0000110 2
72 1101110 5

04 1100011 4
15 1011000 3
26 0101000 2
37 1010011 4
40 1100011 4
51 1011000 3
62 0101000 2
73 1010011 4

05 0011010 3
16 0000110 2
27 1101110 5
30 0101110 4
41 0100001 2
52 1110110 5
63 0010101 3
74 0011110 4

06 1000100 2
17 1000000 1 match 3
20 0010011 3
31 1101100 4
42 0001111 4
53 1001011 4
64 1011000 3
75 1100111 5

07 0000010 1 match 4
10 0111101 5 match 0
21 1010001 3
32 1000010 2
43 0110010 3
54 0000110 2
65 0100001 2
76 0111001 4

Matching output
0 01 10
1 absent
2 absent
3 71 17
4 70 07
5 absent
6 absent
7 absent

Left
01 12x
10 21x
Best: XOR-NOT01: 1

Right
none
Best: none

Selecting

Lefts
Identity I7: 1
NOT none
Constant none
AND none
OR OR23: 1
XOR XOR23: 1
AND-NOT AND-NOT70: 1
OR-NOT OR-NOT76: 1
XOR-NOT XOR-NOT01: 1

Rights
Identity I4 3 2 1 0: 5
NOT none
Constant none
AND none
OR OR04: 1
XOR none
AND-NOT AND-NOT41 30: 2
OR-NOT OR-NOT46: 1
XOR-NOT none

Left longest: 1
Right longest: 5

Right winner: Identity yes, NOT no, Constant no, AND no, OR no, XOR no, AND-NOT no, OR-NOT no, XOR-NOT no
Left winner: Identity yes, NOT no, Constant no, AND no, OR no, XOR no, AND-NOT no, OR-NOT no, XOR-NOT no

Best right: I4 3 2 1 0: 5
Best left: I7: 1

Truncated right: I4 3 2 1 0: 5
Truncated left: I7: 1

Tentative from right
7 I4
6 I3
5 I2
4 I1
3 I0
2 pending
1 pending
0 pending

Tentative
0 I7
1 pending
2 pending
3 I0
4 I1
5 I2
6 I3
7 I4

Preferred from right
7 I4
6 I3
5 I2
4 I1
3 I0
2 ??7
1 ??6
0 I7

Preferred from left
0 I7
1 ?06
2 ?17
3 I0
4 I1
5 I2
6 I3
7 I4

Preferred
0 I7
1 ?06 ?60
2 ?17 ?71
3 I0
4 I1
5 I2
6 I3
7 I4

Matching
0 I7
1 ?06 ?60 - Identity absent, NOT absent, Constant C0, AND absent, OR absent, XOR absent, AND-NOT06, OR-NOT absent, XOR-NOT absent
2 ?17 ?71 - Identity absent, NOT absent, Constant C0, AND17, OR absent, XOR absent, AND-NOT absent, OR-NOT absent, XOR-NOT absent
3 I0
4 I1
5 I2
6 I3
7 I4

Perfect match
Identity no
NOT no
Constant yes
AND no
OR no
XOR no
AND-NOT no
OR-NOT no
XOR-NOT no

Matched
0 I7
1 C0
2 C0
3 I0
4 I1
5 I2
6 I3
7 I4

Selected
0 I7
1 C0
2 C0
3 I0
4 I1
5 I2
6 I3
7 I4

Applying to 00101001
Input
0 0
1 0
2 1
3 0
4 1
5 0
6 0
7 1
Output
0 I7 = 1
1 C0 = 0
2 C0 = 0
3 I0 = 0
4 I1 = 0
5 I2 = 1
6 I3 = 0
7 I4 = 1

I will now return the answer in \boxed{}
The answer in \boxed is
\boxed{10000101}