We need to deduce the transformation by matching the example outputs.
I will put my final answer inside \boxed{}.

Output 0: 01111111
0 0
1 1
2 1
3 1
4 1
5 1
6 1
7 1

Output 1: 00111110
0 0
1 0
2 1
3 1
4 1
5 1
6 1
7 0

Output 2: 11000011
0 1
1 1
2 0
3 0
4 0
5 0
6 1
7 1

Output 3: 00111111
0 0
1 0
2 1
3 1
4 1
5 1
6 1
7 1

Output 4: 11111100
0 1
1 1
2 1
3 1
4 1
5 1
6 0
7 0

Output 5: 11111110
0 1
1 1
2 1
3 1
4 1
5 1
6 1
7 0

Output 6: 01111100
0 0
1 1
2 1
3 1
4 1
5 1
6 0
7 0

Output 7: 00101011
0 0
1 0
2 1
3 0
4 1
5 0
6 1
7 1

Output 8: 00111111
0 0
1 0
2 1
3 1
4 1
5 1
6 1
7 1

Output bit columns (with bitsum as hash)
0 001011000 3
1 101011100 5
2 110111111 8
3 110111101 7
4 110111111 8
5 110111101 7
6 111101011 7
7 101100011 5

Input 0: 10111101
0 1
1 0
2 1
3 1
4 1
5 1
6 0
7 1

Input 1: 11011001
0 1
1 1
2 0
3 1
4 1
5 0
6 0
7 1

Input 2: 00001010
0 0
1 0
2 0
3 0
4 1
5 0
6 1
7 0

Input 3: 01011001
0 0
1 1
2 0
3 1
4 1
5 0
6 0
7 1

Input 4: 11110001
0 1
1 1
2 1
3 1
4 0
5 0
6 0
7 1

Input 5: 11111011
0 1
1 1
2 1
3 1
4 1
5 0
6 1
7 1

Input 6: 10110001
0 1
1 0
2 1
3 1
4 0
5 0
6 0
7 1

Input 7: 10100110
0 1
1 0
2 1
3 0
4 0
5 1
6 1
7 0

Input 8: 11011110
0 1
1 1
2 0
3 1
4 1
5 1
6 1
7 0

When matching output
x: not in operator
y: wrong position

Identity
0 110011111 7
1 010111001 5
2 100011110 5
3 110111101 7 match 3 5
4 111101001 6
5 100000011 3
6 001001011 4
7 110111100 6

Matching output
0 absent
1 absent
2 absent
3 3
4 absent
5 3
6 absent
7 absent

Left
none
Best: none

Right
none
Best: none

NOT
0 001100000 2
1 101000110 4
2 011100001 4
3 001000010 2
4 000010110 3
5 011111100 6
6 110110100 5
7 001000011 3

Matching output
0 absent
1 absent
2 absent
3 absent
4 absent
5 absent
6 absent
7 absent

Left
none
Best: none

Right
none
Best: none

Constant
0 000000000 a
1 111111111 a

Matching output
0 absent
1 absent
2 absent
3 absent
4 absent
5 absent
6 absent
7 absent

Left
none
Best: none

Right
none
Best: none

AND
01 10 010011001 4
12 21 000011000 2
23 32 100011100 4
34 43 110101001 5
45 54 100000001 2
56 65 000000011 2
67 76 000001000 1
70 07 110011100 5

02 20 100011110 5
13 31 010111001 5
24 42 100001000 2
35 53 100000001 2
46 64 001001001 3
57 75 100000000 1
60 06 000001011 3
71 17 010111000 4

03 30 110011101 6
14 41 010101001 4
25 52 100000010 2
36 63 000001001 2
47 74 110101000 4
50 05 100000011 3
61 16 000001001 2
72 27 100011100 4

04 40 110001001 4
15 51 000000001 1
26 62 000001010 2
37 73 110111100 6

Matching output
0 absent
1 absent
2 absent
3 absent
4 absent
5 absent
6 absent
7 absent

Left
none
Best: none

Right
none
Best: none

OR
01 10 110111111 8 match 2 4
12 21 110111111 8 match 2 4
23 32 110111111 8 match 2 4
34 43 111111101 8
45 54 111101011 7 match 6
56 65 101001011 5
67 76 111111111 a
70 07 110111111 8 match 2 4

02 20 110011111 7
13 31 110111101 7 match 3 5
24 42 111111111 a
35 53 110111111 8 match 2 4
46 64 111101011 7 match 6
57 75 110111111 8 match 2 4
60 06 111011111 8
71 17 110111101 7 match 3 5

03 30 110111111 8 match 2 4
14 41 111111001 7
25 52 100011111 6
36 63 111111111 a
47 74 111111101 8
50 05 110011111 7
61 16 011111011 7
72 27 110111110 7

04 40 111111111 a
15 51 110111011 7
26 62 101011111 7
37 73 110111101 7 match 3 5

Matching output
0 absent
1 absent
2 01 10 12 21 23 32 70 07 35 53 57 75 03 30
3 13 31 71 17 37 73
4 01 10 12 21 23 32 70 07 35 53 57 75 03 30
5 13 31 71 17 37 73
6 45 54 46 64
7 absent

Left
none
Best: none

Right
none
Best: none

XOR
01 10 100100110 4
12 21 110100111 6
23 32 010100011 4
34 43 001010100 3
45 54 011101010 5
56 65 101001000 3
67 76 111110111 8
70 07 000100011 3

02 20 010000001 2
13 31 100000100 2
24 42 011110111 7
35 53 010111110 6
46 64 110100010 4
57 75 010111111 7
60 06 111010100 5
71 17 100000101 3

03 30 000100010 2
14 41 101010000 3
25 52 000011101 4
36 63 111110110 7
47 74 001010101 4
50 05 010011100 4
61 16 011110010 5
72 27 010100010 3

04 40 001110110 5
15 51 110111010 6
26 62 101010101 5
37 73 000000001 1

Matching output
0 absent
1 absent
2 absent
3 absent
4 absent
5 absent
6 absent
7 absent

Left
none
Best: none

Right
none
Best: none

AND-NOT
01 100000110 3
12 010100001 3
23 000000010 1
34 000010100 2
45 011101000 4
56 100000000 1
67 001000011 3
70 000100000 1

02 010000001 2
13 000000000 a
24 000010110 3
35 010111100 5
46 110100000 3
57 000000011 2
60 001000000 1
71 100000100 2

03 000000010 1
14 000010000 1
25 000011100 3
36 110110100 5
47 001000001 2
50 000000000 a
61 001000010 2
72 010100000 2

04 000010110 3
15 010111000 4
26 100010100 3
37 000000001 1
40 001100000 2
51 100000010 2
62 001000001 2
73 000000000 a

05 010011100 4
16 010110000 3
27 000000010 1
30 000100000 1
41 101000000 2
52 000000001 1
63 001000010 2
74 000010100 2

06 110010100 4
17 000000001 1
20 000000000 a
31 100000100 2
42 011100001 4
53 000000010 1
64 000000010 1
75 010111100 5

07 000000011 2
10 000100000 1
21 100000110 3
32 010100001 3
43 001000000 1
54 000000010 1
65 001001000 2
76 110110100 5

Matching output
0 absent
1 absent
2 absent
3 absent
4 absent
5 absent
6 absent
7 absent

Left
none
Best: none

Right
none
Best: none

OR-NOT
01 111011111 8
12 011111001 6
23 101011110 6
34 110111111 8 match 2 4
45 111111101 8
56 110110111 7
67 001001011 4
70 111111100 7

02 111111111 a
13 011111011 7
24 100011110 5
35 111111101 8
46 111111101 8
57 101000011 4
60 001101011 5
71 111111110 8

03 111011111 8
14 010111111 7
25 111111110 8
36 110111101 7 match 3 5
47 111101011 7 match 6
50 101100011 5 match 7
61 101001111 6
72 111111101 8

04 110011111 7
15 011111101 7
26 110111110 7
37 111111111 a
40 111101001 6
51 101000111 5
62 011101011 6
73 111111110 8

05 111111111 a
16 110111101 7 match 3 5
27 101011111 7
30 111111101 8
41 111101111 8
52 111100011 6
63 001001011 4
74 110111110 7

06 110111111 8 match 2 4
17 011111011 7
20 101111110 7
31 111111111 a
42 111101001 6
53 101000011 4
64 001011111 6
75 111111100 7

07 111011111 8
10 011111001 6
21 101011110 6
32 111111101 8
43 111101011 7 match 6
54 100010111 5
65 011111111 8
76 110111100 6

Matching output
0 absent
1 absent
2 34 06
3 36 16
4 34 06
5 36 16
6 47 43
7 50

Left
none
Best: none

Right
50 47 36 25x
Best: OR-NOT50 47 36: 3

XOR-NOT
01 011011001 5
12 001011000 3 match 0
23 101011100 5 match 1
34 110101011 6
45 100010101 4
56 010110111 6
67 000001000 1
70 111011100 6

02 101111110 7
13 011111011 7
24 100001000 2
35 101000001 3
46 001011101 5
57 101000000 2
60 000101011 4
71 011111010 6

03 111011101 7
14 010101111 6
25 111100010 5
36 000001001 2
47 110101010 5
50 101100011 5 match 7
61 100001101 4
72 101011101 6

04 110001001 4
15 001000101 3
26 010101010 4
37 111111110 8
40 110001001 4
51 001000101 3
62 010101010 4
73 111111110 8

05 101100011 5 match 7
16 100001101 4
27 101011101 6
30 111011101 7
41 010101111 6
52 111100010 5
63 000001001 2
74 110101010 5

06 000101011 4
17 011111010 6
20 101111110 7
31 011111011 7
42 100001000 2
53 101000001 3
64 001011101 5
75 101000000 2

07 111011100 6
10 011011001 5
21 001011000 3 match 0
32 101011100 5 match 1
43 110101011 6
54 100010101 4
65 010110111 6
76 000001000 1

Matching output
0 12 21
1 23 32
2 absent
3 absent
4 absent
5 absent
6 absent
7 50 05

Left
12 23 34x
21 32 43x
Best: XOR-NOT12 23: 2

Right
50 47x
05 74x
Best: XOR-NOT50: 1

Selecting

Lefts
Identity none
NOT none
Constant none
AND none
OR none
XOR none
AND-NOT none
OR-NOT none
XOR-NOT XOR-NOT12 23: 2

Rights
Identity none
NOT none
Constant none
AND none
OR none
XOR none
AND-NOT none
OR-NOT OR-NOT50 47 36: 3
XOR-NOT XOR-NOT50: 1

Left longest: 2
Right longest: 3

Right winner: Identity no, NOT no, Constant no, AND no, OR no, XOR no, AND-NOT no, OR-NOT yes, XOR-NOT no
Left winner: Identity no, NOT no, Constant no, AND no, OR no, XOR no, AND-NOT no, OR-NOT no, XOR-NOT yes

Best right: OR-NOT50 47 36: 3
Best left: XOR-NOT12 23: 2

Truncated right: OR-NOT50 47 36: 3
Truncated left: XOR-NOT12 23: 2

Tentative from right
7 OR-NOT50
6 OR-NOT47
5 OR-NOT36
4 pending
3 pending
2 pending
1 pending
0 pending

Tentative
0 XOR-NOT12
1 XOR-NOT23
2 pending
3 pending
4 pending
5 OR-NOT36
6 OR-NOT47
7 OR-NOT50

Preferred from right
7 OR-NOT50
6 OR-NOT47
5 OR-NOT36
4 ?25
3 ?14
2 ?03
1 XOR-NOT23
0 XOR-NOT12

Preferred from left
0 XOR-NOT12
1 XOR-NOT23
2 ?03
3 ?14
4 ?25
5 OR-NOT36
6 OR-NOT47
7 OR-NOT50

Preferred
0 XOR-NOT12
1 XOR-NOT23
2 ?03 ?30
3 ?14 ?41
4 ?25 ?52
5 OR-NOT36
6 OR-NOT47
7 OR-NOT50

Matching
0 XOR-NOT12
1 XOR-NOT23
2 ?03 ?30 - Identity absent, NOT absent, Constant absent, AND absent, OR03, XOR absent, AND-NOT absent, OR-NOT absent, XOR-NOT absent
3 ?14 ?41 - Identity absent, NOT absent, Constant absent, AND absent, OR absent, XOR absent, AND-NOT absent, OR-NOT absent, XOR-NOT absent
4 ?25 ?52 - Identity absent, NOT absent, Constant absent, AND absent, OR absent, XOR absent, AND-NOT absent, OR-NOT absent, XOR-NOT absent
5 OR-NOT36
6 OR-NOT47
7 OR-NOT50

Perfect match
Identity no
NOT no
Constant no
AND no
OR no
XOR no
AND-NOT no
OR-NOT no
XOR-NOT no

Matched
0 XOR-NOT12
1 XOR-NOT23
2 OR03
3 none
4 none
5 OR-NOT36
6 OR-NOT47
7 OR-NOT50


Reselect (whole-word coverage)
0 XOR-NOT12
1 XOR-NOT23
2 OR01
3 OR13
4 OR01
5 OR13
6 OR45
7 OR-NOT50
Selected
0 XOR-NOT12
1 XOR-NOT23
2 OR01
3 OR13
4 OR01
5 OR13
6 OR45
7 OR-NOT50

Applying to 01100011
Input
0 0
1 1
2 1
3 0
4 0
5 0
6 1
7 1
Output
0 XOR-NOT12 = XOR(1,NOT(1)) = 1
1 XOR-NOT23 = XOR(1,NOT(0)) = 0
2 OR01 = OR(0,1) = 1
3 OR13 = OR(1,0) = 1
4 OR01 = OR(0,1) = 1
5 OR13 = OR(1,0) = 1
6 OR45 = OR(0,0) = 0
7 OR-NOT50 = OR(0,NOT(0)) = 1

I will now return the answer in \boxed{}
The answer in \boxed{–} is \boxed{10111101}