We need to deduce the transformation by matching the example outputs.
I will put my final answer inside \boxed{}.

Output 0: 11010011
0 1
1 1
2 0
3 1
4 0
5 0
6 1
7 1

Output 1: 00001011
0 0
1 0
2 0
3 0
4 1
5 0
6 1
7 1

Output 2: 00011100
0 0
1 0
2 0
3 1
4 1
5 1
6 0
7 0

Output 3: 00110100
0 0
1 0
2 1
3 1
4 0
5 1
6 0
7 0

Output 4: 11011110
0 1
1 1
2 0
3 1
4 1
5 1
6 1
7 0

Output 5: 01001010
0 0
1 1
2 0
3 0
4 1
5 0
6 1
7 0

Output 6: 00010000
0 0
1 0
2 0
3 1
4 0
5 0
6 0
7 0

Output 7: 00111100
0 0
1 0
2 1
3 1
4 1
5 1
6 0
7 0

Output bit columns (with bitsum as hash)
0 10001000 2
1 10001100 3
2 00010001 2
3 10111011 6
4 01101101 5
5 00111001 4
6 11001100 4
7 11000000 2

Input 0: 10011111
0 1
1 0
2 0
3 1
4 1
5 1
6 1
7 1

Input 1: 01010111
0 0
1 1
2 0
3 1
4 0
5 1
6 1
7 1

Input 2: 10111000
0 1
1 0
2 1
3 1
4 1
5 0
6 0
7 0

Input 3: 11101001
0 1
1 1
2 1
3 0
4 1
5 0
6 0
7 1

Input 4: 10011001
0 1
1 0
2 0
3 1
4 1
5 0
6 0
7 1

Input 5: 11010100
0 1
1 1
2 0
3 1
4 0
5 1
6 0
7 0

Input 6: 00100000
0 0
1 0
2 1
3 0
4 0
5 0
6 0
7 0

Input 7: 11101101
0 1
1 1
2 1
3 0
4 1
5 1
6 0
7 1

When matching output
x: not in operator
y: wrong position

Identity
0 10111101 6
1 01010101 4
2 00110011 4
3 11101100 5
4 10111001 5
5 11000101 4
6 11000000 2 match 7
7 11011001 5

Matching output
0 absent
1 absent
2 absent
3 absent
4 absent
5 absent
6 absent
7 6

Left
none
Best: none

Right
6 5x
Best: I6: 1

NOT
0 01000010 2
1 10101010 4
2 11001100 4 match 6
3 00010011 3
4 01000110 3
5 00111010 4
6 00111111 6
7 00100110 3

Matching output
0 absent
1 absent
2 absent
3 absent
4 absent
5 absent
6 2
7 absent

Left
none
Best: none

Right
none
Best: none

Constant
0 00000000 a
1 11111111 a

Matching output
0 absent
1 absent
2 absent
3 absent
4 absent
5 absent
6 absent
7 absent

Left
none
Best: none

Right
none
Best: none

AND
01 10 00010101 3
12 21 00010001 2 match 2
23 32 00100000 1
34 43 10101000 3
45 54 10000001 2
56 65 11000000 2 match 7
67 76 11000000 2 match 7
70 07 10011001 4

02 20 00110001 3
13 31 01000100 2
24 42 00110001 3
35 53 11000100 3
46 64 10000000 1
57 75 11000001 3
60 06 10000000 1
71 17 01010001 3

03 30 10101100 4
14 41 00010001 2 match 2
25 52 00000001 1
36 63 11000000 2 match 7
47 74 10011001 4
50 05 10000101 3
61 16 01000000 1
72 27 00010001 2 match 2

04 40 10111001 5
15 51 01000101 3
26 62 00000000 a
37 73 11001000 3

Matching output
0 absent
1 absent
2 12 21 14 41 72 27
3 absent
4 absent
5 absent
6 absent
7 56 65 67 76 36 63

Left
none
Best: none

Right
56 45x
65 54x
67 56y
76 65y
36 25x
63 52x
Best: AND56: 1

OR
01 10 11111101 7
12 21 01110111 6
23 32 11111111 a
34 43 11111101 7
45 54 11111101 7
56 65 11000101 4
67 76 11011001 5
70 07 11111101 7

02 20 10111111 7
13 31 11111101 7
24 42 10111011 6 match 3
35 53 11101101 6
46 64 11111001 6
57 75 11011101 6
60 06 11111101 7
71 17 11011101 6

03 30 11111101 7
14 41 11111101 7
25 52 11110111 7
36 63 11101100 5
47 74 11111001 6
50 05 11111101 7
61 16 11010101 5
72 27 11111011 7

04 40 10111101 6
15 51 11010101 5
26 62 11110011 6
37 73 11111101 7

Matching output
0 absent
1 absent
2 absent
3 24 42
4 absent
5 absent
6 absent
7 absent

Left
none
Best: none

Right
none
Best: none

XOR
01 10 11101000 4
12 21 01100110 4
23 32 11011111 7
34 43 01010101 4
45 54 01111100 5
56 65 00000101 2
67 76 00011001 3
70 07 01100100 3

02 20 10001110 4
13 31 10111001 5
24 42 10001010 3
35 53 00101001 3
46 64 01111001 5
57 75 00011100 3
60 06 01111101 6
71 17 10001100 3 match 1

03 30 01010001 3
14 41 11101100 5
25 52 11110110 6
36 63 00101100 3
47 74 01100000 2
50 05 01111000 4
61 16 10010101 4
72 27 11101010 5

04 40 00000100 1
15 51 10010000 2
26 62 11110011 6
37 73 00110101 4

Matching output
0 absent
1 71 17
2 absent
3 absent
4 absent
5 absent
6 absent
7 absent

Left
none
Best: none

Right
none
Best: none

AND-NOT
01 10101000 3
12 01000100 2
23 00010011 3
34 01000100 2
45 00111000 3
56 00000101 2
67 00000000 a
70 01000000 1

02 10001100 3 match 1
13 00010001 2 match 2
24 00000010 1
35 00101000 2
46 00111001 4 match 5
57 00000100 1
60 01000000 1
71 10001000 2 match 0

03 00010001 2 match 2
14 01000100 2
25 00110010 3
36 00101100 3
47 00100000 1
50 01000000 1
61 10000000 1
72 11001000 3

04 00000100 1
15 00010000 1
26 00110011 4
37 00100100 2
40 00000000 a
51 10000000 1
62 11000000 2 match 7
73 00010001 2 match 2

05 00111000 3
16 00010101 3
27 00100010 2
30 01000000 1
41 10101000 3
52 11000100 3
63 00000000 a
74 01000000 1

06 00111101 5
17 00000100 1
20 00000010 1
31 10101000 3
42 10001000 2 match 0
53 00000001 1
64 01000000 1
75 00011000 2

07 00100100 2
10 01000000 1
21 00100010 2
32 11001100 4 match 6
43 00010001 2 match 2
54 01000100 2
65 00000000 a
76 00011001 3

Matching output
0 71 42
1 02
2 13 03 73 43
3 absent
4 absent
5 46
6 32
7 62

Left
71 02 13 24x
42 53x
Best: AND-NOT71 02 13: 3

Right
62 51x
Best: AND-NOT62: 1

OR-NOT
01 10111111 7
12 11011101 6
23 00110011 4
34 11101110 6
45 10111011 6 match 3
56 11111111 a
67 11100110 5
70 11011011 6

02 11111101 7
13 01010111 5
24 01110111 6
35 11111110 7
46 10111111 7
57 11100111 6
60 11000010 3
71 11111011 7

03 10111111 7
14 01010111 5
25 00111011 5
36 11111111 a
47 10111111 7
50 11000111 5
61 11101010 5
72 11011101 6

04 11111111 a
15 01111111 7
26 00111111 6
37 11101110 6
40 11111011 7
51 11101111 7
62 11001100 4 match 6
73 11011011 6

05 10111111 7
16 01111111 7
27 00110111 5
30 11101110 6
41 10111011 6 match 3
52 11001101 5
63 11010011 5
74 11011111 7

06 10111111 7
17 01110111 6
20 01110011 5
31 11101110 6
42 11111101 7
53 11010111 6
64 11000110 4
75 11111011 7

07 10111111 7
10 01010111 5
21 10111011 6 match 3
32 11101100 5
43 10111011 6 match 3
54 11000111 5
65 11111010 6
76 11111111 a

Matching output
0 absent
1 absent
2 absent
3 45 41 21 43
4 absent
5 absent
6 62
7 absent

Left
none
Best: none

Right
none
Best: none

XOR-NOT
01 00010111 4
12 10011001 4
23 00100000 1
34 10101010 4
45 10000011 3
56 11111010 6
67 11100110 5
70 10011011 5

02 01110001 4
13 01000110 3
24 01110101 5
35 11010110 5
46 10000110 3
57 11100011 5
60 10000010 2
71 01110011 5

03 10101110 5
14 00010011 3
25 00001001 2
36 11010011 5
47 10011111 6
50 10000111 4
61 01101010 4
72 00010101 3

04 11111011 7
15 01101111 6
26 00001100 2
37 11001010 4
40 11111011 7
51 01101111 6
62 00001100 2
73 11001010 4

05 10000111 4
16 01101010 4
27 00010101 3
30 10101110 5
41 00010011 3
52 00001001 2
63 11010011 5
74 10011111 6

06 10000010 2
17 01110011 5
20 01110001 4
31 01000110 3
42 01110101 5
53 11010110 5
64 10000110 3
75 11100011 5

07 10011011 5
10 00010111 4
21 10011001 4
32 00100000 1
43 10101010 4
54 10000011 3
65 11111010 6
76 11100110 5

Matching output
0 absent
1 absent
2 absent
3 absent
4 absent
5 absent
6 absent
7 absent

Left
none
Best: none

Right
none
Best: none

Selecting

Lefts
Identity none
NOT none
Constant none
AND none
OR none
XOR none
AND-NOT AND-NOT71 02 13: 3
OR-NOT none
XOR-NOT none

Rights
Identity I6: 1
NOT none
Constant none
AND AND56: 1
OR none
XOR none
AND-NOT AND-NOT62: 1
OR-NOT none
XOR-NOT none

Left longest: 3
Right longest: 1

Left winner: Identity no, NOT no, Constant no, AND no, OR no, XOR no, AND-NOT yes, OR-NOT no, XOR-NOT no
Right winner: Identity yes, NOT no, Constant no, AND no, OR no, XOR no, AND-NOT no, OR-NOT no, XOR-NOT no

Best left: AND-NOT71 02 13: 3
Best right: I6: 1

Truncated left: AND-NOT71 02 13: 3
Truncated right: I6: 1

Tentative from right
7 I6
6 pending
5 pending
4 pending
3 pending
2 pending
1 pending
0 pending

Tentative
0 AND-NOT71
1 AND-NOT02
2 AND-NOT13
3 pending
4 pending
5 pending
6 pending
7 I6

Preferred from left
0 AND-NOT71
1 AND-NOT02
2 AND-NOT13
3 ?24
4 ?35
5 ?46
6 ?57
7 I6

Preferred from right
7 I6
6 ?57
5 ?46
4 ?35
3 ?24
2 AND-NOT13
1 AND-NOT02
0 AND-NOT71

Preferred
0 AND-NOT71
1 AND-NOT02
2 AND-NOT13
3 ?24 ?42
4 ?35 ?53
5 ?46 ?64
6 ?57 ?75
7 I6

Matching
0 AND-NOT71
1 AND-NOT02
2 AND-NOT13
3 ?24 ?42 - Identity absent, NOT absent, Constant absent, AND absent, OR24, XOR absent, AND-NOT absent, OR-NOT absent, XOR-NOT absent
4 ?35 ?53 - Identity absent, NOT absent, Constant absent, AND absent, OR absent, XOR absent, AND-NOT absent, OR-NOT absent, XOR-NOT absent
5 ?46 ?64 - Identity absent, NOT absent, Constant absent, AND absent, OR absent, XOR absent, AND-NOT46, OR-NOT absent, XOR-NOT absent
6 ?57 ?75 - Identity absent, NOT absent, Constant absent, AND absent, OR absent, XOR absent, AND-NOT absent, OR-NOT absent, XOR-NOT absent
7 I6

Perfect match
Identity no
NOT no
Constant no
AND no
OR no
XOR no
AND-NOT no
OR-NOT no
XOR-NOT no

Matched
0 AND-NOT71
1 AND-NOT02
2 AND-NOT13
3 OR24
4 none
5 AND-NOT46
6 none
7 I6

Selected
0 AND-NOT71
1 AND-NOT02
2 AND-NOT13
3 OR24
4 CH(5,1,3)
5 AND-NOT46
6 CH(1,3,7)
7 I6

Applying to 10111101
Input
0 1
1 0
2 1
3 1
4 1
5 1
6 0
7 1
Output
0 AND-NOT71 = AND(1,NOT(0)) = 1
1 AND-NOT02 = AND(1,NOT(1)) = 0
2 AND-NOT13 = AND(0,NOT(1)) = 0
3 OR24 = OR(1,1) = 1
4 CH(5,1,3) = CH(1,0,1) = 0
5 AND-NOT46 = AND(1,NOT(0)) = 1
6 CH(1,3,7) = CH(0,1,1) = 1
7 I6 = 0

I will now return the answer in \boxed{}
The answer in \boxed{–} is \boxed{10010110}