We need to deduce the transformation by matching the example outputs.
I will put my final answer inside \boxed{}.

Output 0: 01000101
0 0
1 1
2 0
3 0
4 0
5 1
6 0
7 1

Output 1: 00100110
0 0
1 0
2 1
3 0
4 0
5 1
6 1
7 0

Output 2: 10110100
0 1
1 0
2 1
3 1
4 0
5 1
6 0
7 0

Output 3: 00110111
0 0
1 0
2 1
3 1
4 0
5 1
6 1
7 1

Output 4: 00000100
0 0
1 0
2 0
3 0
4 0
5 1
6 0
7 0

Output 5: 10110110
0 1
1 0
2 1
3 1
4 0
5 1
6 1
7 0

Output 6: 00110111
0 0
1 0
2 1
3 1
4 0
5 1
6 1
7 1

Output 7: 01110111
0 0
1 1
2 1
3 1
4 0
5 1
6 1
7 1

Output 8: 01010111
0 0
1 1
2 0
3 1
4 0
5 1
6 1
7 1

Output bit columns (with bitsum as hash)
0 001001000 2
1 100000011 3
2 011101110 6
3 001101111 6
4 000000000 a
5 111111111 a
6 010101111 6
7 100100111 5

Input 0: 10110001
0 1
1 0
2 1
3 1
4 0
5 0
6 0
7 1

Input 1: 11011000
0 1
1 1
2 0
3 1
4 1
5 0
6 0
7 0

Input 2: 00011101
0 0
1 0
2 0
3 1
4 1
5 1
6 0
7 1

Input 3: 11010010
0 1
1 1
2 0
3 1
4 0
5 0
6 1
7 0

Input 4: 10011001
0 1
1 0
2 0
3 1
4 1
5 0
6 0
7 1

Input 5: 01001000
0 0
1 1
2 0
3 0
4 1
5 0
6 0
7 0

Input 6: 10000111
0 1
1 0
2 0
3 0
4 0
5 1
6 1
7 1

Input 7: 11111010
0 1
1 1
2 1
3 1
4 1
5 0
6 1
7 0

Input 8: 11101110
0 1
1 1
2 1
3 0
4 1
5 1
6 1
7 0

When matching output
x: not in operator
y: wrong position

Identity
0 110110111 7
1 010101011 5
2 100000011 3 match 1
3 111110010 6
4 011011011 6
5 001000101 3
6 000100111 4
7 101010100 4

Matching output
0 absent
1 2
2 absent
3 absent
4 absent
5 absent
6 absent
7 absent

Left
none
Best: none

Right
none
Best: none

NOT
0 001001000 2 match 0
1 101010100 4
2 011111100 6
3 000001101 3
4 100100100 3
5 110111010 6
6 111011000 5
7 010101011 5

Matching output
0 0
1 absent
2 absent
3 absent
4 absent
5 absent
6 absent
7 absent

Left
0 1x
Best: NOT0: 1

Right
none
Best: none

Constant
0 000000000 a match 4
1 111111111 a match 5

Matching output
0 absent
1 absent
2 absent
3 absent
4 C0
5 C1
6 absent
7 absent

Left
none
Best: none

Right
none
Best: none

AND
01 10 010100011 4
12 21 000000011 2
23 32 100000010 2
34 43 011010010 4
45 54 001000001 2
56 65 000000101 2
67 76 000000100 1
70 07 100010100 3

02 20 100000011 3 match 1
13 31 010100010 3
24 42 000000011 2
35 53 001000000 1
46 64 000000011 2
57 75 001000100 2
60 06 000100111 4
71 17 000000000 a match 4

03 30 110110010 5
14 41 010001011 4
25 52 000000001 1
36 63 000100010 2
47 74 001010000 2
50 05 000000101 2
61 16 000100011 3
72 27 100000000 1

04 40 010010011 4
15 51 000000001 1
26 62 000000011 2
37 73 101010000 3

Matching output
0 absent
1 02 20
2 absent
3 absent
4 71 17
5 absent
6 absent
7 absent

Left
none
Best: none

Right
none
Best: none

OR
01 10 110111111 8
12 21 110101011 6
23 32 111110011 7
34 43 111111011 8
45 54 011011111 7
56 65 001100111 5
67 76 101110111 7
70 07 111110111 8

02 20 110110111 7
13 31 111111011 8
24 42 111011011 7
35 53 111110111 8
46 64 011111111 8
57 75 101010101 5
60 06 110110111 7
71 17 111111111 a match 5

03 30 111110111 8
14 41 011111011 7
25 52 101000111 5
36 63 111110111 8
47 74 111011111 8
50 05 111110111 8
61 16 010101111 6 match 6
72 27 101010111 6

04 40 111111111 a match 5
15 51 011101111 7
26 62 100100111 5 match 7
37 73 111110110 7

Matching output
0 absent
1 absent
2 absent
3 absent
4 absent
5 71 17 04 40
6 61 16
7 26 62

Left
none
Best: none

Right
26 15x
62 51x
Best: OR26: 1

XOR
01 10 100011100 4
12 21 110101000 4
23 32 011110001 5
34 43 100101001 4
45 54 010011110 5
56 65 001100010 3
67 76 101110011 6
70 07 011100011 5

02 20 010110100 4
13 31 101011001 5
24 42 111011000 5
35 53 110110111 7
46 64 011111100 6
57 75 100010001 3
60 06 110010000 3
71 17 111111111 a match 5

03 30 001000101 3
14 41 001110000 3
25 52 101000110 4
36 63 111010101 6
47 74 110001111 6
50 05 111110010 6
61 16 010001100 3
72 27 001010111 5

04 40 101101100 5
15 51 011101110 6 match 2
26 62 100100100 3
37 73 010100110 4

Matching output
0 absent
1 absent
2 15 51
3 absent
4 absent
5 71 17
6 absent
7 absent

Left
none
Best: none

Right
none
Best: none

AND-NOT
01 100010100 3
12 010101000 3
23 000000001 1
34 100100000 2
45 010011010 4
56 001000000 1
67 000100011 3
70 001000000 1

02 010110100 4
13 000001001 2
24 100000000 1
35 110110010 5
46 011011000 4
57 000000001 1
60 000000000 a match 4
71 101010100 4

03 000000101 2
14 000100000 1
25 100000010 2
36 111010000 4
47 010001011 4
50 001000000 1
61 000000100 1
72 001010100 3

04 100100100 3
15 010101010 4
26 100000000 1
37 010100010 3
40 001001000 2 match 0
51 001000100 2
62 000100100 2
73 000000100 1

05 110110010 5
16 010001000 2
27 000000011 2
30 001000000 1
41 001010000 2
52 001000100 2
63 000000101 2
74 100000100 2

06 110010000 3
17 010101011 5
20 000000000 a match 4
31 101010000 3
42 011011000 4
53 000000101 2
64 000100100 2
75 100010000 2

07 010100011 4
10 000001000 1
21 100000000 1
32 011110000 4
43 000001001 2
54 000000100 1
65 000100010 2
76 101010000 3

Matching output
0 40
1 absent
2 absent
3 absent
4 60 20
5 absent
6 absent
7 absent

Left
40 51x
Best: AND-NOT40: 1

Right
none
Best: none

OR-NOT
01 111110111 8
12 011111111 8
23 100001111 5
34 111110110 7
45 111111011 8
56 111011101 7
67 010101111 6 match 6
70 101011100 5

02 111111111 a match 5
13 010101111 6 match 6
24 100100111 5 match 7
35 111111010 7
46 111011011 7
57 011101111 7
60 001101111 6 match 3
71 101010100 4

03 110111111 8
14 110101111 7
25 110111011 7
36 111111010 7
47 011111011 7
50 001001101 4
61 101110111 7
72 111111100 7

04 110110111 7
15 110111011 7
26 111011011 7
37 111111011 8
40 011011011 6
51 101010101 5
62 011111111 8
73 101011101 6

05 110111111 8
16 111111011 8
27 110101011 6
30 111111010 7
41 111011111 8
52 011111101 7
63 000101111 5
74 101110100 5

06 111111111 a match 5
17 010101011 5
20 101001011 5
31 111110110 7
42 011111111 8
53 001001101 4
64 100100111 5 match 7
75 111111110 8

07 110111111 8
10 011101011 6
21 101010111 6
32 111111110 8
43 011011111 7
54 101100101 5
65 110111111 8
76 111011100 6

Matching output
0 absent
1 absent
2 absent
3 60
4 absent
5 02 06
6 67 13
7 24 64

Left
none
Best: none

Right
24 13 02 71x
64 53x
Best: OR-NOT24 13 02: 3

XOR-NOT
01 011100011 5
12 001010111 5
23 100001110 4
34 011010110 5
45 101100001 4
56 110011101 6
67 010001100 3
70 100011100 4

02 101001011 5
13 010100110 4
24 000100111 4
35 001001000 2 match 0
46 100000011 3 match 1
57 011101110 6 match 2
60 001101111 6 match 3
71 000000000 a match 4

03 110111010 6
14 110001111 6
25 010111001 5
36 000101010 3
47 001110000 3
50 000001101 3
61 101110011 6
72 110101000 4

04 010010011 4
15 100010001 3
26 011011011 6
37 101011001 5
40 010010011 4
51 100010001 3
62 011011011 6
73 101011001 5

05 000001101 3
16 101110011 6
27 110101000 4
30 110111010 6
41 110001111 6
52 010111001 5
63 000101010 3
74 001110000 3

06 001101111 6 match 3
17 000000000 a match 4
20 101001011 5
31 010100110 4
42 000100111 4
53 001001000 2 match 0
64 100000011 3 match 1
75 011101110 6 match 2

07 100011100 4
10 011100011 5
21 001010111 5
32 100001110 4
43 011010110 5
54 101100001 4
65 110011101 6
76 010001100 3

Matching output
0 35 53
1 46 64
2 57 75
3 60 06
4 71 17
5 absent
6 absent
7 absent

Left
35 46 57 60 71 02x
53 64 75 06 17 20x
Best: XOR-NOT35 46 57 60 71: 5

Right
none
Best: none

Selecting

Lefts
Identity none
NOT NOT0: 1
Constant none
AND none
OR none
XOR none
AND-NOT AND-NOT40: 1
OR-NOT none
XOR-NOT XOR-NOT35 46 57 60 71: 5

Rights
Identity none
NOT none
Constant none
AND none
OR OR26: 1
XOR none
AND-NOT none
OR-NOT OR-NOT24 13 02: 3
XOR-NOT none

Left longest: 5
Right longest: 3

Left winner: Identity no, NOT no, Constant no, AND no, OR no, XOR no, AND-NOT no, OR-NOT no, XOR-NOT yes
Right winner: Identity no, NOT no, Constant no, AND no, OR no, XOR no, AND-NOT no, OR-NOT yes, XOR-NOT no

Best left: XOR-NOT35 46 57 60 71: 5
Best right: OR-NOT24 13 02: 3

Truncated left: XOR-NOT35 46 57 60 71: 5
Truncated right: OR-NOT24 13 02: 3

Tentative from right
7 OR-NOT24
6 OR-NOT13
5 OR-NOT02
4 pending
3 pending
2 pending
1 pending
0 pending

Tentative
0 XOR-NOT35
1 XOR-NOT46
2 XOR-NOT57
3 XOR-NOT60
4 XOR-NOT71
5 OR-NOT02
6 OR-NOT13
7 OR-NOT24

Preferred from left
0 XOR-NOT35
1 XOR-NOT46
2 XOR-NOT57
3 XOR-NOT60
4 XOR-NOT71
5 OR-NOT02
6 OR-NOT13
7 OR-NOT24

Preferred from right
7 OR-NOT24
6 OR-NOT13
5 OR-NOT02
4 XOR-NOT71
3 XOR-NOT60
2 XOR-NOT57
1 XOR-NOT46
0 XOR-NOT35

Preferred
0 XOR-NOT35
1 XOR-NOT46
2 XOR-NOT57
3 XOR-NOT60
4 XOR-NOT71
5 OR-NOT02
6 OR-NOT13
7 OR-NOT24

Matching
0 XOR-NOT35
1 XOR-NOT46
2 XOR-NOT57
3 XOR-NOT60
4 XOR-NOT71
5 OR-NOT02
6 OR-NOT13
7 OR-NOT24

Perfect match
Identity no
NOT no
Constant no
AND no
OR no
XOR no
AND-NOT no
OR-NOT no
XOR-NOT no

Matched
0 XOR-NOT35
1 XOR-NOT46
2 XOR-NOT57
3 XOR-NOT60
4 XOR-NOT71
5 OR-NOT02
6 OR-NOT13
7 OR-NOT24

Selected
0 XOR-NOT35
1 XOR-NOT46
2 XOR-NOT57
3 XOR-NOT60
4 XOR-NOT71
5 OR-NOT02
6 OR-NOT13
7 OR-NOT24

Applying to 11000111
Input
0 1
1 1
2 0
3 0
4 0
5 1
6 1
7 1
Output
0 XOR-NOT35 = XOR(0,NOT(1)) = 0
1 XOR-NOT46 = XOR(0,NOT(1)) = 0
2 XOR-NOT57 = XOR(1,NOT(1)) = 1
3 XOR-NOT60 = XOR(1,NOT(1)) = 1
4 XOR-NOT71 = XOR(1,NOT(1)) = 1
5 OR-NOT02 = OR(1,NOT(0)) = 1
6 OR-NOT13 = OR(1,NOT(0)) = 1
7 OR-NOT24 = OR(0,NOT(0)) = 1

I will now return the answer in \boxed{}
The answer in \boxed is
\boxed{00111111}