We need to deduce the transformation by matching the example outputs.
I will put my final answer inside \boxed{}.

Output 0: 00101000
0 0
1 0
2 1
3 0
4 1
5 0
6 0
7 0

Output 1: 11101011
0 1
1 1
2 1
3 0
4 1
5 0
6 1
7 1

Output 2: 00010100
0 0
1 0
2 0
3 1
4 0
5 1
6 0
7 0

Output 3: 01000101
0 0
1 1
2 0
3 0
4 0
5 1
6 0
7 1

Output 4: 11000111
0 1
1 1
2 0
3 0
4 0
5 1
6 1
7 1

Output 5: 01100001
0 0
1 1
2 1
3 0
4 0
5 0
6 0
7 1

Output 6: 11110011
0 1
1 1
2 1
3 1
4 0
5 0
6 1
7 1

Output 7: 00011000
0 0
1 0
2 0
3 1
4 1
5 0
6 0
7 0

Output bit columns (with bitsum as hash)
0 01001010 3
1 01011110 5
2 11000110 4
3 00100011 3
4 11000001 3
5 00111000 3
6 01001010 3
7 01011110 5

Input 0: 10100000
0 1
1 0
2 1
3 0
4 0
5 0
6 0
7 0

Input 1: 10101100
0 1
1 0
2 1
3 0
4 1
5 1
6 0
7 0

Input 2: 01010000
0 0
1 1
2 0
3 1
4 0
5 0
6 0
7 0

Input 3: 10010110
0 1
1 0
2 0
3 1
4 0
5 1
6 1
7 0

Input 4: 01011101
0 0
1 1
2 0
3 1
4 1
5 1
6 0
7 1

Input 5: 00000110
0 0
1 0
2 0
3 0
4 0
5 1
6 1
7 0

Input 6: 00001111
0 0
1 0
2 0
3 0
4 1
5 1
6 1
7 1

Input 7: 01100000
0 0
1 1
2 1
3 0
4 0
5 0
6 0
7 0

When matching output
x: not in operator
y: wrong position

Identity
0 11010000 3
1 00101001 3
2 11000001 3 match 4
3 00111000 3 match 5
4 01001010 3 match 0 6
5 01011110 5 match 1 7
6 00010110 3
7 00001010 2

Matching output
0 4
1 5
2 absent
3 absent
4 2
5 3
6 4
7 5

Left
4 5 6x
Best: I4 5: 2

Right
5 4 3 2 1x
Best: I5 4 3 2: 4

NOT
0 00101111 5
1 11010110 5
2 00111110 5
3 11000111 5
4 10110101 5
5 10100001 3
6 11101001 5
7 11110101 6

Matching output
0 absent
1 absent
2 absent
3 absent
4 absent
5 absent
6 absent
7 absent

Left
none
Best: none

Right
none
Best: none

Constant
0 00000000 a
1 11111111 a

Matching output
0 absent
1 absent
2 absent
3 absent
4 absent
5 absent
6 absent
7 absent

Left
none
Best: none

Right
none
Best: none

AND
01 10 00000000 a
12 21 00000001 1
23 32 00000000 a
34 43 00001000 1
45 54 01001010 3 match 0 6
56 65 00010110 3
67 76 00000010 1
70 07 00000000 a

02 20 11000000 2
13 31 00101000 2
24 42 01000000 1
35 53 00011000 2
46 64 00000010 1
57 75 00001010 2
60 06 00010000 1
71 17 00001000 1

03 30 00010000 1
14 41 00001000 1
25 52 01000000 1
36 63 00010000 1
47 74 00001010 2
50 05 01010000 2
61 16 00000000 a
72 27 00000000 a

04 40 01000000 1
15 51 00001000 1
26 62 00000000 a
37 73 00001000 1

Matching output
0 45 54
1 absent
2 absent
3 absent
4 absent
5 absent
6 45 54
7 absent

Left
45 56x
54 65x
Best: AND45: 1

Right
none
Best: none

OR
01 10 11111001 6
12 21 11101001 5
23 32 11111001 6
34 43 01111010 5
45 54 01011110 5 match 1 7
56 65 01011110 5 match 1 7
67 76 00011110 4
70 07 11011010 5

02 20 11010001 4
13 31 00111001 4
24 42 11001011 5
35 53 01111110 6
46 64 01011110 5 match 1 7
57 75 01011110 5 match 1 7
60 06 11010110 5
71 17 00101011 4

03 30 11111000 5
14 41 01101011 5
25 52 11011111 7
36 63 00111110 5
47 74 01001010 3 match 0 6
50 05 11011110 6
61 16 00111111 6
72 27 11001011 5

04 40 11011010 5
15 51 01111111 7
26 62 11010111 6
37 73 00111010 4

Matching output
0 47 74
1 45 54 56 65 46 64 57 75
2 absent
3 absent
4 absent
5 absent
6 47 74
7 45 54 56 65 46 64 57 75

Left
47 50x
74 05x
Best: OR47: 1

Right
45 34x
54 43x
56 45y
65 54y
46 35x
64 53x
57 46y
75 64y
Best: OR45: 1

XOR
01 10 11111001 6
12 21 11101000 4
23 32 11111001 6
34 43 01110010 4
45 54 00010100 2
56 65 01001000 2
67 76 00011100 3
70 07 11011010 5

02 20 00010001 2
13 31 00010001 2
24 42 10001011 4
35 53 01100110 4
46 64 01011100 4
57 75 01010100 3
60 06 11000110 4 match 2
71 17 00100011 3 match 3

03 30 11101000 4
14 41 01100011 4
25 52 10011111 6
36 63 00101110 4
47 74 01000000 1
50 05 10001110 4
61 16 00111111 6
72 27 11001011 5

04 40 10011010 4
15 51 01110111 6
26 62 11010111 6
37 73 00110010 3

Matching output
0 absent
1 absent
2 60 06
3 71 17
4 absent
5 absent
6 absent
7 absent

Left
none
Best: none

Right
none
Best: none

AND-NOT
01 11010000 3
12 00101000 2
23 11000001 3 match 4
34 00110000 2
45 00000000 a
56 01001000 2
67 00010100 2
70 00001010 2

02 00010000 1
13 00000001 1
24 10000001 2
35 00100000 1
46 01001000 2
57 01010100 3
60 00000110 2
71 00000010 1

03 11000000 2
14 00100001 2
25 10000001 2
36 00101000 2
47 01000000 1
50 00001110 3
61 00010110 3
72 00001010 2

04 10010000 2
15 00100001 2
26 11000001 3 match 4
37 00110000 2
40 00001010 2
51 01010110 4
62 00010110 3
73 00000010 1

05 10000000 1
16 00101001 3
27 11000001 3 match 4
30 00101000 2
41 01000010 2
52 00011110 4
63 00000110 2
74 00000000 a

06 11000000 2
17 00100001 2
20 00000001 1
31 00010000 1
42 00001010 2
53 01000110 3
64 00010100 2
75 00000000 a

07 11010000 3
10 00101001 3
21 11000000 2
32 00111000 3 match 5
43 01000010 2
54 00010100 2
65 00000000 a
76 00001000 1

Matching output
0 absent
1 absent
2 absent
3 absent
4 23 26 27
5 32
6 absent
7 absent

Left
none
Best: none

Right
none
Best: none

OR-NOT
01 11010110 5
12 00111111 6
23 11000111 5
34 10111101 6
45 11101011 6
56 11111111 a
67 11110111 7
70 00101111 5

02 11111110 7
13 11101111 7
24 11110101 6
35 10111001 5
46 11101011 6
57 11111111 a
60 00111111 6
71 11011110 6

03 11010111 6
14 10111101 6
25 11100001 4
36 11111001 6
47 11111111 a
50 01111111 7
61 11010110 5
72 00111110 5

04 11110101 6
15 10101001 4
26 11101001 5
37 11111101 7
40 01101111 6
51 11011110 6
62 00111110 5
73 11001111 6

05 11110001 5
16 11101001 5
27 11110101 6
30 00111111 6
41 11011110 6
52 01111110 6
63 11010111 6
74 10111111 7

06 11111001 6
17 11111101 7
20 11101111 7
31 11111110 7
42 01111110 6
53 11011111 7
64 10110111 6
75 10101011 5

07 11110101 6
10 00101111 5
21 11010111 6
32 00111110 5
43 11001111 6
54 11111111 a
65 10110111 6
76 11101011 6

Matching output
0 absent
1 absent
2 absent
3 absent
4 absent
5 absent
6 absent
7 absent

Left
none
Best: none

Right
none
Best: none

XOR-NOT
01 00000110 2
12 00010111 4
23 00000110 2
34 10001101 4
45 11101011 6
56 10110111 6
67 11100011 5
70 00100101 3

02 11101110 6
13 11101110 6
24 01110100 4
35 10011001 4
46 10100011 4
57 10101011 5
60 00111001 4
71 11011100 5

03 00010111 4
14 10011100 4
25 01100000 2
36 11010001 4
47 10111111 7
50 01110001 4
61 11000000 2
72 00110100 3

04 01100101 4
15 10001000 2
26 00101000 2
37 11001101 5
40 01100101 4
51 10001000 2
62 00101000 2
73 11001101 5

05 01110001 4
16 11000000 2
27 00110100 3
30 00010111 4
41 10011100 4
52 01100000 2
63 11010001 4
74 10111111 7

06 00111001 4
17 11011100 5
20 11101110 6
31 11101110 6
42 01110100 4
53 10011001 4
64 10100011 4
75 10101011 5

07 00100101 3
10 00000110 2
21 00010111 4
32 00000110 2
43 10001101 4
54 11101011 6
65 10110111 6
76 11100011 5

Matching output
0 absent
1 absent
2 absent
3 absent
4 absent
5 absent
6 absent
7 absent

Left
none
Best: none

Right
none
Best: none

Selecting

Lefts
Identity I4 5: 2
NOT none
Constant none
AND AND45: 1
OR OR47: 1
XOR none
AND-NOT none
OR-NOT none
XOR-NOT none

Rights
Identity I5 4 3 2: 4
NOT none
Constant none
AND none
OR OR45: 1
XOR none
AND-NOT none
OR-NOT none
XOR-NOT none

Left longest: 2
Right longest: 4

Right winner: Identity yes, NOT no, Constant no, AND no, OR no, XOR no, AND-NOT no, OR-NOT no, XOR-NOT no
Left winner: Identity yes, NOT no, Constant no, AND no, OR no, XOR no, AND-NOT no, OR-NOT no, XOR-NOT no

Best right: I5 4 3 2: 4
Best left: I4 5: 2

Truncated right: I5 4 3 2: 4
Truncated left: I4 5: 2

Tentative from right
7 I5
6 I4
5 I3
4 I2
3 pending
2 pending
1 pending
0 pending

Tentative
0 I4
1 I5
2 pending
3 pending
4 I2
5 I3
6 I4
7 I5

Preferred from right
7 I5
6 I4
5 I3
4 I2
3 ??1
2 ??0
1 I5
0 I4

Preferred from left
0 I4
1 I5
2 ?60
3 ?71
4 I2
5 I3
6 I4
7 I5

Preferred
0 I4
1 I5
2 ?60 ?06
3 ?71 ?17
4 I2
5 I3
6 I4
7 I5

Matching
0 I4
1 I5
2 ?60 ?06 - Identity absent, NOT absent, Constant absent, AND absent, OR absent, XOR60, AND-NOT absent, OR-NOT absent, XOR-NOT absent
3 ?71 ?17 - Identity absent, NOT absent, Constant absent, AND absent, OR absent, XOR71, AND-NOT absent, OR-NOT absent, XOR-NOT absent
4 I2
5 I3
6 I4
7 I5

Perfect match
Identity no
NOT no
Constant no
AND no
OR no
XOR yes
AND-NOT no
OR-NOT no
XOR-NOT no

Matched
0 I4
1 I5
2 XOR60
3 XOR71
4 I2
5 I3
6 I4
7 I5

Selected
0 I4
1 I5
2 XOR60
3 XOR71
4 I2
5 I3
6 I4
7 I5

Applying to 10011011
Input
0 1
1 0
2 0
3 1
4 1
5 0
6 1
7 1
Output
0 I4 = 1
1 I5 = 0
2 XOR60 = XOR(1,1) = 0
3 XOR71 = XOR(1,0) = 1
4 I2 = 0
5 I3 = 1
6 I4 = 1
7 I5 = 0

I will now return the answer in \boxed{}
The answer in \boxed is
\boxed{10010110}