We need to deduce the transformation by matching the example outputs.
I will put my final answer inside \boxed{}.

Output 0: 00101001
0 0
1 0
2 1
3 0
4 1
5 0
6 0
7 1

Output 1: 10110001
0 1
1 0
2 1
3 1
4 0
5 0
6 0
7 1

Output 2: 00010000
0 0
1 0
2 0
3 1
4 0
5 0
6 0
7 0

Output 3: 01100011
0 0
1 1
2 1
3 0
4 0
5 0
6 1
7 1

Output 4: 01011110
0 0
1 1
2 0
3 1
4 1
5 1
6 1
7 0

Output 5: 01011110
0 0
1 1
2 0
3 1
4 1
5 1
6 1
7 0

Output 6: 10101001
0 1
1 0
2 1
3 0
4 1
5 0
6 0
7 1

Output 7: 01010010
0 0
1 1
2 0
3 1
4 0
5 0
6 1
7 0

Output 8: 01111111
0 0
1 1
2 1
3 1
4 1
5 1
6 1
7 1

Output 9: 00010100
0 0
1 0
2 0
3 1
4 0
5 1
6 0
7 0

Output bit columns (with bitsum as hash)
0 0100001000 2
1 0001110110 5
2 1101001010 5
3 0110110111 7
4 1000111010 5
5 0000110011 4
6 0001110110 5
7 1101001010 5

Input 0: 01001000
0 0
1 1
2 0
3 0
4 1
5 0
6 0
7 0

Input 1: 01101111
0 0
1 1
2 1
3 0
4 1
5 1
6 1
7 1

Input 2: 11000010
0 1
1 1
2 0
3 0
4 0
5 0
6 1
7 0

Input 3: 10011100
0 1
1 0
2 0
3 1
4 1
5 1
6 0
7 0

Input 4: 00010111
0 0
1 0
2 0
3 1
4 0
5 1
6 1
7 1

Input 5: 11010001
0 1
1 1
2 0
3 1
4 0
5 0
6 0
7 1

Input 6: 01101001
0 0
1 1
2 1
3 0
4 1
5 0
6 0
7 1

Input 7: 11010010
0 1
1 1
2 0
3 1
4 0
5 0
6 1
7 0

Input 8: 11011001
0 1
1 1
2 0
3 1
4 1
5 0
6 0
7 1

Input 9: 00000101
0 0
1 0
2 0
3 0
4 0
5 1
6 0
7 1

When matching output
x: not in operator
y: wrong position

Identity
0 0011010110 5
1 1110011110 7
2 0100001000 2 match 0
3 0001110110 5 match 1 6
4 1101001010 5 match 2 7
5 0101100001 4
6 0110100100 4
7 0100111011 6

Matching output
0 2
1 3
2 4
3 absent
4 absent
5 absent
6 3
7 4

Left
2 3 4 5x
Best: I2 3 4: 3

Right
4 3 2y
Best: I4 3: 2

NOT
0 1100101001 5
1 0001100001 3
2 1011110111 8
3 1110001001 5
4 0010110101 5
5 1010011110 6
6 1001011011 6
7 1011000100 4

Matching output
0 absent
1 absent
2 absent
3 absent
4 absent
5 absent
6 absent
7 absent

Left
none
Best: none

Right
none
Best: none

Constant
0 0000000000 a
1 1111111111 a

Matching output
0 absent
1 absent
2 absent
3 absent
4 absent
5 absent
6 absent
7 absent

Left
none
Best: none

Right
none
Best: none

AND
01 10 0010010110 4
12 21 0100001000 2 match 0
23 32 0000000000 a
34 43 0001000010 2
45 54 0101000000 2
56 65 0100100000 2
67 76 0100100000 2
70 07 0000010010 2

02 20 0000000000 a
13 31 0000010110 3
24 42 0100001000 2 match 0
35 53 0001100000 2
46 64 0100000000 1
57 75 0100100001 3
60 06 0010000100 2
71 17 0100011010 4

03 30 0001010110 4
14 41 1100001010 4
25 52 0100000000 1
36 63 0000100100 2
47 74 0100001010 3
50 05 0001000000 1
61 16 0110000100 3
72 27 0100001000 2 match 0

04 40 0001000010 2
15 51 0100000000 1
26 62 0100000000 1
37 73 0000110010 3

Matching output
0 12 21 24 42 72 27
1 absent
2 absent
3 absent
4 absent
5 absent
6 absent
7 absent

Left
12 23x
21 32x
24 35x
42 53x
72 03x
27 30x
Best: AND12: 1

Right
none
Best: none

OR
01 10 1111011110 8
12 21 1110011110 7
23 32 0101111110 7
34 43 1101111110 8
45 54 1101101011 7
56 65 0111100101 6
67 76 0110111111 8
70 07 0111111111 9

02 20 0111011110 7
13 31 1111111110 9
24 42 1101001010 5 match 2 7
35 53 0101110111 7
46 64 1111101110 8
57 75 0101111011 7
60 06 0111110110 7
71 17 1110111111 9

03 30 0011110110 6
14 41 1111011110 8
25 52 0101101001 5
36 63 0111110110 7
47 74 1101111011 8
50 05 0111110111 8
61 16 1110111110 8
72 27 0100111011 6

04 40 1111011110 8
15 51 1111111111 a
26 62 0110101100 5
37 73 0101111111 8

Matching output
0 absent
1 absent
2 24 42
3 absent
4 absent
5 absent
6 absent
7 24 42

Left
none
Best: none

Right
24 13x
42 31x
Best: OR24: 1

XOR
01 10 1101001000 4
12 21 1010010110 5
23 32 0101111110 7
34 43 1100111100 6
45 54 1000101011 5
56 65 0011000101 4
67 76 0010011111 6
70 07 0111101101 7

02 20 0111011110 7
13 31 1111101000 6
24 42 1001000010 3
35 53 0100010111 5
46 64 1011101110 7
57 75 0001011010 4
60 06 0101110010 5
71 17 1010100101 5

03 30 0010100000 2
14 41 0011010100 4
25 52 0001101001 4
36 63 0111010010 5
47 74 1001110001 5
50 05 0110110111 7 match 3
61 16 1000111010 5 match 4
72 27 0000110011 4 match 5

04 40 1110011100 6
15 51 1011111111 9
26 62 0010101100 4
37 73 0101001101 5

Matching output
0 absent
1 absent
2 absent
3 50 05
4 61 16
5 72 27
6 absent
7 absent

Left
none
Best: none

Right
none
Best: none

AND-NOT
01 0001000000 1
12 1010010110 5
23 0100001000 2 match 0
34 0000110100 3
45 1000001010 3
56 0001000001 2
67 0010000100 2
70 0100101001 4

02 0011010110 5
13 1110001000 4
24 0000000000 a
35 0000010110 3
46 1001001010 4
57 0001000000 1
60 0100100000 2
71 0000100001 2

03 0010000000 1
14 0010010100 3
25 0000001000 1
36 0001010010 3
47 1001000000 2
50 0100100001 3
61 0000100000 1
72 0000110011 4 match 5

04 0010010100 3
15 1010011110 6
26 0000001000 1
37 0001000100 2
40 1100001000 3
51 0001100001 3
62 0010100100 3
73 0100001001 3

05 0010010110 4
16 1000011010 4
27 0000000000 a
30 0000100000 1
41 0001000000 1
52 0001100001 3
63 0110000000 2
74 0000110001 3

06 0001010010 3
17 1010000100 3
20 0100001000 2 match 0
31 0001100000 2
42 1001000010 3
53 0100000001 2
64 0010100100 3
75 0000011010 3

07 0011000100 3
10 1100001000 3
21 0000000000 a
32 0001110110 5 match 1 6
43 1100001000 3
54 0000100001 2
65 0010000100 2
76 0000011011 4

Matching output
0 23 20
1 32
2 absent
3 absent
4 absent
5 72
6 32
7 absent

Left
23 34x
20 31x
Best: AND-NOT23: 1

Right
none
Best: none

OR-NOT
01 0011110111 7
12 1111111111 a
23 1110001001 5
34 0011110111 7
45 1111011110 8
56 1101111011 8
67 1111100100 6
70 1100111011 7

02 1011110111 8
13 1110011111 8
24 0110111101 7
35 1011111110 8
46 1101011011 7
57 1111100101 7
60 1110101101 7
71 0101111011 7

03 1111011111 9
14 1110111111 9
25 1110011110 7
36 1001111111 8
47 1111001110 7
50 1101101001 6
61 0111100101 6
72 1111111111 a

04 0011110111 7
15 1110011110 7
26 1101011011 7
37 1011110110 7
40 1101101011 7
51 0101100001 4
62 1111110111 9
73 1110111011 8

05 1011011110 7
16 1111011111 9
27 1111001100 6
30 1101111111 9
41 1101101011 7
52 1111110111 9
63 1110101101 7
74 0110111111 8

06 1011011111 8
17 1111011110 8
20 1100101001 5
31 0001110111 6
42 1111111111 a
53 1111101001 7
64 0110110101 6
75 1110111111 9

07 1011010110 6
10 1110111111 9
21 0101101001 5
32 1011110111 8
43 1111001011 7
54 0111110101 7
65 1110111110 8
76 1101111011 8

Matching output
0 absent
1 absent
2 absent
3 absent
4 absent
5 absent
6 absent
7 absent

Left
none
Best: none

Right
none
Best: none

XOR-NOT
01 0010110111 6
12 0101101001 5
23 1010000001 3
34 0011000011 4
45 0111010100 5
56 1100111010 6
67 1101100000 4
70 1000010010 3

02 1000100001 3
13 0000010111 4
24 0110111101 7
35 1011101000 5
46 0100010001 3
57 1110100101 6
60 1010001101 5
71 0101011010 5

03 1101011111 8
14 1100101011 6
25 1110010110 6
36 1000101101 5
47 0110001110 5
50 1001001000 3
61 0111000101 5
72 1111001100 6

04 0001100011 4
15 0100000000 1
26 1101010011 6
37 1010110010 5
40 0001100011 4
51 0100000000 1
62 1101010011 6
73 1010110010 5

05 1001001000 3
16 0111000101 5
27 1111001100 6
30 1101011111 8
41 1100101011 6
52 1110010110 6
63 1000101101 5
74 0110001110 5

06 1010001101 5
17 0101011010 5
20 1000100001 3
31 0000010111 4
42 0110111101 7
53 1011101000 5
64 0100010001 3
75 1110100101 6

07 1000010010 3
10 0010110111 6
21 0101101001 5
32 1010000001 3
43 0011000011 4
54 0111010100 5
65 1100111010 6
76 1101100000 4

Matching output
0 absent
1 absent
2 absent
3 absent
4 absent
5 absent
6 absent
7 absent

Left
none
Best: none

Right
none
Best: none

Selecting

Lefts
Identity I2 3 4: 3
NOT none
Constant none
AND AND12: 1
OR none
XOR none
AND-NOT AND-NOT23: 1
OR-NOT none
XOR-NOT none

Rights
Identity I4 3: 2
NOT none
Constant none
AND none
OR OR24: 1
XOR none
AND-NOT none
OR-NOT none
XOR-NOT none

Left longest: 3
Right longest: 2

Left winner: Identity yes, NOT no, Constant no, AND no, OR no, XOR no, AND-NOT no, OR-NOT no, XOR-NOT no
Right winner: Identity yes, NOT no, Constant no, AND no, OR no, XOR no, AND-NOT no, OR-NOT no, XOR-NOT no

Best left: I2 3 4: 3
Best right: I4 3: 2

Truncated left: I2 3 4: 3
Truncated right: I4 3: 2

Tentative from right
7 I4
6 I3
5 pending
4 pending
3 pending
2 pending
1 pending
0 pending

Tentative
0 I2
1 I3
2 I4
3 pending
4 pending
5 pending
6 I3
7 I4

Preferred from left
0 I2
1 I3
2 I4
3 ?5?
4 ?6?
5 ?7?
6 I3
7 I4

Preferred from right
7 I4
6 I3
5 ?72
4 ?61
3 ?50
2 I4
1 I3
0 I2

Preferred
0 I2
1 I3
2 I4
3 ?50 ?05
4 ?61 ?16
5 ?72 ?27
6 I3
7 I4

Matching
0 I2
1 I3
2 I4
3 ?50 ?05 - Identity absent, NOT absent, Constant absent, AND absent, OR absent, XOR50, AND-NOT absent, OR-NOT absent, XOR-NOT absent
4 ?61 ?16 - Identity absent, NOT absent, Constant absent, AND absent, OR absent, XOR61, AND-NOT absent, OR-NOT absent, XOR-NOT absent
5 ?72 ?27 - Identity absent, NOT absent, Constant absent, AND absent, OR absent, XOR72, AND-NOT72, OR-NOT absent, XOR-NOT absent
6 I3
7 I4

Perfect match
Identity no
NOT no
Constant no
AND no
OR no
XOR yes
AND-NOT no
OR-NOT no
XOR-NOT no

Matched
0 I2
1 I3
2 I4
3 XOR50
4 XOR61
5 XOR72
6 I3
7 I4

Selected
0 I2
1 I3
2 I4
3 XOR50
4 XOR61
5 XOR72
6 I3
7 I4

Applying to 10111110
Input
0 1
1 0
2 1
3 1
4 1
5 1
6 1
7 0
Output
0 I2 = 1
1 I3 = 1
2 I4 = 1
3 XOR50 = XOR(1,1) = 0
4 XOR61 = XOR(1,0) = 1
5 XOR72 = XOR(0,1) = 1
6 I3 = 1
7 I4 = 1

I will now return the answer in \boxed{}
The answer in \boxed is
\boxed{11101111}