We need to deduce the transformation by matching the example outputs.
I will put my final answer inside \boxed{}.

Output 0: 00101001
0 0
1 0
2 1
3 0
4 1
5 0
6 0
7 1

Output 1: 01101010
0 0
1 1
2 1
3 0
4 1
5 0
6 1
7 0

Output 2: 00100101
0 0
1 0
2 1
3 0
4 0
5 1
6 0
7 1

Output 3: 01110100
0 0
1 1
2 1
3 1
4 0
5 1
6 0
7 0

Output 4: 00111110
0 0
1 0
2 1
3 1
4 1
5 1
6 1
7 0

Output 5: 00000010
0 0
1 0
2 0
3 0
4 0
5 0
6 1
7 0

Output 6: 11000000
0 1
1 1
2 0
3 0
4 0
5 0
6 0
7 0

Output 7: 00100000
0 0
1 0
2 1
3 0
4 0
5 0
6 0
7 0

Output 8: 10000101
0 1
1 0
2 0
3 0
4 0
5 1
6 0
7 1

Output bit columns (with bitsum as hash)
0 000000101 2
1 010100100 3
2 111110010 6
3 000110000 2
4 110010000 3
5 001110001 4
6 010011000 3
7 101000001 3

Input 0: 01001101
0 0
1 1
2 0
3 0
4 1
5 1
6 0
7 1

Input 1: 01010111
0 0
1 1
2 0
3 1
4 0
5 1
6 1
7 1

Input 2: 00101001
0 0
1 0
2 1
3 0
4 1
5 0
6 0
7 1

Input 3: 10100011
0 1
1 0
2 1
3 0
4 0
5 0
6 1
7 1

Input 4: 11110001
0 1
1 1
2 1
3 1
4 0
5 0
6 0
7 1

Input 5: 00010000
0 0
1 0
2 0
3 1
4 0
5 0
6 0
7 0

Input 6: 00000110
0 0
1 0
2 0
3 0
4 0
5 1
6 1
7 0

Input 7: 00000001
0 0
1 0
2 0
3 0
4 0
5 0
6 0
7 1

Input 8: 00101100
0 0
1 0
2 1
3 0
4 1
5 1
6 0
7 0

When matching output
x: not in operator
y: wrong position

Identity
0 000110000 2 match 3
1 110010000 3 match 4
2 001110001 4 match 5
3 010011000 3 match 6
4 101000001 3 match 7
5 110000101 4
6 010100100 3 match 1
7 111110010 6 match 2

Matching output
0 absent
1 6
2 7
3 0
4 1
5 2
6 3
7 4

Left
none
Best: none

Right
4 3 2 1 0 7 6 5x
Best: I4 3 2 1 0 7 6: 7

NOT
0 111001111 7
1 001101111 6
2 110001110 5
3 101100111 6
4 010111110 6
5 001111010 5
6 101011011 6
7 000001101 3

Matching output
0 absent
1 absent
2 absent
3 absent
4 absent
5 absent
6 absent
7 absent

Left
none
Best: none

Right
none
Best: none

Constant
0 000000000 a
1 111111111 a

Matching output
0 absent
1 absent
2 absent
3 absent
4 absent
5 absent
6 absent
7 absent

Left
none
Best: none

Right
none
Best: none

AND
01 10 000010000 1
12 21 000010000 1
23 32 000010000 1
34 43 000000000 a
45 54 100000001 2
56 65 010000100 2
67 76 010100000 2
70 07 000110000 2 match 3

02 20 000110000 2 match 3
13 31 010010000 2
24 42 001000001 2
35 53 010000000 1
46 64 000000000 a
57 75 110000000 2
60 06 000100000 1
71 17 110010000 3 match 4

03 30 000010000 1
14 41 100000000 1
25 52 000000001 1
36 63 010000000 1
47 74 101000000 2
50 05 000000000 a
61 16 010000000 1
72 27 001110000 3

04 40 000000000 a
15 51 110000000 2
26 62 000100000 1
37 73 010010000 2

Matching output
0 absent
1 absent
2 absent
3 70 07 02 20
4 71 17
5 absent
6 absent
7 absent

Left
none
Best: none

Right
none
Best: none

OR
01 10 110110000 4
12 21 111110001 6
23 32 011111001 6
34 43 111011001 6
45 54 111000101 5
56 65 110100101 5
67 76 111110110 7
70 07 111110010 6 match 2

02 20 001110001 4 match 5
13 31 110011000 4
24 42 101110001 5
35 53 110011101 6
46 64 111100101 6
57 75 111110111 8
60 06 010110100 4
71 17 111110010 6 match 2

03 30 010111000 4
14 41 111010001 5
25 52 111110101 7
36 63 010111100 5
47 74 111110011 7
50 05 110110101 6
61 16 110110100 5
72 27 111110011 7

04 40 101110001 5
15 51 110010101 5
26 62 011110101 6
37 73 111111010 7

Matching output
0 absent
1 absent
2 70 07 71 17
3 absent
4 absent
5 02 20
6 absent
7 absent

Left
none
Best: none

Right
none
Best: none

XOR
01 10 110100000 3
12 21 111100001 5
23 32 011101001 5
34 43 111011001 6
45 54 011000100 3
56 65 100100001 3
67 76 101010110 5
70 07 111000010 4

02 20 001000001 2
13 31 100001000 2
24 42 100110000 3
35 53 100011101 5
46 64 111100101 6
57 75 001110111 6
60 06 010010100 3
71 17 001100010 3

03 30 010101000 3
14 41 011010001 4
25 52 111110100 6
36 63 000111100 4
47 74 010110011 5
50 05 110110101 6
61 16 100110100 4
72 27 110000011 4

04 40 101110001 5
15 51 000010101 3
26 62 011010101 5
37 73 101101010 5

Matching output
0 absent
1 absent
2 absent
3 absent
4 absent
5 absent
6 absent
7 absent

Left
none
Best: none

Right
none
Best: none

AND-NOT
01 000100000 1
12 110000000 2
23 001100001 3
34 010011000 3 match 6
45 001000000 1
56 100000001 2
67 000000100 1
70 111000010 4

02 000000000 a
13 100000000 1
24 000110000 2 match 3
35 000011000 2
46 101000001 3 match 7
57 000000101 2 match 0
60 010000100 2
71 001100010 3

03 000100000 1
14 010010000 2
25 001110000 3
36 000011000 2
47 000000001 1
50 110000101 4
61 000100100 2
72 110000010 3

04 000110000 2 match 3
15 000010000 1
26 001010001 3
37 000001000 1
40 101000001 3 match 7
51 000000101 2 match 0
62 010000100 2
73 101100010 4

05 000110000 2 match 3
16 100010000 2
27 000000001 1
30 010001000 2
41 001000001 2
52 110000100 3
63 000100100 2
74 010110010 4

06 000010000 1
17 000000000 a
20 001000001 2
31 000001000 1
42 100000000 1
53 100000101 3
64 010100100 3 match 1
75 001110010 4

07 000000000 a
10 110000000 2
21 001100001 3
32 010001000 2
43 101000001 3 match 7
54 010000100 2
65 000100000 1
76 101010010 4

Matching output
0 57 51
1 64
2 absent
3 24 04 05
4 absent
5 absent
6 34
7 46 40 43

Left
57 60x
51 62x
Best: AND-NOT57: 1

Right
46 35x
40 37x
43 32x
Best: AND-NOT46: 1

OR-NOT
01 001111111 7
12 110011110 6
23 101110111 7
34 010111110 6
45 101111011 7
56 111011111 8
67 010101101 5
70 111111111 a

02 110111110 7
13 111110111 8
24 011111111 8
35 011111010 6
46 101011011 6
57 110001101 5
60 111101111 8
71 111111111 a

03 101110111 7
14 110111110 7
25 001111011 6
36 111011011 7
47 101001101 5
50 111001111 7
61 011101111 7
72 111111110 8

04 010111110 6
15 111111010 7
26 101111011 7
37 010011101 5
40 111001111 7
51 111101111 8
62 110101110 6
73 111110111 8

05 001111010 5
16 111011011 7
27 001111101 6
30 111011111 8
41 101101111 7
52 110001111 6
63 111100111 7
74 111111110 8

06 101111011 7
17 110011101 6
20 111111111 a
31 011111111 8
42 111001111 7
53 111100111 7
64 010111110 6
75 111111010 7

07 000111101 5
10 111011111 8
21 001111111 7
32 110011110 6
43 101100111 6
54 110111111 8
65 011111110 7
76 111111011 8

Matching output
0 absent
1 absent
2 absent
3 absent
4 absent
5 absent
6 absent
7 absent

Left
none
Best: none

Right
none
Best: none

XOR-NOT
01 001011111 6
12 000011110 4
23 100010110 4
34 000100110 3
45 100111011 6
56 011011110 6
67 010101001 4
70 000111101 5

02 110111110 7
13 011110111 7
24 011001111 6
35 011100010 4
46 000011010 3
57 110001000 3
60 101101011 6
71 110011101 6

03 101010111 6
14 100101110 5
25 000001011 3
36 111000011 5
47 101001100 4
50 001001010 3
61 011001011 5
72 001111100 5

04 010001110 4
15 111101010 6
26 100101010 4
37 010010101 4
40 010001110 4
51 111101010 6
62 100101010 4
73 010010101 4

05 001001010 3
16 011001011 5
27 001111100 5
30 101010111 6
41 100101110 5
52 000001011 3
63 111000011 5
74 101001100 4

06 101101011 6
17 110011101 6
20 110111110 7
31 011110111 7
42 011001111 6
53 011100010 4
64 000011010 3
75 110001000 3

07 000111101 5
10 001011111 6
21 000011110 4
32 100010110 4
43 000100110 3
54 100111011 6
65 011011110 6
76 010101001 4

Matching output
0 absent
1 absent
2 absent
3 absent
4 absent
5 absent
6 absent
7 absent

Left
none
Best: none

Right
none
Best: none

Selecting

Lefts
Identity none
NOT none
Constant none
AND none
OR none
XOR none
AND-NOT AND-NOT57: 1
OR-NOT none
XOR-NOT none

Rights
Identity I4 3 2 1 0 7 6: 7
NOT none
Constant none
AND none
OR none
XOR none
AND-NOT AND-NOT46: 1
OR-NOT none
XOR-NOT none

Left longest: 1
Right longest: 7

Right winner: Identity yes, NOT no, Constant no, AND no, OR no, XOR no, AND-NOT no, OR-NOT no, XOR-NOT no
Left winner: Identity no, NOT no, Constant no, AND no, OR no, XOR no, AND-NOT yes, OR-NOT no, XOR-NOT no

Best right: I4 3 2 1 0 7 6: 7
Best left: AND-NOT57: 1

Truncated right: I4 3 2 1 0 7 6: 7
Truncated left: AND-NOT57: 1

Tentative from right
7 I4
6 I3
5 I2
4 I1
3 I0
2 I7
1 I6
0 pending

Tentative
0 AND-NOT57
1 I6
2 I7
3 I0
4 I1
5 I2
6 I3
7 I4

Preferred from right
7 I4
6 I3
5 I2
4 I1
3 I0
2 I7
1 I6
0 AND-NOT57

Preferred from left
0 AND-NOT57
1 I6
2 I7
3 I0
4 I1
5 I2
6 I3
7 I4

Preferred
0 AND-NOT57
1 I6
2 I7
3 I0
4 I1
5 I2
6 I3
7 I4

Matching
0 AND-NOT57
1 I6
2 I7
3 I0
4 I1
5 I2
6 I3
7 I4

Perfect match
Identity no
NOT no
Constant no
AND no
OR no
XOR no
AND-NOT no
OR-NOT no
XOR-NOT no

Matched
0 AND-NOT57
1 I6
2 I7
3 I0
4 I1
5 I2
6 I3
7 I4

Selected
0 AND-NOT57
1 I6
2 I7
3 I0
4 I1
5 I2
6 I3
7 I4

Applying to 11100010
Input
0 1
1 1
2 1
3 0
4 0
5 0
6 1
7 0
Output
0 AND-NOT57 = AND(0,NOT(0)) = 0
1 I6 = 1
2 I7 = 0
3 I0 = 1
4 I1 = 1
5 I2 = 1
6 I3 = 0
7 I4 = 0

I will now return the answer in \boxed{}
The answer in \boxed is
\boxed{01011100}