We need to deduce the transformation by matching the example outputs.
I will put my final answer inside \boxed{}.

Output 0: 00111001
0 0
1 0
2 1
3 1
4 1
5 0
6 0
7 1

Output 1: 00000011
0 0
1 0
2 0
3 0
4 0
5 0
6 1
7 1

Output 2: 01001010
0 0
1 1
2 0
3 0
4 1
5 0
6 1
7 0

Output 3: 00100000
0 0
1 0
2 1
3 0
4 0
5 0
6 0
7 0

Output 4: 01011010
0 0
1 1
2 0
3 1
4 1
5 0
6 1
7 0

Output 5: 00101101
0 0
1 0
2 1
3 0
4 1
5 1
6 0
7 1

Output 6: 10010000
0 1
1 0
2 0
3 1
4 0
5 0
6 0
7 0

Output 7: 00011010
0 0
1 0
2 0
3 1
4 1
5 0
6 1
7 0

Output bit columns (with bitsum as hash)
0 00000010 1
1 00101000 2
2 10010100 3
3 10001011 4
4 10101101 5
5 00000100 1
6 01101001 4
7 11000100 3

Input 0: 11110010
0 1
1 1
2 1
3 1
4 0
5 0
6 1
7 0

Input 1: 10000110
0 1
1 0
2 0
3 0
4 0
5 1
6 1
7 0

Input 2: 10010100
0 1
1 0
2 0
3 1
4 0
5 1
6 0
7 0

Input 3: 01000000
0 0
1 1
2 0
3 0
4 0
5 0
6 0
7 0

Input 4: 10110100
0 1
1 0
2 1
3 1
4 0
5 1
6 0
7 0

Input 5: 11011010
0 1
1 1
2 0
3 1
4 1
5 0
6 1
7 0

Input 6: 00100001
0 0
1 0
2 1
3 0
4 0
5 0
6 0
7 1

Input 7: 01110101
0 0
1 1
2 1
3 1
4 0
5 1
6 0
7 1

When matching output
x: not in operator
y: wrong position

Identity
0 11101100 5
1 10010101 4
2 10001011 4 match 3
3 10101101 5 match 4
4 00000100 1 match 5
5 01101001 4 match 6
6 11000100 3 match 7
7 00000011 2

Matching output
0 absent
1 absent
2 absent
3 2
4 3
5 4
6 5
7 6

Left
none
Best: none

Right
6 5 4 3 2 1x
Best: I6 5 4 3 2: 5

NOT
0 00010011 3
1 01101010 4
2 01110100 4
3 01010010 3
4 11111011 7
5 10010110 4
6 00111011 5
7 11111100 6

Matching output
0 absent
1 absent
2 absent
3 absent
4 absent
5 absent
6 absent
7 absent

Left
none
Best: none

Right
none
Best: none

Constant
0 00000000 a
1 11111111 a

Matching output
0 absent
1 absent
2 absent
3 absent
4 absent
5 absent
6 absent
7 absent

Left
none
Best: none

Right
none
Best: none

AND
01 10 10000100 2
12 21 10000001 2
23 32 10001001 3
34 43 00000100 1 match 5
45 54 00000000 a
56 65 01000000 1
67 76 00000000 a
70 07 00000000 a

02 20 10001000 2
13 31 10000101 3
24 42 00000000 a
35 53 00101001 3
46 64 00000100 1 match 5
57 75 00000001 1
60 06 11000100 3 match 7
71 17 00000001 1

03 30 10101100 4
14 41 00000100 1 match 5
25 52 00001001 2
36 63 10000100 2
47 74 00000000 a
50 05 01101000 3
61 16 10000100 2
72 27 00000011 2

04 40 00000100 1 match 5
15 51 00000001 1
26 62 10000000 1
37 73 00000001 1

Matching output
0 absent
1 absent
2 absent
3 absent
4 absent
5 34 43 46 64 14 41 04 40
6 absent
7 60 06

Left
none
Best: none

Right
60 57x
06 75x
Best: AND60: 1

OR
01 10 11111101 7
12 21 10011111 6
23 32 10101111 6
34 43 10101101 5 match 4
45 54 01101101 5
56 65 11101101 6
67 76 11000111 5
70 07 11101111 7

02 20 11101111 7
13 31 10111101 6
24 42 10001111 5
35 53 11101101 6
46 64 11000100 3 match 7
57 75 01101011 5
60 06 11101100 5
71 17 10010111 5

03 30 11101101 6
14 41 10010101 4
25 52 11101011 6
36 63 11101101 6
47 74 00000111 3
50 05 11101101 6
61 16 11010101 5
72 27 10001011 4 match 3

04 40 11101100 5
15 51 11111101 7
26 62 11001111 6
37 73 10101111 6

Matching output
0 absent
1 absent
2 absent
3 72 27
4 34 43
5 absent
6 absent
7 46 64

Left
none
Best: none

Right
46 35x
64 53x
Best: OR46: 1

XOR
01 10 01111001 5
12 21 00011110 4
23 32 00100110 3
34 43 10101001 4
45 54 01101101 5
56 65 10101101 5 match 4
67 76 11000111 5
70 07 11101111 7

02 20 01100111 5
13 31 00111000 3
24 42 10001111 5
35 53 11000100 3 match 7
46 64 11000000 2
57 75 01101010 4
60 06 00101000 2 match 1
71 17 10010110 4

03 30 01000001 2
14 41 10010001 3
25 52 11100010 4
36 63 01101001 4 match 6
47 74 00000111 3
50 05 10000101 3
61 16 01010001 3
72 27 10001000 2

04 40 11101000 4
15 51 11111100 6
26 62 01001111 5
37 73 10101110 5

Matching output
0 absent
1 60 06
2 absent
3 absent
4 56 65
5 absent
6 36 63
7 35 53

Left
none
Best: none

Right
35 24x
53 42x
Best: XOR35: 1

AND-NOT
01 01101000 3
12 00010100 2
23 00000010 1 match 0
34 10101001 4
45 00000100 1 match 5
56 00101001 3
67 11000100 3 match 7
70 00000011 2

02 01100100 3
13 00010000 1
24 10001011 4 match 3
35 10000100 2
46 00000000 a
57 01101000 3
60 00000000 a
71 00000010 1 match 0

03 01000000 1
14 10010001 3
25 10000010 2
36 00101001 3
47 00000100 1 match 5
50 00000001 1
61 01000000 1
72 00000000 a

04 11101000 4
15 10010100 3 match 2
26 00001011 3
37 10101100 4
40 00000000 a
51 01101000 3
62 01000100 2
73 00000010 1 match 0

05 10000100 2
16 00010001 2
27 10001000 2
30 00000001 1
41 00000000 a
52 01100000 2
63 01000000 1
74 00000011 2

06 00101000 2 match 1
17 10010100 3 match 2
20 00000011 2
31 00101000 2 match 1
42 00000100 1 match 5
53 01000000 1
64 11000000 2
75 00000010 1 match 0

07 11101100 5
10 00010001 2
21 00001010 2
32 00100100 2
43 00000000 a
54 01101001 4 match 6
65 10000100 2
76 00000011 2

Matching output
0 23 71 73 75
1 06 31
2 15 17
3 24
4 absent
5 45 47 42
6 54
7 67

Left
23 34x
71 02x
73 04x
75 06 17 20x
Best: AND-NOT75 06 17: 3

Right
67 56x
Best: AND-NOT67: 1

OR-NOT
01 11101110 6
12 11110101 6
23 11011011 6
34 11111111 a
45 10010110 4
56 01111011 6
67 11111100 6
70 00010011 3

02 11111100 6
13 11010111 6
24 11111011 7
35 10111111 7
46 00111111 6
57 11111101 7
60 11010111 6
71 01101011 5

03 11111110 7
14 11111111 a
25 10011111 6
36 10111111 7
47 11111100 6
50 01111011 6
61 11101110 6
72 01110111 6

04 11111111 a
15 10010111 5
26 10111011 6
37 11111101 7
40 00010111 4
51 01101011 5
62 11110100 5
73 01010011 4

05 11111110 7
16 10111111 7
27 11111111 a
30 10111111 7
41 01101110 5
52 01111101 6
63 11010110 5
74 11111011 7

06 11111111 a
17 11111101 7
20 10011011 5
31 11101111 7
42 01110100 4
53 01111011 6
64 11111111 a
75 10010111 5

07 11111100 6
10 10010111 5
21 11101011 6
32 11111101 7
43 01010110 4
54 11111011 7
65 11010110 5
76 00111011 5

Matching output
0 absent
1 absent
2 absent
3 absent
4 absent
5 absent
6 absent
7 absent

Left
none
Best: none

Right
none
Best: none

XOR-NOT
01 10000110 3
12 11100001 4
23 11011001 5
34 01010110 4
45 10010010 3
56 01010010 3
67 00111000 3
70 00010000 1

02 10011000 3
13 11000111 5
24 01110000 3
35 00111011 5
46 00111111 6
57 10010101 4
60 11010111 6
71 01101001 4 match 6

03 10111110 6
14 01101110 5
25 00011101 4
36 10010110 4
47 11111000 5
50 01111010 5
61 10101110 5
72 01110111 6

04 00010111 4
15 00000011 2
26 10110000 3
37 01010001 3
40 00010111 4
51 00000011 2
62 10110000 3
73 01010001 3

05 01111010 5
16 10101110 5
27 01110111 6
30 10111110 6
41 01101110 5
52 00011101 4
63 10010110 4
74 11111000 5

06 11010111 6
17 01101001 4 match 6
20 10011000 3
31 11000111 5
42 01110000 3
53 00111011 5
64 00111111 6
75 10010101 4

07 00010000 1
10 10000110 3
21 11100001 4
32 11011001 5
43 01010110 4
54 10010010 3
65 01010010 3
76 00111000 3

Matching output
0 absent
1 absent
2 absent
3 absent
4 absent
5 absent
6 71 17
7 absent

Left
none
Best: none

Right
none
Best: none

Selecting

Lefts
Identity none
NOT none
Constant none
AND none
OR none
XOR none
AND-NOT AND-NOT75 06 17: 3
OR-NOT none
XOR-NOT none

Rights
Identity I6 5 4 3 2: 5
NOT none
Constant none
AND AND60: 1
OR OR46: 1
XOR XOR35: 1
AND-NOT AND-NOT67: 1
OR-NOT none
XOR-NOT none

Left longest: 3
Right longest: 5

Right winner: Identity yes, NOT no, Constant no, AND no, OR no, XOR no, AND-NOT no, OR-NOT no, XOR-NOT no
Left winner: Identity no, NOT no, Constant no, AND no, OR no, XOR no, AND-NOT yes, OR-NOT no, XOR-NOT no

Best right: I6 5 4 3 2: 5
Best left: AND-NOT75 06 17: 3

Truncated right: I6 5 4 3 2: 5
Truncated left: AND-NOT75 06 17: 3

Tentative from right
7 I6
6 I5
5 I4
4 I3
3 I2
2 pending
1 pending
0 pending

Tentative
0 AND-NOT75
1 AND-NOT06
2 AND-NOT17
3 I2
4 I3
5 I4
6 I5
7 I6

Preferred from right
7 I6
6 I5
5 I4
4 I3
3 I2
2 AND-NOT17
1 AND-NOT06
0 AND-NOT75

Preferred from left
0 AND-NOT75
1 AND-NOT06
2 AND-NOT17
3 I2
4 I3
5 I4
6 I5
7 I6

Preferred
0 AND-NOT75
1 AND-NOT06
2 AND-NOT17
3 I2
4 I3
5 I4
6 I5
7 I6

Matching
0 AND-NOT75
1 AND-NOT06
2 AND-NOT17
3 I2
4 I3
5 I4
6 I5
7 I6

Perfect match
Identity no
NOT no
Constant no
AND no
OR no
XOR no
AND-NOT no
OR-NOT no
XOR-NOT no

Matched
0 AND-NOT75
1 AND-NOT06
2 AND-NOT17
3 I2
4 I3
5 I4
6 I5
7 I6

Selected
0 AND-NOT75
1 AND-NOT06
2 AND-NOT17
3 I2
4 I3
5 I4
6 I5
7 I6

Applying to 11010100
Input
0 1
1 1
2 0
3 1
4 0
5 1
6 0
7 0
Output
0 AND-NOT75 = AND(0,NOT(1)) = 0
1 AND-NOT06 = AND(1,NOT(0)) = 1
2 AND-NOT17 = AND(1,NOT(0)) = 1
3 I2 = 0
4 I3 = 1
5 I4 = 0
6 I5 = 1
7 I6 = 0

I will now return the answer in \boxed{}
The answer in \boxed is
\boxed{01101010}