We need to deduce the transformation by matching the example outputs.
I will put my final answer inside \boxed{}.

Output 0: 11111001
0 1
1 1
2 1
3 1
4 1
5 0
6 0
7 1

Output 1: 10111100
0 1
1 0
2 1
3 1
4 1
5 1
6 0
7 0

Output 2: 00100100
0 0
1 0
2 1
3 0
4 0
5 1
6 0
7 0

Output 3: 11001010
0 1
1 1
2 0
3 0
4 1
5 0
6 1
7 0

Output 4: 10011000
0 1
1 0
2 0
3 1
4 1
5 0
6 0
7 0

Output 5: 01010010
0 0
1 1
2 0
3 1
4 0
5 0
6 1
7 0

Output 6: 10010000
0 1
1 0
2 0
3 1
4 0
5 0
6 0
7 0

Output 7: 00111010
0 0
1 0
2 1
3 1
4 1
5 0
6 1
7 0

Output 8: 00100000
0 0
1 0
2 1
3 0
4 0
5 0
6 0
7 0

Output 9: 10111001
0 1
1 0
2 1
3 1
4 1
5 0
6 0
7 1

Output bit columns (with bitsum as hash)
0 1101101001 6
1 1001010000 3
2 1110000111 6
3 1100111101 7
4 1101100101 6
5 0110000000 2
6 0001010100 3
7 1000000001 2

Input 0: 11100010
0 1
1 1
2 1
3 0
4 0
5 0
6 1
7 0

Input 1: 11110001
0 1
1 1
2 1
3 1
4 0
5 0
6 0
7 1

Input 2: 00001000
0 0
1 0
2 0
3 0
4 1
5 0
6 0
7 0

Input 3: 01111101
0 0
1 1
2 1
3 1
4 1
5 1
6 0
7 1

Input 4: 11111001
0 1
1 1
2 1
3 1
4 1
5 0
6 0
7 1

Input 5: 10000100
0 1
1 0
2 0
3 0
4 0
5 1
6 0
7 0

Input 6: 00100000
0 0
1 0
2 1
3 0
4 0
5 0
6 0
7 0

Input 7: 11010100
0 1
1 1
2 0
3 1
4 0
5 1
6 0
7 0

Input 8: 00001001
0 0
1 0
2 0
3 0
4 1
5 0
6 0
7 1

Input 9: 01100010
0 0
1 1
2 1
3 0
4 0
5 0
6 1
7 0

When matching output
x: not in operator
y: wrong position

Identity
0 1100110100 5
1 1101100101 6 match 4
2 1101101001 6 match 0
3 0101100100 4
4 0011100010 4
5 0001010100 3 match 6
6 1000000001 2 match 7
7 0101100010 4

Matching output
0 2
1 absent
2 absent
3 absent
4 1
5 absent
6 5
7 6

Left
2 3x
Best: I2: 1

Right
6 5 4x
Best: I6 5: 2

NOT
0 0011001011 5
1 0010011010 4
2 0010010110 4
3 1010011011 6
4 1100011101 6
5 1110101011 7
6 0111111110 8
7 1010011101 6

Matching output
0 absent
1 absent
2 absent
3 absent
4 absent
5 absent
6 absent
7 absent

Left
none
Best: none

Right
none
Best: none

Constant
0 0000000000 a
1 1111111111 a

Matching output
0 absent
1 absent
2 absent
3 absent
4 absent
5 absent
6 absent
7 absent

Left
none
Best: none

Right
none
Best: none

AND
01 10 1100100100 4
12 21 1101100001 5
23 32 0101100000 3
34 43 0001100000 2
45 54 0001000000 1
56 65 0000000000 a
67 76 0000000000 a
70 07 0100100000 2

02 20 1100100000 3
13 31 0101100100 4
24 42 0001100000 2
35 53 0001000100 2
46 64 0000000000 a
57 75 0001000000 1
60 06 1000000000 1
71 17 0101100000 3

03 30 0100100100 3
14 41 0001100000 2
25 52 0001000000 1
36 63 0000000000 a
47 74 0001100010 3
50 05 0000010100 2
61 16 1000000001 2 match 7
72 27 0101100000 3

04 40 0000100000 1
15 51 0001000100 2
26 62 1000000001 2 match 7
37 73 0101100000 3

Matching output
0 absent
1 absent
2 absent
3 absent
4 absent
5 absent
6 absent
7 61 16 26 62

Left
none
Best: none

Right
61 50x
16 05x
26 15x
62 51x
Best: AND61: 1

OR
01 10 1101110101 7
12 21 1101101101 7
23 32 1101101101 7
34 43 0111100110 6
45 54 0011110110 6
56 65 1001010101 5
67 76 1101100011 6
70 07 1101110110 7

02 20 1101111101 8
13 31 1101100101 6 match 4
24 42 1111101011 8
35 53 0101110100 5
46 64 1011100011 6
57 75 0101110110 6
60 06 1100110101 6
71 17 1101100111 7

03 30 1101110100 6
14 41 1111100111 8
25 52 1101111101 8
36 63 1101100101 6 match 4
47 74 0111100010 5
50 05 1101110100 6
61 16 1101100101 6 match 4
72 27 1101101011 7

04 40 1111110110 8
15 51 1101110101 7
26 62 1101101001 6 match 0
37 73 0101100110 5

Matching output
0 26 62
1 absent
2 absent
3 absent
4 13 31 36 63 61 16
5 absent
6 absent
7 absent

Left
26 37x
62 73x
Best: OR26: 1

Right
none
Best: none

XOR
01 10 0001010001 3
12 21 0000001100 2
23 32 1000001101 4
34 43 0110000110 4
45 54 0010110110 5
56 65 1001010101 5
67 76 1101100011 6
70 07 1001010110 5

02 20 0001011101 5
13 31 1000000001 2 match 7
24 42 1110001011 6
35 53 0100110000 3
46 64 1011100011 6
57 75 0100110110 5
60 06 0100110101 5
71 17 1000000111 4

03 30 1001010000 3 match 1
14 41 1110000111 6 match 2
25 52 1100111101 7 match 3
36 63 1101100101 6 match 4
47 74 0110000000 2 match 5
50 05 1101100000 4
61 16 0101100100 4
72 27 1000001011 4

04 40 1111010110 7
15 51 1100110001 5
26 62 0101101000 4
37 73 0000000110 2

Matching output
0 absent
1 03 30
2 14 41
3 25 52
4 36 63
5 47 74
6 absent
7 13 31

Left
none
Best: none

Right
13 02x
31 20x
Best: XOR13: 1

AND-NOT
01 0000010000 1
12 0000000100 1
23 1000001001 3
34 0100000100 2
45 0010100010 3
56 0001010100 3 match 6
67 1000000001 2 match 7
70 0001000010 2

02 0000010100 2
13 1000000001 2 match 7
24 1100001001 4
35 0100100000 2
46 0011100010 4
57 0000010100 2
60 0000000001 1
71 0000000010 1

03 1000010000 2
14 1100000101 4
25 1100101001 5
36 0101100100 4
47 0010000000 1
50 0001000000 1
61 0000000000 a
72 0000000010 1

04 1100010100 4
15 1100100001 4
26 0101101000 4
37 0000000100 1
40 0011000010 3
51 0000010000 1
62 0000000000 a
73 0000000010 1

05 1100100000 3
16 0101100100 4
27 1000001001 3
30 0001000000 1
41 0010000010 2
52 0000010100 2
63 1000000001 2 match 7
74 0100000000 1

06 0100110100 4
17 1000000101 3
20 0001001001 3
31 0000000000 a
42 0010000010 2
53 0000010000 1
64 1000000001 2 match 7
75 0100100010 3

07 1000010100 3
10 0001000001 2
21 0000001000 1
32 0000000100 1
43 0010000010 2
54 0000010100 2
65 1000000001 2 match 7
76 0101100010 4

Matching output
0 absent
1 absent
2 absent
3 absent
4 absent
5 absent
6 56
7 67 13 63 64 65

Left
none
Best: none

Right
67 56 45x
13 02x
63 52x
64 53x
65 54x
Best: AND-NOT67 56: 2

OR-NOT
01 1110111110 8
12 1111110111 9
23 1111111011 9
34 1101111101 8
45 1111101011 8
56 0111111110 8
67 1010011101 6
70 0111101011 7

02 1110110110 7
13 1111111111 a
24 1101111101 8
35 1111101111 9
46 0111111110 8
57 1011011101 7
60 1011001011 6
71 0111111010 7

03 1110111111 9
14 1101111101 8
25 1111101011 8
36 0111111110 8
47 1011111111 9
50 0011011111 7
61 1010011011 6
72 0111110110 7

04 1100111101 7 match 3
15 1111101111 9
26 1111111111 a
37 1111111101 9
40 0011101011 6
51 0011011110 6
62 1010010111 6
73 1111111011 9

05 1110111111 9
16 1111111111 a
27 1111111101 9
30 0111101111 8
41 0011111010 6
52 0011010110 5
63 1010011011 6
74 1101111111 9

06 1111111110 9
17 1111111101 9
20 1111101011 8
31 0111111110 8
42 0011110110 6
53 1011011111 8
64 1100011101 6
75 1111101011 8

07 1110111101 8
10 1111101111 9
21 1111111011 9
32 0111110110 7
43 1011111011 8
54 1101011101 7
65 1110101011 7
76 0111111110 8

Matching output
0 absent
1 absent
2 absent
3 04
4 absent
5 absent
6 absent
7 absent

Left
none
Best: none

Right
none
Best: none

XOR-NOT
01 1110101110 7
12 1111110011 8
23 0111110010 6
34 1001111001 6
45 1101001001 5
56 0110101010 5
67 0010011100 4
70 0110101001 5

02 1110100010 5
13 0111111110 8
24 0001110100 4
35 1011001111 7
46 0100011100 4
57 1011001001 5
60 1011001010 5
71 0111111000 6

03 0110101111 7
14 0001111000 4
25 0011000010 3
36 0010011010 4
47 1001111111 8
50 0010011111 6
61 1010011011 6
72 0111110100 6

04 0000101001 3
15 0011001110 5
26 1010010111 6
37 1111111001 8
40 0000101001 3
51 0011001110 5
62 1010010111 6
73 1111111001 8

05 0010011111 6
16 1010011011 6
27 0111110100 6
30 0110101111 7
41 0001111000 4
52 0011000010 3
63 0010011010 4
74 1001111111 8

06 1011001010 5
17 0111111000 6
20 1110100010 5
31 0111111110 8
42 0001110100 4
53 1011001111 7
64 0100011100 4
75 1011001001 5

07 0110101001 5
10 1110101110 7
21 1111110011 8
32 0111110010 6
43 1001111001 6
54 1101001001 5
65 0110101010 5
76 0010011100 4

Matching output
0 absent
1 absent
2 absent
3 absent
4 absent
5 absent
6 absent
7 absent

Left
none
Best: none

Right
none
Best: none

Selecting

Lefts
Identity I2: 1
NOT none
Constant none
AND none
OR OR26: 1
XOR none
AND-NOT none
OR-NOT none
XOR-NOT none

Rights
Identity I6 5: 2
NOT none
Constant none
AND AND61: 1
OR none
XOR XOR13: 1
AND-NOT AND-NOT67 56: 2
OR-NOT none
XOR-NOT none

Left longest: 1
Right longest: 2

Right winner: Identity yes, NOT no, Constant no, AND no, OR no, XOR no, AND-NOT no, OR-NOT no, XOR-NOT no
Left winner: Identity yes, NOT no, Constant no, AND no, OR no, XOR no, AND-NOT no, OR-NOT no, XOR-NOT no

Best right: I6 5: 2
Best left: I2: 1

Truncated right: I6 5: 2
Truncated left: I2: 1

Tentative from right
7 I6
6 I5
5 pending
4 pending
3 pending
2 pending
1 pending
0 pending

Tentative
0 I2
1 pending
2 pending
3 pending
4 pending
5 pending
6 I5
7 I6

Preferred from right
7 I6
6 I5
5 ??4
4 ??3
3 ??2
2 ??1
1 ??0
0 I2

Preferred from left
0 I2
1 ?30
2 ?41
3 ?52
4 ?63
5 ?74
6 I5
7 I6

Preferred
0 I2
1 ?30 ?03
2 ?41 ?14
3 ?52 ?25
4 ?63 ?36
5 ?74 ?47
6 I5
7 I6

Matching
0 I2
1 ?30 ?03 - Identity absent, NOT absent, Constant absent, AND absent, OR absent, XOR30, AND-NOT absent, OR-NOT absent, XOR-NOT absent
2 ?41 ?14 - Identity absent, NOT absent, Constant absent, AND absent, OR absent, XOR41, AND-NOT absent, OR-NOT absent, XOR-NOT absent
3 ?52 ?25 - Identity absent, NOT absent, Constant absent, AND absent, OR absent, XOR52, AND-NOT absent, OR-NOT absent, XOR-NOT absent
4 ?63 ?36 - Identity absent, NOT absent, Constant absent, AND absent, OR63, XOR63, AND-NOT absent, OR-NOT absent, XOR-NOT absent
5 ?74 ?47 - Identity absent, NOT absent, Constant absent, AND absent, OR absent, XOR74, AND-NOT absent, OR-NOT absent, XOR-NOT absent
6 I5
7 I6

Perfect match
Identity no
NOT no
Constant no
AND no
OR no
XOR yes
AND-NOT no
OR-NOT no
XOR-NOT no

Matched
0 I2
1 XOR30
2 XOR41
3 XOR52
4 XOR63
5 XOR74
6 I5
7 I6

Selected
0 I2
1 XOR30
2 XOR41
3 XOR52
4 XOR63
5 XOR74
6 I5
7 I6

Applying to 11001101
Input
0 1
1 1
2 0
3 0
4 1
5 1
6 0
7 1
Output
0 I2 = 0
1 XOR30 = XOR(0,1) = 1
2 XOR41 = XOR(1,1) = 0
3 XOR52 = XOR(1,0) = 1
4 XOR63 = XOR(0,0) = 0
5 XOR74 = XOR(1,1) = 0
6 I5 = 1
7 I6 = 0

I will now return the answer in \boxed{}
The answer in \boxed is
\boxed{01010010}