We need to deduce the transformation by matching the example outputs.
I will put my final answer inside \boxed{}.

Output 0: 00010000
0 0
1 0
2 0
3 1
4 0
5 0
6 0
7 0

Output 1: 10100000
0 1
1 0
2 1
3 0
4 0
5 0
6 0
7 0

Output 2: 01101000
0 0
1 1
2 1
3 0
4 1
5 0
6 0
7 0

Output 3: 11000011
0 1
1 1
2 0
3 0
4 0
5 0
6 1
7 1

Output 4: 00100001
0 0
1 0
2 1
3 0
4 0
5 0
6 0
7 1

Output 5: 01100001
0 0
1 1
2 1
3 0
4 0
5 0
6 0
7 1

Output 6: 00000011
0 0
1 0
2 0
3 0
4 0
5 0
6 1
7 1

Output 7: 10000000
0 1
1 0
2 0
3 0
4 0
5 0
6 0
7 0

Output 8: 00000100
0 0
1 0
2 0
3 0
4 0
5 1
6 0
7 0

Output 9: 00010010
0 0
1 0
2 0
3 1
4 0
5 0
6 1
7 0

Output bit columns (with bitsum as hash)
0 0101000100 3
1 0011010000 3
2 0110110000 4
3 1000000001 2
4 0010000000 1
5 0000000010 1
6 0001001001 3
7 0001111000 4

Input 0: 10110011
0 1
1 0
2 1
3 1
4 0
5 0
6 1
7 1

Input 1: 00100111
0 0
1 0
2 1
3 0
4 0
5 1
6 1
7 1

Input 2: 01000011
0 0
1 1
2 0
3 0
4 0
5 0
6 1
7 1

Input 3: 00011110
0 0
1 0
2 0
3 1
4 1
5 1
6 1
7 0

Input 4: 11001101
0 1
1 1
2 0
3 0
4 1
5 1
6 0
7 1

Input 5: 00001011
0 0
1 0
2 0
3 0
4 1
5 0
6 1
7 1

Input 6: 11011100
0 1
1 1
2 0
3 1
4 1
5 1
6 0
7 0

Input 7: 00110111
0 0
1 0
2 1
3 1
4 0
5 1
6 1
7 1

Input 8: 00110001
0 0
1 0
2 1
3 1
4 0
5 0
6 0
7 1

Input 9: 10110010
0 1
1 0
2 1
3 1
4 0
5 0
6 1
7 0

When matching output
x: not in operator
y: wrong position

Identity
0 1000101001 4
1 0010101000 3
2 1100000111 5
3 1001001111 6
4 0001111000 4 match 7
5 0101101100 5
6 1111010101 7
7 1110110110 7

Matching output
0 absent
1 absent
2 absent
3 absent
4 absent
5 absent
6 absent
7 4

Left
none
Best: none

Right
4 3x
Best: I4: 1

NOT
0 0111010110 6
1 1101010111 7
2 0011111000 5
3 0110110000 4 match 2
4 1110000111 6
5 1010010011 5
6 0000101010 3
7 0001001001 3 match 6

Matching output
0 absent
1 absent
2 3
3 absent
4 absent
5 absent
6 7
7 absent

Left
none
Best: none

Right
none
Best: none

Constant
0 0000000000 a
1 1111111111 a

Matching output
0 absent
1 absent
2 absent
3 absent
4 absent
5 absent
6 absent
7 absent

Left
none
Best: none

Right
none
Best: none

AND
01 10 0000101000 2
12 21 0000000000 a
23 32 1000000111 4
34 43 0001001000 2
45 54 0001101000 3
56 65 0101000100 3 match 0
67 76 1110010100 5
70 07 1000100000 2

02 20 1000000001 2 match 3
13 31 0000001000 1
24 42 0000000000 a
35 53 0001001100 3
46 64 0001010000 2
57 75 0100100100 3
60 06 1000000001 2 match 3
71 17 0010100000 2

03 30 1000001001 3
14 41 0000101000 2
25 52 0100000100 2
36 63 1001000101 4
47 74 0000110000 2
50 05 0000101000 2
61 16 0010000000 1 match 4
72 27 1100000110 4

04 40 0000101000 2
15 51 0000101000 2
26 62 1100000101 4
37 73 1000000110 3

Matching output
0 56 65
1 absent
2 absent
3 02 20 60 06
4 61 16
5 absent
6 absent
7 absent

Left
56 67x
65 76x
Best: AND56: 1

Right
none
Best: none

OR
01 10 1010101001 5
12 21 1110101111 8
23 32 1101001111 7
34 43 1001111111 8
45 54 0101111100 6
56 65 1111111101 9
67 76 1111110111 9
70 07 1110111111 9

02 20 1100101111 7
13 31 1011101111 8
24 42 1101111111 9
35 53 1101101111 8
46 64 1111111101 9
57 75 1111111110 9
60 06 1111111101 9
71 17 1110111110 8

03 30 1001101111 7
14 41 0011111000 5
25 52 1101101111 8
36 63 1111011111 9
47 74 1111111110 9
50 05 1101101101 7
61 16 1111111101 9
72 27 1110110111 8

04 40 1001111001 6
15 51 0111101100 6
26 62 1111010111 8
37 73 1111111111 a

Matching output
0 absent
1 absent
2 absent
3 absent
4 absent
5 absent
6 absent
7 absent

Left
none
Best: none

Right
none
Best: none

XOR
01 10 1010000001 3
12 21 1110101111 8
23 32 0101001000 3
34 43 1000110111 6
45 54 0100010100 3
56 65 1010111001 6
67 76 0001100011 4
70 07 0110011111 7

02 20 0100101110 5
13 31 1011100111 7
24 42 1101111111 9
35 53 1100100011 5
46 64 1110101101 7
57 75 1011011010 6
60 06 0111111100 7
71 17 1100011110 6

03 30 0001100110 4
14 41 0011010000 3 match 1
25 52 1001101011 6
36 63 0110011010 5
47 74 1111001110 7
50 05 1101000101 5
61 16 1101111101 8
72 27 0010110001 4

04 40 1001010001 4
15 51 0111000100 4
26 62 0011010010 4
37 73 0111111001 7

Matching output
0 absent
1 14 41
2 absent
3 absent
4 absent
5 absent
6 absent
7 absent

Left
none
Best: none

Right
none
Best: none

AND-NOT
01 1000000001 2 match 3
12 0010101000 3
23 0100000000 1
34 1000000111 4
45 0000010000 1
56 0000101000 2
67 0001000001 2
70 0110010110 5

02 0000101000 2
13 0010100000 2
24 1100000111 5
35 1000000011 3
46 0000101000 2
57 0001001000 2
60 0111010100 5
71 1100010110 5

03 0000100000 1
14 0010000000 1 match 4
25 1000000011 3
36 0000001010 2
47 0001001000 2
50 0101000100 3 match 0
61 1101010101 6
72 0010110000 3

04 1000000001 2 match 3
15 0010000000 1 match 4
26 0000000010 1 match 5
37 0001001001 3 match 6
40 0001010000 2
51 0101000100 3 match 0
62 0011010000 3 match 1
73 0110110000 4 match 2

05 1000000001 2 match 3
16 0000101000 2
27 0000000001 1
30 0001000110 3
41 0001010000 2
52 0001101000 3
63 0110010000 3
74 1110000110 5

06 0000101000 2
17 0000001000 1
20 0100000110 3
31 1001000111 5
42 0001111000 4 match 7
53 0100100000 2
64 1110000101 5
75 1010010010 4

07 0000001001 2
10 0010000000 1 match 4
21 1100000111 5
32 0001001000 2
43 0000110000 2
54 0100000100 2
65 1010010001 4
76 0000100010 2

Matching output
0 50 51
1 62
2 73
3 01 04 05
4 14 15 10
5 26
6 37
7 42

Left
50 61x
51 62 73 04 15 26 37 40x
Best: AND-NOT51 62 73 04 15 26 37: 7

Right
42 31x
Best: AND-NOT42: 1

OR-NOT
01 1101111111 9
12 0011111000 5
23 1110110111 8
34 1111001111 8
45 1011111011 8
56 0101101110 6
67 1111011101 8
70 1111110110 8

02 1011111001 7
13 0110111000 5
24 1110000111 6
35 1011011111 8
46 0001111010 5
57 0101101101 6
60 1111010111 8
71 1111110111 9

03 1110111001 7
14 1110101111 8
25 1110010111 7
36 1001101111 7
47 0001111001 5
50 0111111110 8
61 1111010111 8
72 1111111110 9

04 1110101111 8
15 1010111011 7
26 1100101111 7
37 1001001111 6
40 0111111110 8
51 1101111111 9
62 1111111101 9
73 1110110110 7

05 1010111011 7
16 0010101010 4
27 1101001111 7
30 1111011111 9
41 1101111111 9
52 0111111100 7
63 1111110101 8
74 1110110111 8

06 1000101011 5
17 0011101001 5
20 1111010111 8
31 1101011111 8
42 0011111000 5
53 0111111100 7
64 1111010111 8
75 1110110111 8

07 1001101001 5
10 0111111110 8
21 1101010111 7
32 1011111111 9
43 0111111000 6
54 1111101111 9
65 1111010111 8
76 1110111110 8

Matching output
0 absent
1 absent
2 absent
3 absent
4 absent
5 absent
6 absent
7 absent

Left
none
Best: none

Right
none
Best: none

XOR-NOT
01 0101111110 7
12 0001010000 2
23 1010110111 7
34 0111001000 4
45 1011101011 7
56 0101000110 4
67 1110011100 6
70 1001100000 3

02 1011010001 5
13 0100011000 3
24 0010000000 1 match 4
35 0011011100 5
46 0001010010 3
57 0100100101 4
60 1000000011 3
71 0011100001 4

03 1110011001 6
14 1100101111 7
25 0110010100 4
36 1001100101 5
47 0000110001 3
50 0010111010 5
61 0010000010 2
72 1101001110 6

04 0110101110 6
15 1000111011 6
26 1100101101 6
37 1000000110 3
40 0110101110 6
51 1000111011 6
62 1100101101 6
73 1000000110 3

05 0010111010 5
16 0010000010 2
27 1101001110 6
30 1110011001 6
41 1100101111 7
52 0110010100 4
63 1001100101 5
74 0000110001 3

06 1000000011 3
17 0011100001 4
20 1011010001 5
31 0100011000 3
42 0010000000 1 match 4
53 0011011100 5
64 0001010010 3
75 0100100101 4

07 1001100000 3
10 0101111110 7
21 0001010000 2
32 1010110111 7
43 0111001000 4
54 1011101011 7
65 0101000110 4
76 1110011100 6

Matching output
0 absent
1 absent
2 absent
3 absent
4 24 42
5 absent
6 absent
7 absent

Left
none
Best: none

Right
none
Best: none

Selecting

Lefts
Identity none
NOT none
Constant none
AND AND56: 1
OR none
XOR none
AND-NOT AND-NOT51 62 73 04 15 26 37: 7
OR-NOT none
XOR-NOT none

Rights
Identity I4: 1
NOT none
Constant none
AND none
OR none
XOR none
AND-NOT AND-NOT42: 1
OR-NOT none
XOR-NOT none

Left longest: 7
Right longest: 1

Left winner: Identity no, NOT no, Constant no, AND no, OR no, XOR no, AND-NOT yes, OR-NOT no, XOR-NOT no
Right winner: Identity yes, NOT no, Constant no, AND no, OR no, XOR no, AND-NOT no, OR-NOT no, XOR-NOT no

Best left: AND-NOT51 62 73 04 15 26 37: 7
Best right: I4: 1

Truncated left: AND-NOT51 62 73 04 15 26 37: 7
Truncated right: I4: 1

Tentative from right
7 I4
6 pending
5 pending
4 pending
3 pending
2 pending
1 pending
0 pending

Tentative
0 AND-NOT51
1 AND-NOT62
2 AND-NOT73
3 AND-NOT04
4 AND-NOT15
5 AND-NOT26
6 AND-NOT37
7 I4

Preferred from left
0 AND-NOT51
1 AND-NOT62
2 AND-NOT73
3 AND-NOT04
4 AND-NOT15
5 AND-NOT26
6 AND-NOT37
7 I4

Preferred from right
7 I4
6 AND-NOT37
5 AND-NOT26
4 AND-NOT15
3 AND-NOT04
2 AND-NOT73
1 AND-NOT62
0 AND-NOT51

Preferred
0 AND-NOT51
1 AND-NOT62
2 AND-NOT73
3 AND-NOT04
4 AND-NOT15
5 AND-NOT26
6 AND-NOT37
7 I4

Matching
0 AND-NOT51
1 AND-NOT62
2 AND-NOT73
3 AND-NOT04
4 AND-NOT15
5 AND-NOT26
6 AND-NOT37
7 I4

Perfect match
Identity no
NOT no
Constant no
AND no
OR no
XOR no
AND-NOT no
OR-NOT no
XOR-NOT no

Matched
0 AND-NOT51
1 AND-NOT62
2 AND-NOT73
3 AND-NOT04
4 AND-NOT15
5 AND-NOT26
6 AND-NOT37
7 I4

Selected
0 AND-NOT51
1 AND-NOT62
2 AND-NOT73
3 AND-NOT04
4 AND-NOT15
5 AND-NOT26
6 AND-NOT37
7 I4

Applying to 11101000
Input
0 1
1 1
2 1
3 0
4 1
5 0
6 0
7 0
Output
0 AND-NOT51 = AND(0,NOT(1)) = 0
1 AND-NOT62 = AND(0,NOT(1)) = 0
2 AND-NOT73 = AND(0,NOT(0)) = 0
3 AND-NOT04 = AND(1,NOT(1)) = 0
4 AND-NOT15 = AND(1,NOT(0)) = 1
5 AND-NOT26 = AND(1,NOT(0)) = 1
6 AND-NOT37 = AND(0,NOT(0)) = 0
7 I4 = 1

I will now return the answer in \boxed{}
The answer in \boxed is
\boxed{00001101}