We need to deduce the transformation by matching the example outputs.
I will put my final answer inside \boxed{}.

Output 0: 00001110
0 0
1 0
2 0
3 0
4 1
5 1
6 1
7 0

Output 1: 10010110
0 1
1 0
2 0
3 1
4 0
5 1
6 1
7 0

Output 2: 01001101
0 0
1 1
2 0
3 0
4 1
5 1
6 0
7 1

Output 3: 01110111
0 0
1 1
2 1
3 1
4 0
5 1
6 1
7 1

Output 4: 11110110
0 1
1 1
2 1
3 1
4 0
5 1
6 1
7 0

Output 5: 11001111
0 1
1 1
2 0
3 0
4 1
5 1
6 1
7 1

Output 6: 01111011
0 0
1 1
2 1
3 1
4 1
5 0
6 1
7 1

Output 7: 01100111
0 0
1 1
2 1
3 0
4 0
5 1
6 1
7 1

Output 8: 10111101
0 1
1 0
2 1
3 1
4 1
5 1
6 0
7 1

Output bit columns (with bitsum as hash)
0 010011001 4
1 001111110 6
2 000110111 5
3 010110101 5
4 101001101 5
5 111111011 8
6 110111110 7
7 001101111 6

Input 0: 11011100
0 1
1 1
2 0
3 1
4 1
5 1
6 0
7 0

Input 1: 01001010
0 0
1 1
2 0
3 0
4 1
5 0
6 1
7 0

Input 2: 10001100
0 1
1 0
2 0
3 0
4 1
5 1
6 0
7 0

Input 3: 01110010
0 0
1 1
2 1
3 1
4 0
5 0
6 1
7 0

Input 4: 11011011
0 1
1 1
2 0
3 1
4 1
5 0
6 1
7 1

Input 5: 11100101
0 1
1 1
2 1
3 0
4 0
5 1
6 0
7 1

Input 6: 00101001
0 0
1 0
2 1
3 0
4 1
5 0
6 0
7 1

Input 7: 00010110
0 0
1 0
2 0
3 1
4 0
5 1
6 1
7 0

Input 8: 10010000
0 1
1 0
2 0
3 1
4 0
5 0
6 0
7 0

When matching output
x: not in operator
y: wrong position

Identity
0 101011001 5
1 110111000 5
2 000101100 3
3 100110011 5
4 111010100 5
5 101001010 4
6 010110010 4
7 000011100 3

Matching output
0 absent
1 absent
2 absent
3 absent
4 absent
5 absent
6 absent
7 absent

Left
none
Best: none

Right
none
Best: none

NOT
0 010100110 4
1 001000111 4
2 111010011 6
3 011001100 4
4 000101011 4
5 010110101 5 match 3
6 101001101 5 match 4
7 111100011 6

Matching output
0 absent
1 absent
2 absent
3 5
4 6
5 absent
6 absent
7 absent

Left
none
Best: none

Right
none
Best: none

Constant
0 000000000 a
1 111111111 a

Matching output
0 absent
1 absent
2 absent
3 absent
4 absent
5 absent
6 absent
7 absent

Left
none
Best: none

Right
none
Best: none

AND
01 10 100011000 3
12 21 000101000 2
23 32 000100000 1
34 43 100010000 2
45 54 101000000 2
56 65 000000010 1
67 76 000010000 1
70 07 000011000 2

02 20 000001000 1
13 31 100110000 3
24 42 000000100 1
35 53 100000010 2
46 64 010010000 2
57 75 000001000 1
60 06 000010000 1
71 17 000011000 2

03 30 100010001 3
14 41 110010000 3
25 52 000001000 1
36 63 000110010 3
47 74 000010100 2
50 05 101001000 3
61 16 010110000 3
72 27 000001100 2

04 40 101010000 3
15 51 100001000 2
26 62 000100000 1
37 73 000010000 1

Matching output
0 absent
1 absent
2 absent
3 absent
4 absent
5 absent
6 absent
7 absent

Left
none
Best: none

Right
none
Best: none

OR
01 10 111111001 7
12 21 110111100 6
23 32 100111111 7
34 43 111110111 8
45 54 111011110 7
56 65 111111010 7
67 76 010111110 6
70 07 101011101 6

02 20 101111101 7
13 31 110111011 7
24 42 111111100 7
35 53 101111011 7
46 64 111110110 7
57 75 101011110 6
60 06 111111011 8 match 5
71 17 110111100 6

03 30 101111011 7
14 41 111111100 7
25 52 101101110 6
36 63 110110011 6
47 74 111011100 6
50 05 101011011 6
61 16 110111010 6
72 27 000111100 4

04 40 111011101 7
15 51 111111010 7
26 62 010111110 6
37 73 100111111 7

Matching output
0 absent
1 absent
2 absent
3 absent
4 absent
5 60 06
6 absent
7 absent

Left
none
Best: none

Right
none
Best: none

XOR
01 10 011100001 4
12 21 110010100 4
23 32 100011111 6
34 43 011100111 6
45 54 010011110 5
56 65 111111000 6
67 76 010101110 5
70 07 101000101 4

02 20 101110101 6
13 31 010001011 4
24 42 111111000 6
35 53 001111001 5
46 64 101100110 5
57 75 101010110 5
60 06 111101011 7
71 17 110100100 4

03 30 001101010 4
14 41 001101100 4
25 52 101100110 5
36 63 110000001 3
47 74 111001000 4
50 05 000010011 3
61 16 100001010 3
72 27 000110000 2

04 40 010001101 4
15 51 011110010 5
26 62 010011110 5
37 73 100101111 6

Matching output
0 absent
1 absent
2 absent
3 absent
4 absent
5 absent
6 absent
7 absent

Left
none
Best: none

Right
none
Best: none

AND-NOT
01 001000001 2
12 110010000 3
23 000001100 2
34 000100011 3
45 010010100 3
56 101001000 3
67 010100010 3
70 000000100 1

02 101010001 4
13 010001000 2
24 000101000 2
35 000110001 3
46 101000100 3
57 101000010 3
60 010100010 3
71 000000100 1

03 001001000 2
14 000101000 2
25 000100100 2
36 100000001 2
47 111000000 3
50 000000010 1
61 000000010 1
72 000010000 1

04 000001001 2
15 010110000 3
26 000001100 2
37 100100011 4
40 010000100 2
51 001000010 2
62 010010010 3
73 000001100 2

05 000010001 2
16 100001000 2
27 000100000 1
30 000100010 2
41 001000100 2
52 101000010 3
63 010000000 1
74 000001000 1

06 101001001 4
17 110100000 3
20 000100100 2
31 000000011 2
42 111010000 4
53 001001000 2
64 000100010 2
75 000010100 2

07 101000001 3
10 010100000 2
21 000000100 1
32 100010011 4
43 011000100 3
54 000001010 2
65 010110000 3
76 000001100 2

Matching output
0 absent
1 absent
2 absent
3 absent
4 absent
5 absent
6 absent
7 absent

Left
none
Best: none

Right
none
Best: none

OR-NOT
01 101011111 7
12 111111011 8 match 5
23 011101100 5
34 100111011 6
45 111110101 7
56 101001111 6
67 111110011 7
70 010111110 6

02 111011011 7
13 111111100 7
24 000101111 5
35 110110111 7
46 111011101 7
57 111101011 7
60 010110110 5
71 001011111 6

03 111011101 7
14 110111011 7
25 010111101 6
36 101111111 8
47 111110111 8
50 111101110 7
61 011110111 7
72 111011111 8

04 101111011 7
15 110111101 7
26 101101101 6
37 111110011 7
40 111110110 7
51 101001111 6
62 111110011 7
73 011011100 5

05 111111101 8
16 111111101 8
27 111101111 8
30 110110111 7
41 111010111 7
52 111011011 7
63 011111110 7
74 000111111 6

06 101011101 6
17 111111011 8 match 5
20 010101110 5
31 101110111 7
42 111010111 7
53 111001110 6
64 010111011 6
75 010111101 6

07 111111011 8 match 5
10 110111110 7 match 6
21 001101111 6 match 7
32 111110011 7
43 111011100 6
54 101101011 6
65 010110111 6
76 101011101 6

Matching output
0 absent
1 absent
2 absent
3 absent
4 absent
5 12 17 07
6 10
7 21

Left
none
Best: none

Right
21 10 07 76x
Best: OR-NOT21 10 07: 3

XOR-NOT
01 100011110 5
12 001101011 5
23 011100000 3
34 100011000 3
45 101100001 4
56 000000111 3
67 101010001 4
70 010111010 5

02 010001010 3
13 101110100 5
24 000000111 3
35 110000110 4
46 010011001 4 match 0
57 010101001 4
60 000010100 2
71 001011011 5

03 110010101 5
14 110010011 5
25 010011001 4 match 0
36 001111110 6 match 1
47 000110111 5 match 2
50 111101100 6
61 011110101 6
72 111001111 7

04 101110010 5
15 100001101 4
26 101100001 4
37 011010000 3
40 101110010 5
51 100001101 4
62 101100001 4
73 011010000 3

05 111101100 6
16 011110101 6
27 111001111 7
30 110010101 5
41 110010011 5
52 010011001 4 match 0
63 001111110 6 match 1
74 000110111 5 match 2

06 000010100 2
17 001011011 5
20 010001010 3
31 101110100 5
42 000000111 3
53 110000110 4
64 010011001 4 match 0
75 010101001 4

07 010111010 5
10 100011110 5
21 001101011 5
32 011100000 3
43 100011000 3
54 101100001 4
65 000000111 3
76 101010001 4

Matching output
0 46 25 52 64
1 36 63
2 47 74
3 absent
4 absent
5 absent
6 absent
7 absent

Left
46 57x
25 36 47 50x
52 63 74 05x
64 75x
Best: XOR-NOT25 36 47: 3

Right
none
Best: none

Selecting

Lefts
Identity none
NOT none
Constant none
AND none
OR none
XOR none
AND-NOT none
OR-NOT none
XOR-NOT XOR-NOT25 36 47: 3

Rights
Identity none
NOT none
Constant none
AND none
OR none
XOR none
AND-NOT none
OR-NOT OR-NOT21 10 07: 3
XOR-NOT none

Left longest: 3
Right longest: 3

Left winner: Identity no, NOT no, Constant no, AND no, OR no, XOR no, AND-NOT no, OR-NOT no, XOR-NOT yes
Right winner: Identity no, NOT no, Constant no, AND no, OR no, XOR no, AND-NOT no, OR-NOT yes, XOR-NOT no

Best left: XOR-NOT25 36 47: 3
Best right: OR-NOT21 10 07: 3

Truncated left: XOR-NOT25 36 47: 3
Truncated right: OR-NOT21 10 07: 3

Tentative from right
7 OR-NOT21
6 OR-NOT10
5 OR-NOT07
4 pending
3 pending
2 pending
1 pending
0 pending

Tentative
0 XOR-NOT25
1 XOR-NOT36
2 XOR-NOT47
3 pending
4 pending
5 OR-NOT07
6 OR-NOT10
7 OR-NOT21

Preferred from left
0 XOR-NOT25
1 XOR-NOT36
2 XOR-NOT47
3 ?50
4 ?61
5 OR-NOT07
6 OR-NOT10
7 OR-NOT21

Preferred from right
7 OR-NOT21
6 OR-NOT10
5 OR-NOT07
4 ?61
3 ?50
2 XOR-NOT47
1 XOR-NOT36
0 XOR-NOT25

Preferred
0 XOR-NOT25
1 XOR-NOT36
2 XOR-NOT47
3 ?50 ?05
4 ?61 ?16
5 OR-NOT07
6 OR-NOT10
7 OR-NOT21

Matching
0 XOR-NOT25
1 XOR-NOT36
2 XOR-NOT47
3 ?50 ?05 - Identity absent, NOT NOT5, Constant absent, AND absent, OR absent, XOR absent, AND-NOT absent, OR-NOT absent, XOR-NOT absent
4 ?61 ?16 - Identity absent, NOT NOT6, Constant absent, AND absent, OR absent, XOR absent, AND-NOT absent, OR-NOT absent, XOR-NOT absent
5 OR-NOT07
6 OR-NOT10
7 OR-NOT21

Perfect match
Identity no
NOT yes
Constant no
AND no
OR no
XOR no
AND-NOT no
OR-NOT no
XOR-NOT no

Matched
0 XOR-NOT25
1 XOR-NOT36
2 XOR-NOT47
3 NOT5
4 NOT6
5 OR-NOT07
6 OR-NOT10
7 OR-NOT21

Selected
0 XOR-NOT25
1 XOR-NOT36
2 XOR-NOT47
3 NOT5
4 NOT6
5 OR-NOT07
6 OR-NOT10
7 OR-NOT21

Applying to 00111111
Input
0 0
1 0
2 1
3 1
4 1
5 1
6 1
7 1
Output
0 XOR-NOT25 = XOR(1,NOT(1)) = 1
1 XOR-NOT36 = XOR(1,NOT(1)) = 1
2 XOR-NOT47 = XOR(1,NOT(1)) = 1
3 NOT5 = NOT(1) = 0
4 NOT6 = NOT(1) = 0
5 OR-NOT07 = OR(0,NOT(1)) = 0
6 OR-NOT10 = OR(0,NOT(0)) = 1
7 OR-NOT21 = OR(1,NOT(0)) = 1

I will now return the answer in \boxed{}
The answer in \boxed is
\boxed{11100011}