We need to deduce the transformation by matching the example outputs.
I will put my final answer inside \boxed{}.

Output 0: 01110110
0 0
1 1
2 1
3 1
4 0
5 1
6 1
7 0

Output 1: 10110001
0 1
1 0
2 1
3 1
4 0
5 0
6 0
7 1

Output 2: 01011010
0 0
1 1
2 0
3 1
4 1
5 0
6 1
7 0

Output 3: 10111101
0 1
1 0
2 1
3 1
4 1
5 1
6 0
7 1

Output 4: 11000101
0 1
1 1
2 0
3 0
4 0
5 1
6 0
7 1

Output 5: 11100111
0 1
1 1
2 1
3 0
4 0
5 1
6 1
7 1

Output 6: 01000000
0 0
1 1
2 0
3 0
4 0
5 0
6 0
7 0

Output bit columns (with bitsum as hash)
0 0101110 4
1 1010111 5
2 1101010 4
3 1111000 4
4 0011000 2
5 1001110 4
6 1010010 3
7 0101110 4

Input 0: 01101110
0 0
1 1
2 1
3 0
4 1
5 1
6 1
7 0

Input 1: 10010111
0 1
1 0
2 0
3 1
4 0
5 1
6 1
7 1

Input 2: 00101011
0 0
1 0
2 1
3 0
4 1
5 0
6 1
7 1

Input 3: 01010111
0 0
1 1
2 0
3 1
4 0
5 1
6 1
7 1

Input 4: 01011000
0 0
1 1
2 0
3 1
4 1
5 0
6 0
7 0

Input 5: 01111100
0 0
1 1
2 1
3 1
4 1
5 1
6 0
7 0

Input 6: 00001000
0 0
1 0
2 0
3 0
4 1
5 0
6 0
7 0

When matching output
x: not in operator
y: wrong position

Identity
0 0100000 1
1 1001110 4 match 5
2 1010010 3 match 6
3 0101110 4 match 0 7
4 1010111 5 match 1
5 1101010 4 match 2
6 1111000 4 match 3
7 0111000 3

Matching output
0 3
1 4
2 5
3 6
4 absent
5 1
6 2
7 3

Left
3 4 5 6 7x
Best: I3 4 5 6: 4

Right
3 2 1 0x
Best: I3 2 1: 3

NOT
0 1011111 6
1 0110001 3
2 0101101 4
3 1010001 3
4 0101000 2
5 0010101 3
6 0000111 3
7 1000111 4

Matching output
0 absent
1 absent
2 absent
3 absent
4 absent
5 absent
6 absent
7 absent

Left
none
Best: none

Right
none
Best: none

Constant
0 0000000 a
1 1111111 a

Matching output
0 absent
1 absent
2 absent
3 absent
4 absent
5 absent
6 absent
7 absent

Left
none
Best: none

Right
none
Best: none

AND
01 10 0000000 a
12 21 1000010 2
23 32 0000010 1
34 43 0000110 2
45 54 1000010 2
56 65 1101000 3
67 76 0111000 3
70 07 0100000 1

02 20 0000000 a
13 31 0001110 3
24 42 1010010 3 match 6
35 53 0101010 3
46 64 1010000 2
57 75 0101000 2
60 06 0100000 1
71 17 0001000 1

03 30 0100000 1
14 41 1000110 3
25 52 1000010 2
36 63 0101000 2
47 74 0010000 1
50 05 0100000 1
61 16 1001000 2
72 27 0010000 1

04 40 0000000 a
15 51 1001010 3
26 62 1010000 2
37 73 0101000 2

Matching output
0 absent
1 absent
2 absent
3 absent
4 absent
5 absent
6 24 42
7 absent

Left
none
Best: none

Right
none
Best: none

OR
01 10 1101110 5
12 21 1011110 5
23 32 1111110 6
34 43 1111111 a
45 54 1111111 a
56 65 1111010 5
67 76 1111000 4 match 3
70 07 0111000 3

02 20 1110010 4
13 31 1101110 5
24 42 1010111 5 match 1
35 53 1101110 5
46 64 1111111 a
57 75 1111010 5
60 06 1111000 4 match 3
71 17 1111110 6

03 30 0101110 4 match 0 7
14 41 1011111 6
25 52 1111010 5
36 63 1111110 6
47 74 1111111 a
50 05 1101010 4 match 2
61 16 1111110 6
72 27 1111010 5

04 40 1110111 6
15 51 1101110 5
26 62 1111010 5
37 73 0111110 5

Matching output
0 03 30
1 24 42
2 50 05
3 67 76 60 06
4 absent
5 absent
6 absent
7 03 30

Left
03 14x
30 41x
Best: OR03: 1

Right
03 72x
30 27x
Best: OR03: 1

XOR
01 10 1101110 5
12 21 0011100 3
23 32 1111100 5
34 43 1111001 5
45 54 0111101 5
56 65 0010010 2
67 76 1000000 1
70 07 0011000 2 match 4

02 20 1110010 4
13 31 1100000 2
24 42 0000101 2
35 53 1000100 2
46 64 0101111 5
57 75 1010010 3 match 6
60 06 1011000 3
71 17 1110110 5

03 30 0001110 3
14 41 0011001 3
25 52 0111000 3
36 63 1010110 4
47 74 1101111 6
50 05 1001010 3
61 16 0110110 4
72 27 1101010 4 match 2

04 40 1110111 6
15 51 0100100 2
26 62 0101010 3
37 73 0010110 3

Matching output
0 absent
1 absent
2 72 27
3 absent
4 70 07
5 absent
6 57 75
7 absent

Left
none
Best: none

Right
none
Best: none

AND-NOT
01 0100000 1
12 0001100 2
23 1010000 2
34 0101000 2
45 0010101 3
56 0000010 1
67 1000000 1
70 0011000 2 match 4

02 0100000 1
13 1000000 1
24 0000000 a
35 0000100 1
46 0000111 3
57 1000010 2
60 1011000 3
71 0110000 2

03 0000000 a
14 0001000 1
25 0010000 1
36 0000110 2
47 1000111 4
50 1001010 3
61 0110000 2
72 0101000 2

04 0100000 1
15 0000100 1
26 0000010 1
37 0000110 2
40 1010111 5 match 1
51 0100000 1
62 0101000 2
73 0010000 1

05 0000000 a
16 0000110 2
27 1000010 2
30 0001110 3
41 0010001 2
52 0101000 2
63 1010000 2
74 0101000 2

06 0000000 a
17 1000110 3
20 1010010 3 match 6
31 0100000 1
42 0000101 2
53 1000000 1
64 0101000 2
75 0010000 1

07 0000000 a
10 1001110 4 match 5
21 0010000 1
32 0101100 3
43 1010001 3
54 0101000 2
65 0010000 1
76 0000000 a

Matching output
0 absent
1 40
2 absent
3 absent
4 70
5 10
6 20
7 absent

Left
none
Best: none

Right
none
Best: none

OR-NOT
01 0110001 3
12 1101111 6
23 1010011 4
34 0101110 4 match 0 7
45 1010111 5 match 1
56 1101111 6
67 1111111 a
70 1111111 a

02 0101101 4
13 1011111 6
24 1111010 5
35 0111111 6
46 1010111 5 match 1
57 1101111 6
60 1111111 a
71 0111001 4

03 1110001 4
14 1101110 5
25 1010111 5 match 1
36 0101111 5
47 1010111 5 match 1
50 1111111 a
61 1111001 5
72 0111101 5

04 0101000 2
15 1011111 6
26 1010111 5 match 1
37 1101111 6
40 1011111 6
51 1111011 6
62 1111101 6
73 1111001 5

05 0110101 4
16 1001111 5
27 1010111 5 match 1
30 1111111 a
41 1110111 6
52 1101111 6
63 1111001 5
74 0111000 3

06 0100111 4
17 1001111 5
20 1011111 6
31 0111111 6
42 1111111 a
53 1111011 6
64 1111000 4 match 3
75 0111101 5

07 1100111 5
10 1011111 6
21 1110011 5
32 0101111 5
43 1010111 5 match 1
54 1101010 4 match 2
65 1111101 6
76 0111111 6

Matching output
0 34
1 45 46 25 47 26 27 43
2 54
3 64
4 absent
5 absent
6 absent
7 34

Left
34 45 56x
Best: OR-NOT34 45: 2

Right
34 23x
Best: OR-NOT34: 1

XOR-NOT
01 0010001 2
12 1100011 4
23 0000011 2
34 0000110 2
45 1000010 2
56 1101101 5
67 0111111 6
70 1100111 5

02 0001101 3
13 0011111 5
24 1111010 5
35 0111011 5
46 1010000 2
57 0101101 4
60 0100111 4
71 0001001 2

03 1110001 4
14 1100110 4
25 1000111 4
36 0101001 3
47 0010000 1
50 0110101 4
61 1001001 3
72 0010101 3

04 0001000 1
15 1011011 5
26 1010101 4
37 1101001 4
40 0001000 1
51 1011011 5
62 1010101 4
73 1101001 4

05 0110101 4
16 1001001 3
27 0010101 3
30 1110001 4
41 1100110 4
52 1000111 4
63 0101001 3
74 0010000 1

06 0100111 4
17 0001001 2
20 0001101 3
31 0011111 5
42 1111010 5
53 0111011 5
64 1010000 2
75 0101101 4

07 1100111 5
10 0010001 2
21 1100011 4
32 0000011 2
43 0000110 2
54 1000010 2
65 1101101 5
76 0111111 6

Matching output
0 absent
1 absent
2 absent
3 absent
4 absent
5 absent
6 absent
7 absent

Left
none
Best: none

Right
none
Best: none

Selecting

Lefts
Identity I3 4 5 6: 4
NOT none
Constant none
AND none
OR OR03: 1
XOR none
AND-NOT none
OR-NOT OR-NOT34 45: 2
XOR-NOT none

Rights
Identity I3 2 1: 3
NOT none
Constant none
AND none
OR OR03: 1
XOR none
AND-NOT none
OR-NOT OR-NOT34: 1
XOR-NOT none

Left longest: 4
Right longest: 3

Left winner: Identity yes, NOT no, Constant no, AND no, OR no, XOR no, AND-NOT no, OR-NOT no, XOR-NOT no
Right winner: Identity yes, NOT no, Constant no, AND no, OR no, XOR no, AND-NOT no, OR-NOT no, XOR-NOT no

Best left: I3 4 5 6: 4
Best right: I3 2 1: 3

Truncated left: I3 4 5 6: 4
Truncated right: I3 2 1: 3

Tentative from right
7 I3
6 I2
5 I1
4 pending
3 pending
2 pending
1 pending
0 pending

Tentative
0 I3
1 I4
2 I5
3 I6
4 pending
5 I1
6 I2
7 I3

Preferred from left
0 I3
1 I4
2 I5
3 I6
4 ?7?
5 I1
6 I2
7 I3

Preferred from right
7 I3
6 I2
5 I1
4 ?70
3 I6
2 I5
1 I4
0 I3

Preferred
0 I3
1 I4
2 I5
3 I6
4 ?70 ?07
5 I1
6 I2
7 I3

Matching
0 I3
1 I4
2 I5
3 I6
4 ?70 ?07 - Identity absent, NOT absent, Constant absent, AND absent, OR absent, XOR70, AND-NOT70, OR-NOT absent, XOR-NOT absent
5 I1
6 I2
7 I3

Perfect match
Identity no
NOT no
Constant no
AND no
OR no
XOR yes
AND-NOT no
OR-NOT no
XOR-NOT no

Matched
0 I3
1 I4
2 I5
3 I6
4 XOR70
5 I1
6 I2
7 I3

Selected
0 I3
1 I4
2 I5
3 I6
4 XOR70
5 I1
6 I2
7 I3

Applying to 10111010
Input
0 1
1 0
2 1
3 1
4 1
5 0
6 1
7 0
Output
0 I3 = 1
1 I4 = 1
2 I5 = 0
3 I6 = 1
4 XOR70 = XOR(0,1) = 1
5 I1 = 0
6 I2 = 1
7 I3 = 1

I will now return the answer in \boxed{}
The answer in \boxed is
\boxed{11011011}