We need to deduce the transformation by matching the example outputs.
I will put my final answer inside \boxed{}.

Output 0: 00110011
0 0
1 0
2 1
3 1
4 0
5 0
6 1
7 1

Output 1: 00000101
0 0
1 0
2 0
3 0
4 0
5 1
6 0
7 1

Output 2: 00100111
0 0
1 0
2 1
3 0
4 0
5 1
6 1
7 1

Output 3: 00111101
0 0
1 0
2 1
3 1
4 1
5 1
6 0
7 1

Output 4: 00100000
0 0
1 0
2 1
3 0
4 0
5 0
6 0
7 0

Output 5: 01111001
0 0
1 1
2 1
3 1
4 1
5 0
6 0
7 1

Output 6: 00011101
0 0
1 0
2 0
3 1
4 1
5 1
6 0
7 1

Output 7: 10110111
0 1
1 0
2 1
3 1
4 0
5 1
6 1
7 1

Output bit columns (with bitsum as hash)
0 00000001 1
1 00000100 1
2 10111101 6
3 10010111 5
4 00010110 3
5 01110011 5
6 10100001 3
7 11110111 7

Input 0: 01100110
0 0
1 1
2 1
3 0
4 0
5 1
6 1
7 0

Input 1: 00001010
0 0
1 0
2 0
3 0
4 1
5 0
6 1
7 0

Input 2: 01001110
0 0
1 1
2 0
3 0
4 1
5 1
6 1
7 0

Input 3: 01111010
0 0
1 1
2 1
3 1
4 1
5 0
6 1
7 0

Input 4: 01000000
0 0
1 1
2 0
3 0
4 0
5 0
6 0
7 0

Input 5: 11110010
0 1
1 1
2 1
3 1
4 0
5 0
6 1
7 0

Input 6: 00111010
0 0
1 0
2 1
3 1
4 1
5 0
6 1
7 0

Input 7: 01101111
0 0
1 1
2 1
3 0
4 1
5 1
6 1
7 1

When matching output
x: not in operator
y: wrong position

Identity
0 00000100 1 match 1
1 10111101 6 match 2
2 10010111 5 match 3
3 00010110 3 match 4
4 01110011 5 match 5
5 10100001 3 match 6
6 11110111 7 match 7
7 00000001 1 match 0

Matching output
0 7
1 0
2 1
3 2
4 3
5 4
6 5
7 6

Left
7 0 1 2 3 4 5 6
Best: I7 0 1 2 3 4 5 6: 8

Right
6 5 4 3 2 1 0 7
Best: I6 5 4 3 2 1 0 7: 8

NOT
0 11111011 7
1 01000010 2
2 01101000 3
3 11101001 5
4 10001100 3
5 01011110 5
6 00001000 1
7 11111110 7

Matching output
0 absent
1 absent
2 absent
3 absent
4 absent
5 absent
6 absent
7 absent

Left
none
Best: none

Right
none
Best: none

Constant
0 00000000 a
1 11111111 a

Matching output
0 absent
1 absent
2 absent
3 absent
4 absent
5 absent
6 absent
7 absent

Left
none
Best: none

Right
none
Best: none

AND
01 10 00000100 1 match 1
12 21 10010101 4
23 32 00010110 3 match 4
34 43 00010010 2
45 54 00100001 2
56 65 10100001 3 match 6
67 76 00000001 1 match 0
70 07 00000000 a

02 20 00000100 1 match 1
13 31 00010100 2
24 42 00010011 3
35 53 00000000 a
46 64 01110011 5 match 5
57 75 00000001 1 match 0
60 06 00000100 1 match 1
71 17 00000001 1 match 0

03 30 00000100 1 match 1
14 41 00110001 3
25 52 10000001 2
36 63 00010110 3 match 4
47 74 00000001 1 match 0
50 05 00000000 a
61 16 10110101 5
72 27 00000001 1 match 0

04 40 00000000 a
15 51 10100001 3 match 6
26 62 10010111 5 match 3
37 73 00000000 a

Matching output
0 67 76 57 75 71 17 47 74 72 27
1 01 10 02 20 60 06 03 30
2 absent
3 26 62
4 23 32 36 63
5 46 64
6 56 65 15 51
7 absent

Left
67 70x
76 07x
57 60 71y
75 06 17y
71 02 13x
17 20 31x
47 50x
74 05x
72 03 14x
27 30 41x
Best: AND57 60: 2

Right
none
Best: none

OR
01 10 10111101 6 match 2
12 21 10111111 7
23 32 10010111 5 match 3
34 43 01110111 6
45 54 11110011 6
56 65 11110111 7 match 7
67 76 11110111 7 match 7
70 07 00000101 2

02 20 10010111 5 match 3
13 31 10111111 7
24 42 11110111 7 match 7
35 53 10110111 6
46 64 11110111 7 match 7
57 75 10100001 3 match 6
60 06 11110111 7 match 7
71 17 10111101 6 match 2

03 30 00010110 3 match 4
14 41 11111111 a
25 52 10110111 6
36 63 11110111 7 match 7
47 74 01110011 5 match 5
50 05 10100101 4
61 16 11111111 a
72 27 10010111 5 match 3

04 40 01110111 6
15 51 10111101 6 match 2
26 62 11110111 7 match 7
37 73 00010111 4

Matching output
0 absent
1 absent
2 01 10 71 17 15 51
3 23 32 02 20 72 27
4 03 30
5 47 74
6 57 75
7 56 65 67 76 24 42 46 64 60 06 36 63 26 62

Left
none
Best: none

Right
56 45x
65 54x
67 56y
76 65y
24 13x
42 31x
46 35x
64 53x
60 57 46y
06 75 64y
36 25x
63 52x
26 15y
62 51y
Best: OR60 57: 2

XOR
01 10 10111001 5
12 21 00101010 3
23 32 10000001 2
34 43 01100101 4
45 54 11010010 4
56 65 01010110 4
67 76 11110110 6
70 07 00000101 2

02 20 10010011 4
13 31 10101011 5
24 42 11100100 4
35 53 10110111 6
46 64 10000100 2
57 75 10100000 2
60 06 11110011 6
71 17 10111100 5

03 30 00010010 2
14 41 11001110 5
25 52 00110110 4
36 63 11100001 4
47 74 01110010 4
50 05 10100101 4
61 16 01001010 3
72 27 10010110 4

04 40 01110111 6
15 51 00011100 3
26 62 01100000 2
37 73 00010111 4

Matching output
0 absent
1 absent
2 absent
3 absent
4 absent
5 absent
6 absent
7 absent

Left
none
Best: none

Right
none
Best: none

AND-NOT
01 00000000 a
12 00101000 2
23 10000001 2
34 00000100 1 match 1
45 01010010 3
56 00000000 a
67 11110110 6
70 00000001 1 match 0

02 00000000 a
13 10101001 4
24 10000100 2
35 00010110 3 match 4
46 00000000 a
57 10100000 2
60 11110011 6
71 00000000 a

03 00000000 a
14 10001100 3
25 00010110 3 match 4
36 00000000 a
47 01110010 4
50 10100001 3 match 6
61 01000010 2
72 00000000 a

04 00000100 1 match 1
15 00011100 3
26 00000000 a
37 00010110 3 match 4
40 01110011 5 match 5
51 00000000 a
62 01100000 2
73 00000001 1 match 0

05 00000100 1 match 1
16 00001000 1
27 10010110 4
30 00010010 2
41 01000010 2
52 00100000 1
63 11100001 4
74 00000000 a

06 00000000 a
17 10111100 5
20 10010011 4
31 00000010 1
42 01100000 2
53 10100001 3 match 6
64 10000100 2
75 00000000 a

07 00000100 1 match 1
10 10111001 5
21 00000010 1
32 00000000 a
43 01100001 3
54 10000000 1
65 01010110 4
76 00000000 a

Matching output
0 70 73
1 34 04 05 07
2 absent
3 absent
4 35 25 37
5 40
6 50 53
7 absent

Left
70 01x
73 04 15x
Best: AND-NOT73 04: 2

Right
none
Best: none

OR-NOT
01 01000110 3
12 11111101 7
23 11111111 a
34 10011110 5
45 01111111 7
56 10101001 4
67 11111111 a
70 11111011 7

02 01101100 4
13 11111101 7
24 10011111 6
35 01011110 5
46 01111011 6
57 11111111 a
60 11111111 a
71 01000011 3

03 11101101 6
14 10111101 6 match 2
25 11011111 7
36 00011110 4
47 11111111 a
50 11111011 7
61 11110111 7 match 7
72 01101001 4

04 10001100 3
15 11111111 a
26 10011111 6
37 11111110 7
40 11111011 7
51 11100011 5
62 11111111 a
73 11101001 5

05 01011110 5
16 10111101 6 match 2
27 11111111 a
30 11111111 a
41 01110011 5 match 5
52 11101001 5
63 11111111 a
74 10001101 4

06 00001100 2
17 11111111 a
20 11111111 a
31 01010110 4
42 01111011 6
53 11101001 5
64 11111111 a
75 01011111 6

07 11111110 7
10 11111111 a
21 11010111 6
32 01111110 6
43 11111011 7
54 10101101 5
65 11111111 a
76 00001001 2

Matching output
0 absent
1 absent
2 14 16
3 absent
4 absent
5 41
6 absent
7 61

Left
none
Best: none

Right
61 50x
Best: OR-NOT61: 1

XOR-NOT
01 01000110 3
12 11010101 5
23 01111110 6
34 10011010 4
45 00101101 4
56 10101001 4
67 00001001 2
70 11111010 6

02 01101100 4
13 01010100 3
24 00011011 4
35 01001000 2
46 01111011 6
57 01011111 6
60 00001100 2
71 01000011 3

03 11101101 6
14 00110001 3
25 11001001 4
36 00011110 4
47 10001101 4
50 01011010 4
61 10110101 5
72 01101001 4

04 10001000 2
15 11100011 5
26 10011111 6
37 11101000 4
40 10001000 2
51 11100011 5
62 10011111 6
73 11101000 4

05 01011010 4
16 10110101 5
27 01101001 4
30 11101101 6
41 00110001 3
52 11001001 4
63 00011110 4
74 10001101 4

06 00001100 2
17 01000011 3
20 01101100 4
31 01010100 3
42 00011011 4
53 01001000 2
64 01111011 6
75 01011111 6

07 11111010 6
10 01000110 3
21 11010101 5
32 01111110 6
43 10011010 4
54 00101101 4
65 10101001 4
76 00001001 2

Matching output
0 absent
1 absent
2 absent
3 absent
4 absent
5 absent
6 absent
7 absent

Left
none
Best: none

Right
none
Best: none

Selecting

Lefts
Identity I7 0 1 2 3 4 5 6: 8
NOT none
Constant none
AND AND57 60: 2
OR none
XOR none
AND-NOT AND-NOT73 04: 2
OR-NOT none
XOR-NOT none

Rights
Identity I6 5 4 3 2 1 0 7: 8
NOT none
Constant none
AND none
OR OR60 57: 2
XOR none
AND-NOT none
OR-NOT OR-NOT61: 1
XOR-NOT none

Left longest: 8
Right longest: 8

Left winner: Identity yes, NOT no, Constant no, AND no, OR no, XOR no, AND-NOT no, OR-NOT no, XOR-NOT no
Right winner: Identity yes, NOT no, Constant no, AND no, OR no, XOR no, AND-NOT no, OR-NOT no, XOR-NOT no

Best left: I7 0 1 2 3 4 5 6: 8
Best right: I6 5 4 3 2 1 0 7: 8

Truncated left: I7 0 1 2 3 4 5 6: 8
Truncated right: none truncated

Tentative from right
7 pending
6 pending
5 pending
4 pending
3 pending
2 pending
1 pending
0 pending

Tentative
0 I7
1 I0
2 I1
3 I2
4 I3
5 I4
6 I5
7 I6

Preferred from left
0 I7
1 I0
2 I1
3 I2
4 I3
5 I4
6 I5
7 I6

Preferred from right
7 I6
6 I5
5 I4
4 I3
3 I2
2 I1
1 I0
0 I7

Preferred
0 I7
1 I0
2 I1
3 I2
4 I3
5 I4
6 I5
7 I6

Matching
0 I7
1 I0
2 I1
3 I2
4 I3
5 I4
6 I5
7 I6

Perfect match
Identity no
NOT no
Constant no
AND no
OR no
XOR no
AND-NOT no
OR-NOT no
XOR-NOT no

Matched
0 I7
1 I0
2 I1
3 I2
4 I3
5 I4
6 I5
7 I6

Selected
0 I7
1 I0
2 I1
3 I2
4 I3
5 I4
6 I5
7 I6

Applying to 11101110
Input
0 1
1 1
2 1
3 0
4 1
5 1
6 1
7 0
Output
0 I7 = 0
1 I0 = 1
2 I1 = 1
3 I2 = 1
4 I3 = 0
5 I4 = 1
6 I5 = 1
7 I6 = 1

I will now return the answer in \boxed{}
The answer in \boxed is
\boxed{01110111}