We need to deduce the transformation by matching the example outputs.
I will put my final answer inside \boxed{}.

Output 0: 11111001
0 1
1 1
2 1
3 1
4 1
5 0
6 0
7 1

Output 1: 11011100
0 1
1 1
2 0
3 1
4 1
5 1
6 0
7 0

Output 2: 01110000
0 0
1 1
2 1
3 1
4 0
5 0
6 0
7 0

Output 3: 00011100
0 0
1 0
2 0
3 1
4 1
5 1
6 0
7 0

Output 4: 11001110
0 1
1 1
2 0
3 0
4 1
5 1
6 1
7 0

Output 5: 11001010
0 1
1 1
2 0
3 0
4 1
5 0
6 1
7 0

Output 6: 11111110
0 1
1 1
2 1
3 1
4 1
5 1
6 1
7 0

Output 7: 10011111
0 1
1 0
2 0
3 1
4 1
5 1
6 1
7 1

Output 8: 11111100
0 1
1 1
2 1
3 1
4 1
5 1
6 0
7 0

Output bit columns (with bitsum as hash)
0 110011111 7
1 111011101 7
2 101000101 4
3 111100111 7
4 110111111 8
5 010110111 6
6 000011110 4
7 100000010 2

Input 0: 11001111
0 1
1 1
2 0
3 0
4 1
5 1
6 1
7 1

Input 1: 11100100
0 1
1 1
2 1
3 0
4 0
5 1
6 0
7 0

Input 2: 10000010
0 1
1 0
2 0
3 0
4 0
5 0
6 1
7 0

Input 3: 11100000
0 1
1 1
2 1
3 0
4 0
5 0
6 0
7 0

Input 4: 01110100
0 0
1 1
2 1
3 1
4 0
5 1
6 0
7 0

Input 5: 01010100
0 0
1 1
2 0
3 1
4 0
5 1
6 0
7 0

Input 6: 11110110
0 1
1 1
2 1
3 1
4 0
5 1
6 1
7 0

Input 7: 11111000
0 1
1 1
2 1
3 1
4 1
5 0
6 0
7 0

Input 8: 01100111
0 0
1 1
2 1
3 0
4 0
5 1
6 1
7 1

When matching output
x: not in operator
y: wrong position

Identity
0 111100110 6
1 110111111 8 match 4
2 010110111 6 match 5
3 000011110 4 match 6
4 100000010 2 match 7
5 110011101 6
6 101000101 4 match 2
7 100000001 2

Matching output
0 absent
1 absent
2 6
3 absent
4 1
5 2
6 3
7 4

Left
none
Best: none

Right
4 3 2 1 0x
Best: I4 3 2 1: 4

NOT
0 000011001 3
1 001000000 1
2 101001000 3
3 111100001 5
4 011111101 7
5 001100010 3
6 010111010 5
7 011111110 7

Matching output
0 absent
1 absent
2 absent
3 absent
4 absent
5 absent
6 absent
7 absent

Left
none
Best: none

Right
none
Best: none

Constant
0 000000000 a
1 111111111 a

Matching output
0 absent
1 absent
2 absent
3 absent
4 absent
5 absent
6 absent
7 absent

Left
none
Best: none

Right
none
Best: none

AND
01 10 110100110 5
12 21 010110111 6 match 5
23 32 000010110 3
34 43 000000010 1
45 54 100000000 1
56 65 100000101 3
67 76 100000001 2
70 07 100000000 1

02 20 010100110 4
13 31 000011110 4 match 6
24 42 000000010 1
35 53 000011100 3
46 64 100000000 1
57 75 100000001 2
60 06 101000100 3
71 17 100000001 2

03 30 000000110 2
14 41 100000010 2 match 7
25 52 010010101 4
36 63 000000100 1
47 74 100000000 1
50 05 110000100 3
61 16 100000101 3
72 27 000000001 1

04 40 100000010 2 match 7
15 51 110011101 6
26 62 000000101 2
37 73 000000000 a

Matching output
0 absent
1 absent
2 absent
3 absent
4 absent
5 12 21
6 13 31
7 14 41 04 40

Left
none
Best: none

Right
14 03x
41 30x
04 73x
40 37x
Best: AND14: 1

OR
01 10 111111111 a
12 21 110111111 8 match 4
23 32 010111111 7
34 43 100011110 5
45 54 110011111 7 match 0
56 65 111011101 7 match 1
67 76 101000101 4 match 2
70 07 111100111 7 match 3

02 20 111110111 8
13 31 110111111 8 match 4
24 42 110110111 7
35 53 110011111 7 match 0
46 64 101000111 5
57 75 110011101 6
60 06 111100111 7 match 3
71 17 110111111 8 match 4

03 30 111111110 8
14 41 110111111 8 match 4
25 52 110111111 8 match 4
36 63 101011111 7
47 74 100000011 3
50 05 111111111 a
61 16 111111111 a
72 27 110110111 7

04 40 111100110 6
15 51 110111111 8 match 4
26 62 111110111 8
37 73 100011111 6

Matching output
0 45 54 35 53
1 56 65
2 67 76
3 70 07 60 06
4 12 21 13 31 71 17 14 41 25 52 15 51
5 absent
6 absent
7 absent

Left
45 56 67 70 01x
54 65 76 07 10x
35 46x
53 64x
Best: OR45 56 67 70: 4

Right
none
Best: none

XOR
01 10 001011001 4
12 21 100001000 2
23 32 010101001 4
34 43 100011100 4
45 54 010011111 6
56 65 011011000 4
67 76 001000100 2
70 07 011100111 6

02 20 101010001 4
13 31 110100001 4
24 42 110110101 6
35 53 110000011 4
46 64 001000111 4
57 75 010011100 4
60 06 010100011 4
71 17 010111110 6

03 30 111111000 6
14 41 010111101 6
25 52 100101010 4
36 63 101011011 6
47 74 000000011 2
50 05 001111011 6
61 16 011111010 6
72 27 110110110 6

04 40 011100100 4
15 51 000100010 2
26 62 111110010 6
37 73 100011111 6

Matching output
0 absent
1 absent
2 absent
3 absent
4 absent
5 absent
6 absent
7 absent

Left
none
Best: none

Right
none
Best: none

AND-NOT
01 001000000 1
12 100001000 2
23 010100001 3
34 000011100 3
45 000000010 1
56 010011000 3
67 001000100 2
70 000000001 1

02 101000000 2
13 110100001 4
24 010110101 5
35 000000010 1
46 000000010 1
57 010011100 4
60 000000001 1
71 000000000 a

03 111100000 4
14 010111101 6
25 000100010 2
36 000011010 3
47 000000010 1
50 000011001 3
61 001000000 1
72 100000000 1

04 011100100 4
15 000100010 2
26 010110010 4
37 000011110 4 match 6
40 000000000 a
51 000000000 a
62 101000000 2
73 100000001 2

05 001100010 3
16 010111010 5
27 010110110 5
30 000011000 2
41 000000000 a
52 100001000 2
63 101000001 3
74 000000001 1

06 010100010 3
17 010111110 6
20 000010001 2
31 000000000 a
42 100000000 1
53 110000001 3
64 001000101 3
75 000000000 a

07 011100110 5
10 000011001 3
21 000000000 a
32 000001000 1
43 100000000 1
54 010011101 5
65 001000000 1
76 000000000 a

Matching output
0 absent
1 absent
2 absent
3 absent
4 absent
5 absent
6 37
7 absent

Left
none
Best: none

Right
none
Best: none

OR-NOT
01 111100110 6
12 111111111 a
23 111110111 8
34 011111111 8
45 101100010 4
56 110111111 8 match 4
67 111111111 a
70 100011001 4

02 111101110 7
13 111111111 a
24 011111111 8
35 001111110 6
46 110111010 6
57 111111111 a
60 101011101 6
71 101000001 3

03 111100111 7 match 3
14 111111111 a
25 011110111 7
36 010111110 6
47 111111110 8
50 110011101 6
61 101000101 4 match 2
72 101001001 4

04 111111111 a
15 111111111 a
26 010111111 7
37 011111110 7
40 100011011 5
51 111011101 7 match 1
62 101001101 5
73 111100001 5

05 111100110 6
16 110111111 8 match 4
27 011111111 8
30 000011111 5
41 101000010 3
52 111011101 7 match 1
63 111100101 6
74 111111101 8

06 111111110 8
17 111111111 a
20 010111111 7
31 001011110 5
42 101001010 4
53 111111101 8
64 111111101 8
75 101100011 5

07 111111110 8
10 110111111 8 match 4
21 011110111 7
32 101011110 6
43 111100011 6
54 111111101 8
65 101100111 6
76 110111011 7

Matching output
0 absent
1 51 52
2 61
3 03
4 56 16 10
5 absent
6 absent
7 absent

Left
none
Best: none

Right
none
Best: none

XOR-NOT
01 110100110 5
12 011110111 7
23 101010110 5
34 011100011 5
45 101100000 3
56 100100111 5
67 110111011 7
70 100011000 3

02 010101110 5
13 001011110 5
24 001001010 3
35 001111100 5
46 110111000 5
57 101100011 5
60 101011100 5
71 101000001 3

03 000000111 3
14 101000010 3
25 011010101 5
36 010100100 3
47 111111100 7
50 110000100 3
61 100000101 3
72 001001001 3

04 100011011 5
15 111011101 7 match 1
26 000001101 3
37 011100000 3
40 100011011 5
51 111011101 7 match 1
62 000001101 3
73 011100000 3

05 110000100 3
16 100000101 3
27 001001001 3
30 000000111 3
41 101000010 3
52 011010101 5
63 010100100 3
74 111111100 7

06 101011100 5
17 101000001 3
20 010101110 5
31 001011110 5
42 001001010 3
53 001111100 5
64 110111000 5
75 101100011 5

07 100011000 3
10 110100110 5
21 011110111 7
32 101010110 5
43 011100011 5
54 101100000 3
65 100100111 5
76 110111011 7

Matching output
0 absent
1 15 51
2 absent
3 absent
4 absent
5 absent
6 absent
7 absent

Left
none
Best: none

Right
none
Best: none

Selecting

Lefts
Identity none
NOT none
Constant none
AND none
OR OR45 56 67 70: 4
XOR none
AND-NOT none
OR-NOT none
XOR-NOT none

Rights
Identity I4 3 2 1: 4
NOT none
Constant none
AND AND14: 1
OR none
XOR none
AND-NOT none
OR-NOT none
XOR-NOT none

Left longest: 4
Right longest: 4

Left winner: Identity no, NOT no, Constant no, AND no, OR yes, XOR no, AND-NOT no, OR-NOT no, XOR-NOT no
Right winner: Identity yes, NOT no, Constant no, AND no, OR no, XOR no, AND-NOT no, OR-NOT no, XOR-NOT no

Best left: OR45 56 67 70: 4
Best right: I4 3 2 1: 4

Truncated left: OR45 56 67 70: 4
Truncated right: I4 3 2 1: 4

Tentative from right
7 I4
6 I3
5 I2
4 I1
3 pending
2 pending
1 pending
0 pending

Tentative
0 OR45
1 OR56
2 OR67
3 OR70
4 I1
5 I2
6 I3
7 I4

Preferred from left
0 OR45
1 OR56
2 OR67
3 OR70
4 I1
5 I2
6 I3
7 I4

Preferred from right
7 I4
6 I3
5 I2
4 I1
3 OR70
2 OR67
1 OR56
0 OR45

Preferred
0 OR45
1 OR56
2 OR67
3 OR70
4 I1
5 I2
6 I3
7 I4

Matching
0 OR45
1 OR56
2 OR67
3 OR70
4 I1
5 I2
6 I3
7 I4

Perfect match
Identity no
NOT no
Constant no
AND no
OR no
XOR no
AND-NOT no
OR-NOT no
XOR-NOT no

Matched
0 OR45
1 OR56
2 OR67
3 OR70
4 I1
5 I2
6 I3
7 I4

Selected
0 OR45
1 OR56
2 OR67
3 OR70
4 I1
5 I2
6 I3
7 I4

Applying to 10110111
Input
0 1
1 0
2 1
3 1
4 0
5 1
6 1
7 1
Output
0 OR45 = OR(0,1) = 1
1 OR56 = OR(1,1) = 1
2 OR67 = OR(1,1) = 1
3 OR70 = OR(1,1) = 1
4 I1 = 0
5 I2 = 1
6 I3 = 1
7 I4 = 0

I will now return the answer in \boxed{}
The answer in \boxed is
\boxed{11110110}