We need to deduce the transformation by matching the example outputs.
I will put my final answer inside \boxed{}.

Output 0: 00110011
0 0
1 0
2 1
3 1
4 0
5 0
6 1
7 1

Output 1: 00111010
0 0
1 0
2 1
3 1
4 1
5 0
6 1
7 0

Output 2: 00001011
0 0
1 0
2 0
3 0
4 1
5 0
6 1
7 1

Output 3: 10011111
0 1
1 0
2 0
3 1
4 1
5 1
6 1
7 1

Output 4: 01010101
0 0
1 1
2 0
3 1
4 0
5 1
6 0
7 1

Output 5: 11111100
0 1
1 1
2 1
3 1
4 1
5 1
6 0
7 0

Output 6: 11001111
0 1
1 1
2 0
3 0
4 1
5 1
6 1
7 1

Output 7: 10111110
0 1
1 0
2 1
3 1
4 1
5 1
6 1
7 0

Output bit columns (with bitsum as hash)
0 00010111 4
1 00001110 3
2 11000101 4
3 11011101 6
4 01110111 6
5 00011111 5
6 11110011 6
7 10111010 5

Input 0: 10010111
0 1
1 0
2 0
3 1
4 0
5 1
6 1
7 1

Input 1: 01010001
0 0
1 1
2 0
3 1
4 0
5 0
6 0
7 1

Input 2: 01011101
0 0
1 1
2 0
3 1
4 1
5 1
6 0
7 1

Input 3: 11011000
0 1
1 1
2 0
3 1
4 1
5 0
6 0
7 0

Input 4: 10101010
0 1
1 0
2 1
3 0
4 1
5 0
6 1
7 0

Input 5: 11000100
0 1
1 1
2 0
3 0
4 0
5 1
6 0
7 0

Input 6: 01001100
0 0
1 1
2 0
3 0
4 1
5 1
6 0
7 0

Input 7: 01110001
0 0
1 1
2 1
3 1
4 0
5 0
6 0
7 1

When matching output
x: not in operator
y: wrong position

Identity
0 10011100 4
1 01110111 6 match 4
2 00001001 2
3 11110001 5
4 00111010 4
5 10100110 4
6 10001000 2
7 11100001 4

Matching output
0 absent
1 absent
2 absent
3 absent
4 1
5 absent
6 absent
7 absent

Left
none
Best: none

Right
none
Best: none

NOT
0 01100011 4
1 10001000 2
2 11110110 6
3 00001110 3 match 1
4 11000101 4 match 2
5 01011001 4
6 01110111 6 match 4
7 00011110 4

Matching output
0 absent
1 3
2 4
3 absent
4 6
5 absent
6 absent
7 absent

Left
none
Best: none

Right
none
Best: none

Constant
0 00000000 a
1 11111111 a

Matching output
0 absent
1 absent
2 absent
3 absent
4 absent
5 absent
6 absent
7 absent

Left
none
Best: none

Right
none
Best: none

AND
01 10 00010100 2
12 21 00000001 1
23 32 00000001 1
34 43 00110000 2
45 54 00100010 2
56 65 10000000 1
67 76 10000000 1
70 07 10000000 1

02 20 00001000 1
13 31 01110001 4
24 42 00001000 1
35 53 10100000 2
46 64 00001000 1
57 75 10100000 2
60 06 10001000 2
71 17 01100001 3

03 30 10010000 2
14 41 00110010 3
25 52 00000000 a
36 63 10000000 1
47 74 00100000 1
50 05 10000100 2
61 16 00000000 a
72 27 00000001 1

04 40 00011000 2
15 51 00100110 3
26 62 00001000 1
37 73 11100001 4

Matching output
0 absent
1 absent
2 absent
3 absent
4 absent
5 absent
6 absent
7 absent

Left
none
Best: none

Right
none
Best: none

OR
01 10 11111111 a
12 21 01111111 7
23 32 11111001 6
34 43 11111011 7
45 54 10111110 6
56 65 10101110 5
67 76 11101001 5
70 07 11111101 7

02 20 10011101 5
13 31 11110111 7
24 42 00111011 5
35 53 11110111 7
46 64 10111010 5 match 7
57 75 11100111 6
60 06 10011100 4
71 17 11110111 7

03 30 11111101 7
14 41 01111111 7
25 52 10101111 6
36 63 11111001 6
47 74 11111011 7
50 05 10111110 6
61 16 11111111 a
72 27 11101001 5

04 40 10111110 6
15 51 11110111 7
26 62 10001001 3
37 73 11110001 5

Matching output
0 absent
1 absent
2 absent
3 absent
4 absent
5 absent
6 absent
7 46 64

Left
none
Best: none

Right
46 35x
64 53x
Best: OR46: 1

XOR
01 10 11101011 6
12 21 01111110 6
23 32 11111000 5
34 43 11001011 5
45 54 10011100 4
56 65 00101110 4
67 76 01101001 4
70 07 01111101 6

02 20 10010101 4
13 31 10000110 3
24 42 00110011 4
35 53 01010111 5
46 64 10110010 4
57 75 01000111 4
60 06 00010100 2
71 17 10010110 4

03 30 01101101 5
14 41 01001101 4
25 52 10101111 6
36 63 01111001 5
47 74 11011011 6
50 05 00111010 4
61 16 11111111 a
72 27 11101000 4

04 40 10100110 4
15 51 11010001 4
26 62 10000001 2
37 73 00010000 1

Matching output
0 absent
1 absent
2 absent
3 absent
4 absent
5 absent
6 absent
7 absent

Left
none
Best: none

Right
none
Best: none

AND-NOT
01 10001000 2
12 01110110 5
23 00001000 1
34 11000001 3
45 00011000 2
56 00100110 3
67 00001000 1
70 01100001 3

02 10010100 3
13 00000110 2
24 00000001 1
35 01010001 3
46 00110010 3
57 00000110 2
60 00000000 a
71 10000000 1

03 00001100 2
14 01000101 3
25 00001001 2
36 01110001 4
47 00011010 3
50 00100010 2
61 10001000 2
72 11100000 3

04 10000100 2
15 01010001 3
26 00000001 1
37 00010000 1
40 00100010 2
51 10000000 1
62 10000000 1
73 00000000 a

05 00011000 2
16 01110111 6 match 4
27 00001000 1
30 01100001 3
41 00001000 1
52 10100110 4
63 00001000 1
74 11000001 3

06 00010100 2
17 00010110 3
20 00000001 1
31 10000000 1
42 00110010 3
53 00000110 2
64 10000000 1
75 01000001 2

07 00011100 3
10 01100011 4
21 00001000 1
32 11110000 4
43 00001010 2
54 10000100 2
65 00001000 1
76 01100001 3

Matching output
0 absent
1 absent
2 absent
3 absent
4 16
5 absent
6 absent
7 absent

Left
none
Best: none

Right
none
Best: none

OR-NOT
01 10011100 4
12 11110111 7
23 00001111 4
34 11110101 6
45 01111011 6
56 11110111 7
67 10011110 5
70 11100011 5

02 11111110 7
13 01111111 7
24 11001101 5
35 11111001 6
46 01111111 7
57 10111110 6
60 11101011 6
71 11101001 5

03 10011110 5
14 11110111 7
25 01011001 4
36 11110111 7
47 00111110 5
50 11100111 6
61 10001000 2
72 11110111 7

04 11011101 6 match 3
15 01111111 7
26 01111111 7
37 11111111 a
40 01111011 6
51 10101110 5
62 11111110 7
73 11101111 7

05 11011101 6 match 3
16 01110111 6 match 4
27 00011111 5 match 5
30 11110011 6 match 6
41 10111010 5 match 7
52 11110110 6
63 10001110 4
74 11100101 5

06 11111111 a
17 01111111 7
20 01101011 5
31 11111001 6
42 11111110 7
53 10101110 5
64 11001101 5
75 11111001 6

07 10011110 5
10 01110111 6 match 4
21 10001001 3
32 11110111 7
43 00111110 5
54 11100111 6
65 11011001 5
76 11110111 7

Matching output
0 absent
1 absent
2 absent
3 04 05
4 16 10
5 27
6 30
7 41

Left
none
Best: none

Right
41 30 27 16 05 74x
Best: OR-NOT41 30 27 16 05: 5

XOR-NOT
01 00010100 2
12 10000001 2
23 00000111 3
34 00110100 3
45 01100011 4
56 11010001 4
67 10010110 4
70 10000010 2

02 01101010 4
13 01111001 5
24 11001100 4
35 10101000 3
46 01001101 4
57 10111000 4
60 11101011 6
71 01101001 4

03 10010010 3
14 10110010 4
25 01010000 2
36 10000110 3
47 00100100 2
50 11000101 4 match 2
61 00000000 a
72 00010111 4 match 0

04 01011001 4
15 00101110 4
26 01111110 6
37 11101111 7
40 01011001 4
51 00101110 4
62 01111110 6
73 11101111 7

05 11000101 4 match 2
16 00000000 a
27 00010111 4 match 0
30 10010010 3
41 10110010 4
52 01010000 2
63 10000110 3
74 00100100 2

06 11101011 6
17 01101001 4
20 01101010 4
31 01111001 5
42 11001100 4
53 10101000 3
64 01001101 4
75 10111000 4

07 10000010 2
10 00010100 2
21 10000001 2
32 00000111 3
43 00110100 3
54 01100011 4
65 11010001 4
76 10010110 4

Matching output
0 72 27
1 absent
2 50 05
3 absent
4 absent
5 absent
6 absent
7 absent

Left
72 03x
27 30x
Best: XOR-NOT72: 1

Right
none
Best: none

Selecting

Lefts
Identity none
NOT none
Constant none
AND none
OR none
XOR none
AND-NOT none
OR-NOT none
XOR-NOT XOR-NOT72: 1

Rights
Identity none
NOT none
Constant none
AND none
OR OR46: 1
XOR none
AND-NOT none
OR-NOT OR-NOT41 30 27 16 05: 5
XOR-NOT none

Left longest: 1
Right longest: 5

Right winner: Identity no, NOT no, Constant no, AND no, OR no, XOR no, AND-NOT no, OR-NOT yes, XOR-NOT no
Left winner: Identity no, NOT no, Constant no, AND no, OR no, XOR no, AND-NOT no, OR-NOT no, XOR-NOT yes

Best right: OR-NOT41 30 27 16 05: 5
Best left: XOR-NOT72: 1

Truncated right: OR-NOT41 30 27 16 05: 5
Truncated left: XOR-NOT72: 1

Tentative from right
7 OR-NOT41
6 OR-NOT30
5 OR-NOT27
4 OR-NOT16
3 OR-NOT05
2 pending
1 pending
0 pending

Tentative
0 XOR-NOT72
1 pending
2 pending
3 OR-NOT05
4 OR-NOT16
5 OR-NOT27
6 OR-NOT30
7 OR-NOT41

Preferred from right
7 OR-NOT41
6 OR-NOT30
5 OR-NOT27
4 OR-NOT16
3 OR-NOT05
2 ?74
1 ?63
0 XOR-NOT72

Preferred from left
0 XOR-NOT72
1 ?63
2 ?74
3 OR-NOT05
4 OR-NOT16
5 OR-NOT27
6 OR-NOT30
7 OR-NOT41

Preferred
0 XOR-NOT72
1 ?63 ?36
2 ?74 ?47
3 OR-NOT05
4 OR-NOT16
5 OR-NOT27
6 OR-NOT30
7 OR-NOT41

Matching
0 XOR-NOT72
1 ?63 ?36 - Identity absent, NOT NOT3, Constant absent, AND absent, OR absent, XOR absent, AND-NOT absent, OR-NOT absent, XOR-NOT absent
2 ?74 ?47 - Identity absent, NOT NOT4, Constant absent, AND absent, OR absent, XOR absent, AND-NOT absent, OR-NOT absent, XOR-NOT absent
3 OR-NOT05
4 OR-NOT16
5 OR-NOT27
6 OR-NOT30
7 OR-NOT41

Perfect match
Identity no
NOT yes
Constant no
AND no
OR no
XOR no
AND-NOT no
OR-NOT no
XOR-NOT no

Matched
0 XOR-NOT72
1 NOT3
2 NOT4
3 OR-NOT05
4 OR-NOT16
5 OR-NOT27
6 OR-NOT30
7 OR-NOT41

Selected
0 XOR-NOT72
1 NOT3
2 NOT4
3 OR-NOT05
4 OR-NOT16
5 OR-NOT27
6 OR-NOT30
7 OR-NOT41

Applying to 11100110
Input
0 1
1 1
2 1
3 0
4 0
5 1
6 1
7 0
Output
0 XOR-NOT72 = XOR(0,NOT(1)) = 0
1 NOT3 = NOT(0) = 1
2 NOT4 = NOT(0) = 1
3 OR-NOT05 = OR(1,NOT(1)) = 1
4 OR-NOT16 = OR(1,NOT(1)) = 1
5 OR-NOT27 = OR(1,NOT(0)) = 1
6 OR-NOT30 = OR(0,NOT(1)) = 0
7 OR-NOT41 = OR(0,NOT(1)) = 0

I will now return the answer in \boxed{}
The answer in \boxed is
\boxed{01111100}