We need to deduce the transformation by matching the example outputs.
I will put my final answer inside \boxed{}.

Output 0: 10000000
0 1
1 0
2 0
3 0
4 0
5 0
6 0
7 0

Output 1: 00000000
0 0
1 0
2 0
3 0
4 0
5 0
6 0
7 0

Output 2: 00000000
0 0
1 0
2 0
3 0
4 0
5 0
6 0
7 0

Output 3: 00000000
0 0
1 0
2 0
3 0
4 0
5 0
6 0
7 0

Output 4: 10000000
0 1
1 0
2 0
3 0
4 0
5 0
6 0
7 0

Output 5: 10000000
0 1
1 0
2 0
3 0
4 0
5 0
6 0
7 0

Output 6: 00000000
0 0
1 0
2 0
3 0
4 0
5 0
6 0
7 0

Output 7: 00000000
0 0
1 0
2 0
3 0
4 0
5 0
6 0
7 0

Output 8: 00100000
0 0
1 0
2 1
3 0
4 0
5 0
6 0
7 0

Output bit columns (with bitsum as hash)
0 100011000 3
1 000000000 a
2 000000001 1
3 000000000 a
4 000000000 a
5 000000000 a
6 000000000 a
7 000000000 a

Input 0: 10011101
0 1
1 0
2 0
3 1
4 1
5 1
6 0
7 1

Input 1: 00100000
0 0
1 0
2 1
3 0
4 0
5 0
6 0
7 0

Input 2: 00000100
0 0
1 0
2 0
3 0
4 0
5 1
6 0
7 0

Input 3: 00111001
0 0
1 0
2 1
3 1
4 1
5 0
6 0
7 1

Input 4: 11011100
0 1
1 1
2 0
3 1
4 1
5 1
6 0
7 0

Input 5: 11111101
0 1
1 1
2 1
3 1
4 1
5 1
6 0
7 1

Input 6: 01010101
0 0
1 1
2 0
3 1
4 0
5 1
6 0
7 1

Input 7: 01010000
0 0
1 1
2 0
3 1
4 0
5 0
6 0
7 0

Input 8: 01000011
0 0
1 1
2 0
3 0
4 0
5 0
6 1
7 1

When matching output
x: not in operator
y: wrong position

Identity
0 100011000 3 match 0
1 000011111 5
2 010101000 3
3 100111110 6
4 100111000 4
5 101011100 5
6 000000001 1 match 2
7 100101101 5

Matching output
0 0
1 absent
2 6
3 absent
4 absent
5 absent
6 absent
7 absent

Left
0 1x
Best: I0: 1

Right
none
Best: none

NOT
0 011100111 6
1 111100000 4
2 101010111 6
3 011000001 3
4 011000111 5
5 010100011 4
6 111111110 8
7 011010010 4

Matching output
0 absent
1 absent
2 absent
3 absent
4 absent
5 absent
6 absent
7 absent

Left
none
Best: none

Right
none
Best: none

Constant
0 000000000 a match 1 3 4 5 6 7
1 111111111 a

Matching output
0 absent
1 C0
2 absent
3 C0
4 C0
5 C0
6 C0
7 C0

Left
none
Best: none

Right
0 0 0 0 0
Best: C0 0 0 0 0: 5

AND
01 10 000011000 2
12 21 000001000 1
23 32 000101000 2
34 43 100111000 4
45 54 100011000 3 match 0
56 65 000000000 a match 1 3 4 5 6 7
67 76 000000001 1 match 2
70 07 100001000 2

02 20 000001000 1
13 31 000011110 4
24 42 000101000 2
35 53 100011100 4
46 64 000000000 a match 1 3 4 5 6 7
57 75 100001100 3
60 06 000000000 a match 1 3 4 5 6 7
71 17 000001101 3

03 30 100011000 3 match 0
14 41 000011000 2
25 52 000001000 1
36 63 000000000 a match 1 3 4 5 6 7
47 74 100101000 3
50 05 100011000 3 match 0
61 16 000000001 1 match 2
72 27 000101000 2

04 40 100011000 3 match 0
15 51 000011100 3
26 62 000000000 a match 1 3 4 5 6 7
37 73 100101100 4

Matching output
0 45 54 03 30 50 05 04 40
1 56 65 46 64 60 06 36 63 26 62
2 67 76 61 16
3 56 65 46 64 60 06 36 63 26 62
4 56 65 46 64 60 06 36 63 26 62
5 56 65 46 64 60 06 36 63 26 62
6 56 65 46 64 60 06 36 63 26 62
7 56 65 46 64 60 06 36 63 26 62

Left
45 56 67 70x
54 65 76 07x
03 14x
30 41x
50 61y
05 16y
04 15x
40 51x
Best: AND45 56 67: 3

Right
56 45y
65 54y
46 35x
64 53x
60 57x
06 75x
36 25x
63 52x
26 15x
62 51x
Best: AND56: 1

OR
01 10 100011111 6
12 21 010111111 7
23 32 110111110 7
34 43 100111110 6
45 54 101111100 6
56 65 101011101 6
67 76 100101101 5
70 07 100111101 6

02 20 110111000 5
13 31 100111111 7
24 42 110111000 5
35 53 101111110 7
46 64 100111001 5
57 75 101111101 7
60 06 100011001 4
71 17 100111111 7

03 30 100111110 6
14 41 100111111 7
25 52 111111100 7
36 63 100111111 7
47 74 100111101 6
50 05 101011100 5
61 16 000011111 5
72 27 110101101 6

04 40 100111000 4
15 51 101011111 7
26 62 010101001 4
37 73 100111111 7

Matching output
0 absent
1 absent
2 absent
3 absent
4 absent
5 absent
6 absent
7 absent

Left
none
Best: none

Right
none
Best: none

XOR
01 10 100000111 4
12 21 010110111 6
23 32 110010110 5
34 43 000000110 2
45 54 001100100 3
56 65 101011101 6
67 76 100101100 4
70 07 000110101 4

02 20 110110000 4
13 31 100100001 3
24 42 110010000 3
35 53 001100010 3
46 64 100111001 5
57 75 001110001 4
60 06 100011001 4
71 17 100110010 4

03 30 000100110 3
14 41 100100111 5
25 52 111110100 6
36 63 100111111 7
47 74 000010101 3
50 05 001000100 2
61 16 000011110 4
72 27 110000101 4

04 40 000100000 1
15 51 101000011 4
26 62 010101001 4
37 73 000010011 3

Matching output
0 absent
1 absent
2 absent
3 absent
4 absent
5 absent
6 absent
7 absent

Left
none
Best: none

Right
none
Best: none

AND-NOT
01 100000000 1
12 000010111 4
23 010000000 1
34 000000110 2
45 000100000 1
56 101011100 5
67 000000000 a match 1 3 4 5 6 7
70 000100101 3

02 100010000 2
13 000000001 1 match 2
24 010000000 1
35 000100010 2
46 100111000 4
57 001010000 2
60 000000001 1 match 2
71 100100000 2

03 000000000 a match 1 3 4 5 6 7
14 000000111 3
25 010100000 2
36 100111110 6
47 000010000 1
50 001000100 2
61 000000000 a match 1 3 4 5 6 7
72 100000101 3

04 000000000 a match 1 3 4 5 6 7
15 000000011 2
26 010101000 3
37 000010010 2
40 000100000 1
51 101000000 2
62 000000001 1 match 2
73 000000001 1 match 2

05 000000000 a match 1 3 4 5 6 7
16 000011110 4
27 010000000 1
30 000100110 3
41 100100000 2
52 101010100 4
63 000000001 1 match 2
74 000000101 2

06 100011000 3 match 0
17 000010010 2
20 010100000 2
31 100100000 2
42 100010000 2
53 001000000 1
64 000000001 1 match 2
75 000100001 2

07 000010000 1
10 000000111 3
21 010100000 2
32 100010110 4
43 000000000 a match 1 3 4 5 6 7
54 001000100 2
65 000000001 1 match 2
76 100101100 4

Matching output
0 06
1 67 03 61 04 05 43
2 13 60 62 73 63 64 65
3 67 03 61 04 05 43
4 67 03 61 04 05 43
5 67 03 61 04 05 43
6 67 03 61 04 05 43
7 67 03 61 04 05 43

Left
06 17x
Best: AND-NOT06: 1

Right
67 56x
03 72x
61 50x
04 73y
05 74x
43 32x
Best: AND-NOT67: 1

OR-NOT
01 111111000 6
12 101011111 7
23 011101001 5
34 111111111 a
45 110111011 7
56 111111110 8
67 011010011 5
70 111101111 8

02 101011111 7
13 011011111 7
24 011101111 7
35 110111111 8
46 111111110 8
57 111011110 7
60 011100111 6
71 111101101 7

03 111011001 6
14 011011111 7
25 010101011 5
36 111111110 8
47 111111010 7
50 111111111 a
61 111100001 5
72 101111111 8

04 111011111 8
15 010111111 7
26 111111110 8
37 111111110 8
40 111111111 a
51 111111100 7
62 101010111 6
73 111101101 7

05 110111011 7
16 111111111 a
27 011111010 6
30 111111111 a
41 111111000 6
52 101011111 7
63 011000001 3
74 111101111 8

06 111111110 8
17 011011111 7
20 011101111 7
31 111111110 8
42 101111111 8
53 111011101 7
64 011000111 5
75 110101111 7

07 111011010 6
10 011111111 8
21 111101000 5
32 101111111 8
43 111111001 7
54 111011111 8
65 010100011 4
76 111111111 a

Matching output
0 absent
1 absent
2 absent
3 absent
4 absent
5 absent
6 absent
7 absent

Left
none
Best: none

Right
none
Best: none

XOR-NOT
01 011111000 5
12 101001000 3
23 001101001 4
34 111111001 7
45 110011011 6
56 010100010 3
67 011010011 5
70 111001010 5

02 001001111 5
13 011011110 6
24 001101111 6
35 110011101 6
46 011000110 4
57 110001110 5
60 011100110 5
71 011001101 5

03 111011001 6
14 011011000 4
25 000001011 3
36 011000000 2
47 111101010 6
50 110111011 7
61 111100001 5
72 001111010 5

04 111011111 8
15 010111100 5
26 101010110 5
37 111101100 6
40 111011111 8
51 010111100 5
62 101010110 5
73 111101100 6

05 110111011 7
16 111100001 5
27 001111010 5
30 111011001 6
41 011011000 4
52 000001011 3
63 011000000 2
74 111101010 6

06 011100110 5
17 011001101 5
20 001001111 5
31 011011110 6
42 001101111 6
53 110011101 6
64 011000110 4
75 110001110 5

07 111001010 5
10 011111000 5
21 101001000 3
32 001101001 4
43 111111001 7
54 110011011 6
65 010100010 3
76 011010011 5

Matching output
0 absent
1 absent
2 absent
3 absent
4 absent
5 absent
6 absent
7 absent

Left
none
Best: none

Right
none
Best: none

Selecting

Lefts
Identity I0: 1
NOT none
Constant none
AND AND45 56 67: 3
OR none
XOR none
AND-NOT AND-NOT06: 1
OR-NOT none
XOR-NOT none

Rights
Identity none
NOT none
Constant C0 0 0 0 0: 5
AND AND56: 1
OR none
XOR none
AND-NOT AND-NOT67: 1
OR-NOT none
XOR-NOT none

Left longest: 3
Right longest: 5

Right winner: Identity no, NOT no, Constant yes, AND no, OR no, XOR no, AND-NOT no, OR-NOT no, XOR-NOT no
Left winner: Identity no, NOT no, Constant no, AND yes, OR no, XOR no, AND-NOT no, OR-NOT no, XOR-NOT no

Best right: C0 0 0 0 0: 5
Best left: AND45 56 67: 3

Truncated right: C0 0 0 0 0: 5
Truncated left: AND45 56 67: 3

Tentative from right
7 C0
6 C0
5 C0
4 C0
3 C0
2 pending
1 pending
0 pending

Tentative
0 AND45
1 AND56
2 AND67
3 C0
4 C0
5 C0
6 C0
7 C0

Preferred from right
7 C0
6 C0
5 C0
4 C0
3 C0
2 AND67
1 AND56
0 AND45

Preferred from left
0 AND45
1 AND56
2 AND67
3 C0
4 C0
5 C0
6 C0
7 C0

Preferred
0 AND45
1 AND56
2 AND67
3 C0
4 C0
5 C0
6 C0
7 C0

Matching
0 AND45
1 AND56
2 AND67
3 C0
4 C0
5 C0
6 C0
7 C0

Perfect match
Identity no
NOT no
Constant no
AND no
OR no
XOR no
AND-NOT no
OR-NOT no
XOR-NOT no

Matched
0 AND45
1 AND56
2 AND67
3 C0
4 C0
5 C0
6 C0
7 C0

Selected
0 AND45
1 AND56
2 AND67
3 C0
4 C0
5 C0
6 C0
7 C0

Applying to 00101111
Input
0 0
1 0
2 1
3 0
4 1
5 1
6 1
7 1
Output
0 AND45 = AND(1,1) = 1
1 AND56 = AND(1,1) = 1
2 AND67 = AND(1,1) = 1
3 C0 = 0
4 C0 = 0
5 C0 = 0
6 C0 = 0
7 C0 = 0

I will now return the answer in \boxed{}
The answer in \boxed is
\boxed{11100000}