We need to deduce the transformation by matching the example outputs.
I will put my final answer inside \boxed{}.

Output 0: 11111111
0 1
1 1
2 1
3 1
4 1
5 1
6 1
7 1

Output 1: 10000110
0 1
1 0
2 0
3 0
4 0
5 1
6 1
7 0

Output 2: 11100011
0 1
1 1
2 1
3 0
4 0
5 0
6 1
7 1

Output 3: 10001000
0 1
1 0
2 0
3 0
4 1
5 0
6 0
7 0

Output 4: 00000000
0 0
1 0
2 0
3 0
4 0
5 0
6 0
7 0

Output 5: 11000000
0 1
1 1
2 0
3 0
4 0
5 0
6 0
7 0

Output 6: 00111111
0 0
1 0
2 1
3 1
4 1
5 1
6 1
7 1

Output 7: 10111111
0 1
1 0
2 1
3 1
4 1
5 1
6 1
7 1

Output bit columns (with bitsum as hash)
0 11110101 6
1 10100100 3
2 10100011 4
3 10000011 3
4 10010011 4
5 11000011 4
6 11100011 5
7 10100011 4

Input 0: 11111111
0 1
1 1
2 1
3 1
4 1
5 1
6 1
7 1

Input 1: 00011010
0 0
1 0
2 0
3 1
4 1
5 0
6 1
7 0

Input 2: 10001111
0 1
1 0
2 0
3 0
4 1
5 1
6 1
7 1

Input 3: 00100010
0 0
1 0
2 1
3 0
4 0
5 0
6 1
7 0

Input 4: 00000000
0 0
1 0
2 0
3 0
4 0
5 0
6 0
7 0

Input 5: 00000011
0 0
1 0
2 0
3 0
4 0
5 0
6 1
7 1

Input 6: 11111100
0 1
1 1
2 1
3 1
4 1
5 1
6 0
7 0

Input 7: 11111110
0 1
1 1
2 1
3 1
4 1
5 1
6 1
7 0

When matching output
x: not in operator
y: wrong position

Identity
0 10100011 4 match 2 7
1 10000011 3 match 3
2 10010011 4 match 4
3 11000011 4 match 5
4 11100011 5 match 6
5 10100011 4 match 2 7
6 11110101 6 match 0
7 10100100 3 match 1

Matching output
0 6
1 7
2 0 5
3 1
4 2
5 3
6 4
7 0 5

Left
6 7 0 1 2 3 4 5
Best: I6 7 0 1 2 3 4 5: 8

Right
0 7y
5 4 3 2 1 0 7 6
Best: I5 4 3 2 1 0 7 6: 8

NOT
0 01011100 4
1 01111100 5
2 01101100 4
3 00111100 4
4 00011100 3
5 01011100 4
6 00001010 2
7 01011011 5

Matching output
0 absent
1 absent
2 absent
3 absent
4 absent
5 absent
6 absent
7 absent

Left
none
Best: none

Right
none
Best: none

Constant
0 00000000 a
1 11111111 a

Matching output
0 absent
1 absent
2 absent
3 absent
4 absent
5 absent
6 absent
7 absent

Left
none
Best: none

Right
none
Best: none

AND
01 10 10000011 3 match 3
12 21 10000011 3 match 3
23 32 10000011 3 match 3
34 43 11000011 4 match 5
45 54 10100011 4 match 2 7
56 65 10100001 3
67 76 10100100 3 match 1
70 07 10100000 2

02 20 10000011 3 match 3
13 31 10000011 3 match 3
24 42 10000011 3 match 3
35 53 10000011 3 match 3
46 64 11100001 4
57 75 10100000 2
60 06 10100001 3
71 17 10000000 1

03 30 10000011 3 match 3
14 41 10000011 3 match 3
25 52 10000011 3 match 3
36 63 11000001 3
47 74 10100000 2
50 05 10100011 4 match 2 7
61 16 10000001 2
72 27 10000000 1

04 40 10100011 4 match 2 7
15 51 10000011 3 match 3
26 62 10010001 3
37 73 10000000 1

Matching output
0 absent
1 67 76
2 45 54 50 05 04 40
3 01 10 12 21 23 32 02 20 13 31 24 42 35 53 03 30 14 41 25 52 15 51
4 absent
5 34 43
6 absent
7 45 54 50 05 04 40

Left
none
Best: none

Right
45 34y
54 43y
50 47x
05 74x
04 73x
40 37x
Best: AND45: 1

OR
01 10 10100011 4 match 2 7
12 21 10010011 4 match 4
23 32 11010011 5
34 43 11100011 5 match 6
45 54 11100011 5 match 6
56 65 11110111 7
67 76 11110101 6 match 0
70 07 10100111 5

02 20 10110011 5
13 31 11000011 4 match 5
24 42 11110011 6
35 53 11100011 5 match 6
46 64 11110111 7
57 75 10100111 5
60 06 11110111 7
71 17 10100111 5

03 30 11100011 5 match 6
14 41 11100011 5 match 6
25 52 10110011 5
36 63 11110111 7
47 74 11100111 6
50 05 10100011 4 match 2 7
61 16 11110111 7
72 27 10110111 6

04 40 11100011 5 match 6
15 51 10100011 4 match 2 7
26 62 11110111 7
37 73 11100111 6

Matching output
0 67 76
1 absent
2 01 10 50 05 15 51
3 absent
4 12 21
5 13 31
6 34 43 45 54 35 53 03 30 14 41 04 40
7 01 10 50 05 15 51

Left
67 70x
76 07x
Best: OR67: 1

Right
01 70x
10 07x
50 47x
05 74x
15 04 73x
51 40 37x
Best: OR15 04: 2

XOR
01 10 00100000 1
12 21 00010000 1
23 32 01010000 2
34 43 00100000 1
45 54 01000000 1
56 65 01010110 4
67 76 01010001 3
70 07 00000111 3

02 20 00110000 2
13 31 01000000 1
24 42 01110000 3
35 53 01100000 2
46 64 00010110 3
57 75 00000111 3
60 06 01010110 4
71 17 00100111 4

03 30 01100000 2
14 41 01100000 2
25 52 00110000 2
36 63 00110110 4
47 74 01000111 4
50 05 00000000 a
61 16 01110110 5
72 27 00110111 5

04 40 01000000 1
15 51 00100000 1
26 62 01100110 4
37 73 01100111 5

Matching output
0 absent
1 absent
2 absent
3 absent
4 absent
5 absent
6 absent
7 absent

Left
none
Best: none

Right
none
Best: none

AND-NOT
01 00100000 1
12 00000000 a
23 00010000 1
34 00000000 a
45 01000000 1
56 00000010 1
67 01010001 3
70 00000100 1

02 00100000 1
13 00000000 a
24 00010000 1
35 01000000 1
46 00000010 1
57 00000011 2
60 01010100 3
71 00100100 2

03 00100000 1
14 00000000 a
25 00010000 1
36 00000010 1
47 01000011 3
50 00000000 a
61 01110100 4
72 00100100 2

04 00000000 a
15 00000000 a
26 00000010 1
37 01000011 3
40 01000000 1
51 00100000 1
62 01100100 3
73 00100100 2

05 00000000 a
16 00000010 1
27 00010011 3
30 01000000 1
41 01100000 2
52 00100000 1
63 00110100 3
74 00000100 1

06 00000010 1
17 00000011 2
20 00010000 1
31 01000000 1
42 01100000 2
53 00100000 1
64 00010100 2
75 00000100 1

07 00000011 2
10 00000000 a
21 00010000 1
32 01000000 1
43 00100000 1
54 00000000 a
65 01010100 3
76 00000000 a

Matching output
0 absent
1 absent
2 absent
3 absent
4 absent
5 absent
6 absent
7 absent

Left
none
Best: none

Right
none
Best: none

OR-NOT
01 11111111 a
12 11101111 7
23 10111111 7
34 11011111 7
45 11111111 a
56 10101011 5
67 11111111 a
70 11111100 6

02 11101111 7
13 10111111 7
24 10011111 6
35 11011111 7
46 11101011 6
57 11111011 7
60 11111101 7
71 11111100 6

03 10111111 7
14 10011111 6
25 11011111 7
36 11001011 5
47 11111011 7
50 11111111 a
61 11111101 7
72 11101100 5

04 10111111 7
15 11011111 7
26 10011011 5
37 11011011 6
40 11111111 a
51 11111111 a
62 11111101 7
73 10111100 5

05 11111111 a
16 10001011 4
27 11011011 6
30 11011111 7
41 11111111 a
52 11101111 7
63 11111101 7
74 10111100 5

06 10101011 5
17 11011011 6
20 11011111 7
31 11111111 a
42 11101111 7
53 10111111 7
64 11111101 7
75 11111100 6

07 11111011 7
10 11011111 7
21 11111111 a
32 11101111 7
43 11111111 a
54 10111111 7
65 11111101 7
76 10101110 5

Matching output
0 absent
1 absent
2 absent
3 absent
4 absent
5 absent
6 absent
7 absent

Left
none
Best: none

Right
none
Best: none

XOR-NOT
01 11011111 7
12 11101111 7
23 10101111 6
34 11011111 7
45 10111111 7
56 10101001 4
67 10101110 5
70 11111000 5

02 11001111 6
13 10111111 7
24 10001111 5
35 10011111 6
46 11101001 5
57 11111000 5
60 10101001 4
71 11011000 4

03 10011111 6
14 10011111 6
25 11001111 6
36 11001001 4
47 10111000 4
50 11111111 a
61 10001001 3
72 11001000 3

04 10111111 7
15 11011111 7
26 10011001 4
37 10011000 3
40 10111111 7
51 11011111 7
62 10011001 4
73 10011000 3

05 11111111 a
16 10001001 3
27 11001000 3
30 10011111 6
41 10011111 6
52 11001111 6
63 11001001 4
74 10111000 4

06 10101001 4
17 11011000 4
20 11001111 6
31 10111111 7
42 10001111 5
53 10011111 6
64 11101001 5
75 11111000 5

07 11111000 5
10 11011111 7
21 11101111 7
32 10101111 6
43 11011111 7
54 10111111 7
65 10101001 4
76 10101110 5

Matching output
0 absent
1 absent
2 absent
3 absent
4 absent
5 absent
6 absent
7 absent

Left
none
Best: none

Right
none
Best: none

Selecting

Lefts
Identity I6 7 0 1 2 3 4 5: 8
NOT none
Constant none
AND none
OR OR67: 1
XOR none
AND-NOT none
OR-NOT none
XOR-NOT none

Rights
Identity I5 4 3 2 1 0 7 6: 8
NOT none
Constant none
AND AND45: 1
OR OR15 04: 2
XOR none
AND-NOT none
OR-NOT none
XOR-NOT none

Left longest: 8
Right longest: 8

Left winner: Identity yes, NOT no, Constant no, AND no, OR no, XOR no, AND-NOT no, OR-NOT no, XOR-NOT no
Right winner: Identity yes, NOT no, Constant no, AND no, OR no, XOR no, AND-NOT no, OR-NOT no, XOR-NOT no

Best left: I6 7 0 1 2 3 4 5: 8
Best right: I5 4 3 2 1 0 7 6: 8

Truncated left: I6 7 0 1 2 3 4 5: 8
Truncated right: none truncated

Tentative from right
7 pending
6 pending
5 pending
4 pending
3 pending
2 pending
1 pending
0 pending

Tentative
0 I6
1 I7
2 I0
3 I1
4 I2
5 I3
6 I4
7 I5

Preferred from left
0 I6
1 I7
2 I0
3 I1
4 I2
5 I3
6 I4
7 I5

Preferred from right
7 I5
6 I4
5 I3
4 I2
3 I1
2 I0
1 I7
0 I6

Preferred
0 I6
1 I7
2 I0
3 I1
4 I2
5 I3
6 I4
7 I5

Matching
0 I6
1 I7
2 I0
3 I1
4 I2
5 I3
6 I4
7 I5

Perfect match
Identity no
NOT no
Constant no
AND no
OR no
XOR no
AND-NOT no
OR-NOT no
XOR-NOT no

Matched
0 I6
1 I7
2 I0
3 I1
4 I2
5 I3
6 I4
7 I5

Selected
0 I6
1 I7
2 I0
3 I1
4 I2
5 I3
6 I4
7 I5

Applying to 00111000
Input
0 0
1 0
2 1
3 1
4 1
5 0
6 0
7 0
Output
0 I6 = 0
1 I7 = 0
2 I0 = 0
3 I1 = 0
4 I2 = 1
5 I3 = 1
6 I4 = 1
7 I5 = 0

I will now return the answer in \boxed{}
The answer in \boxed is
\boxed{00001110}