We need to deduce the transformation by matching the example outputs.
I will put my final answer inside \boxed{}.

Output 0: 11010000
0 1
1 1
2 0
3 1
4 0
5 0
6 0
7 0

Output 1: 00110110
0 0
1 0
2 1
3 1
4 0
5 1
6 1
7 0

Output 2: 10101001
0 1
1 0
2 1
3 0
4 1
5 0
6 0
7 1

Output 3: 01100110
0 0
1 1
2 1
3 0
4 0
5 1
6 1
7 0

Output 4: 00101110
0 0
1 0
2 1
3 0
4 1
5 1
6 1
7 0

Output 5: 01010010
0 0
1 1
2 0
3 1
4 0
5 0
6 1
7 0

Output 6: 10110100
0 1
1 0
2 1
3 1
4 0
5 1
6 0
7 0

Output bit columns (with bitsum as hash)
0 1010001 3
1 1001010 3
2 0111101 5
3 1100011 4
4 0010100 2
5 0101101 4
6 0101110 4
7 0010000 1

Input 0: 10000110
0 1
1 0
2 0
3 0
4 0
5 1
6 1
7 0

Input 1: 10110001
0 1
1 0
2 1
3 1
4 0
5 0
6 0
7 1

Input 2: 01001101
0 0
1 1
2 0
3 0
4 1
5 1
6 0
7 1

Input 3: 00110011
0 0
1 0
2 1
3 1
4 0
5 0
6 1
7 1

Input 4: 01110001
0 0
1 1
2 1
3 1
4 0
5 0
6 0
7 1

Input 5: 10010010
0 1
1 0
2 0
3 1
4 0
5 0
6 1
7 0

Input 6: 10100101
0 1
1 0
2 1
3 0
4 0
5 1
6 0
7 1

When matching output
x: not in operator
y: wrong position

Identity
0 1100011 4 match 3
1 0010100 2 match 4
2 0101101 4 match 5
3 0101110 4 match 6
4 0010000 1 match 7
5 1010001 3 match 0
6 1001010 3 match 1
7 0111101 5 match 2

Matching output
0 5
1 6
2 7
3 0
4 1
5 2
6 3
7 4

Left
5 6 7 0 1 2 3 4
Best: I5 6 7 0 1 2 3 4: 8

Right
4 3 2 1 0 7 6 5
Best: I4 3 2 1 0 7 6 5: 8

NOT
0 0011100 3
1 1101011 5
2 1010010 3
3 1010001 3 match 0
4 1101111 6
5 0101110 4 match 6
6 0110101 4
7 1000010 2

Matching output
0 3
1 absent
2 absent
3 absent
4 absent
5 absent
6 5
7 absent

Left
3 4x
Best: NOT3: 1

Right
none
Best: none

Constant
0 0000000 a
1 1111111 a

Matching output
0 absent
1 absent
2 absent
3 absent
4 absent
5 absent
6 absent
7 absent

Left
none
Best: none

Right
none
Best: none

AND
01 10 0000000 a
12 21 0000100 1
23 32 0101100 3
34 43 0000000 a
45 54 0010000 1 match 7
56 65 1000000 1
67 76 0001000 1
70 07 0100001 2

02 20 0100001 2
13 31 0000100 1
24 42 0000000 a
35 53 0000000 a
46 64 0000000 a
57 75 0010001 2
60 06 1000010 2
71 17 0010100 2 match 4

03 30 0100010 2
14 41 0010000 1 match 7
25 52 0000001 1
36 63 0001010 2
47 74 0010000 1 match 7
50 05 1000001 2
61 16 0000000 a
72 27 0101101 4 match 5

04 40 0000000 a
15 51 0010000 1 match 7
26 62 0001000 1
37 73 0101100 3

Matching output
0 absent
1 absent
2 absent
3 absent
4 71 17
5 72 27
6 absent
7 45 54 14 41 47 74 15 51

Left
none
Best: none

Right
45 34x
54 43x
14 03x
41 30x
47 36x
74 63x
15 04x
51 40x
Best: AND45: 1

OR
01 10 1110111 6
12 21 0111101 5 match 2
23 32 0101111 5
34 43 0111110 5
45 54 1010001 3 match 0
56 65 1011011 5
67 76 1111111 a
70 07 1111111 a

02 20 1101111 6
13 31 0111110 5
24 42 0111101 5 match 2
35 53 1111111 a
46 64 1011010 4
57 75 1111101 6
60 06 1101011 5
71 17 0111101 5 match 2

03 30 1101111 6
14 41 0010100 2 match 4
25 52 1111101 6
36 63 1101110 5
47 74 0111101 5 match 2
50 05 1110011 5
61 16 1011110 5
72 27 0111101 5 match 2

04 40 1110011 5
15 51 1010101 4
26 62 1101111 6
37 73 0111111 6

Matching output
0 45 54
1 absent
2 12 21 24 42 71 17 47 74 72 27
3 absent
4 14 41
5 absent
6 absent
7 absent

Left
45 56x
54 65x
Best: OR45: 1

Right
none
Best: none

XOR
01 10 1110111 6
12 21 0111001 4
23 32 0000011 2
34 43 0111110 5
45 54 1000001 2
56 65 0011011 4
67 76 1110111 6
70 07 1011110 5

02 20 1001110 4
13 31 0111010 4
24 42 0111101 5 match 2
35 53 1111111 a
46 64 1011010 4
57 75 1101100 4
60 06 0101001 3
71 17 0101001 3

03 30 1001101 4
14 41 0000100 1
25 52 1111100 5
36 63 1100100 3
47 74 0101101 4 match 5
50 05 0110010 3
61 16 1011110 5
72 27 0010000 1 match 7

04 40 1110011 5
15 51 1000101 3
26 62 1100111 5
37 73 0010011 3

Matching output
0 absent
1 absent
2 24 42
3 absent
4 absent
5 47 74
6 absent
7 72 27

Left
none
Best: none

Right
72 61x
27 16x
Best: XOR72: 1

AND-NOT
01 1100011 4 match 3
12 0010000 1 match 7
23 0000001 1
34 0101110 4 match 6
45 0000000 a
56 0010001 2
67 1000010 2
70 0011100 3

02 1000010 2
13 0010000 1 match 7
24 0101101 4 match 5
35 0101110 4 match 6
46 0010000 1 match 7
57 1000000 1
60 0001000 1
71 0101001 3

03 1000001 2
14 0000100 1
25 0101100 3
36 0100100 2
47 0000000 a
50 0010000 1 match 7
61 1001010 3 match 1
72 0010000 1 match 7

04 1100011 4 match 3
15 0000100 1
26 0100101 3
37 0000010 1
40 0010000 1 match 7
51 1000001 2
62 1000010 2
73 0010001 2

05 0100010 2
16 0010100 2 match 4
27 0000000 a
30 0001100 2
41 0000000 a
52 1010000 2
63 1000000 1
74 0101101 4 match 5

06 0100001 2
17 0000000 a
20 0001100 2
31 0101010 3
42 0010000 1 match 7
53 1010001 3 match 0
64 1001010 3 match 1
75 0101100 3

07 1000010 2
10 0010100 2 match 4
21 0101001 3
32 0000010 1
43 0010000 1 match 7
54 1000001 2
65 0001010 2
76 0110101 4

Matching output
0 53
1 61 64
2 absent
3 01 04
4 16 10
5 24 74
6 34 35
7 12 13 46 50 72 40 42 43

Left
53 64 75x
Best: AND-NOT53 64: 2

Right
12 01y
13 02x
46 35 24 13y
50 47x
72 61y
40 37x
42 31x
43 32x
Best: AND-NOT46 35 24: 3

OR-NOT
01 1101011 5
12 1010110 4
23 1111101 6
34 1101111 6
45 0111110 5
56 1110101 5
67 1001010 3 match 1
70 0111101 5 match 2

02 1110011 5
13 1010101 4
24 1101111 6
35 0101110 4 match 6
46 0110101 4
57 1010011 4
60 1011110 5
71 1111111 a

03 1110011 5
14 1111111 a
25 0101111 5
36 0111111 6
47 1010010 3
50 1011101 5
61 1101011 5
72 1111111 a

04 1101111 6
15 0111110 5
26 0111101 5 match 2
37 1101110 5
40 0011100 3
51 1111011 6
62 1011010 4
73 1111101 6

05 1101111 6
16 0110101 4
27 1101111 6
30 0111110 5
41 1111011 6
52 1010011 4
63 1011011 5
74 1111111 a

06 1110111 6
17 1010110 4
20 0111101 5 match 2
31 1101111 6
42 1010010 3
53 1010001 3 match 0
64 1101111 6
75 0111111 6

07 1100011 4 match 3
10 0011100 3
21 1101111 6
32 1111110 6
43 1010001 3 match 0
54 1111111 a
65 1101110 5
76 0111101 5 match 2

Matching output
0 53 43
1 67
2 70 26 20 76
3 07
4 absent
5 absent
6 35
7 absent

Left
53 64x
43 54x
Best: OR-NOT53: 1

Right
none
Best: none

XOR-NOT
01 0001000 1
12 1000110 3
23 1111100 5
34 1000001 2
45 0111110 5
56 1100100 3
67 0001000 1
70 0100001 2

02 0110001 3
13 1000101 3
24 1000010 2
35 0000000 a
46 0100101 3
57 0010011 3
60 1010110 4
71 1010110 4

03 0110010 3
14 1111011 6
25 0000011 2
36 0011011 4
47 1010010 3
50 1001101 4
61 0100001 2
72 1101111 6

04 0001100 2
15 0111010 4
26 0011000 2
37 1101100 4
40 0001100 2
51 0111010 4
62 0011000 2
73 1101100 4

05 1001101 4
16 0100001 2
27 1101111 6
30 0110010 3
41 1111011 6
52 0000011 2
63 0011011 4
74 1010010 3

06 1010110 4
17 1010110 4
20 0110001 3
31 1000101 3
42 1000010 2
53 0000000 a
64 0100101 3
75 0010011 3

07 0100001 2
10 0001000 1
21 1000110 3
32 1111100 5
43 1000001 2
54 0111110 5
65 1100100 3
76 0001000 1

Matching output
0 absent
1 absent
2 absent
3 absent
4 absent
5 absent
6 absent
7 absent

Left
none
Best: none

Right
none
Best: none

Selecting

Lefts
Identity I5 6 7 0 1 2 3 4: 8
NOT NOT3: 1
Constant none
AND none
OR OR45: 1
XOR none
AND-NOT AND-NOT53 64: 2
OR-NOT OR-NOT53: 1
XOR-NOT none

Rights
Identity I4 3 2 1 0 7 6 5: 8
NOT none
Constant none
AND AND45: 1
OR none
XOR XOR72: 1
AND-NOT AND-NOT46 35 24: 3
OR-NOT none
XOR-NOT none

Left longest: 8
Right longest: 8

Left winner: Identity yes, NOT no, Constant no, AND no, OR no, XOR no, AND-NOT no, OR-NOT no, XOR-NOT no
Right winner: Identity yes, NOT no, Constant no, AND no, OR no, XOR no, AND-NOT no, OR-NOT no, XOR-NOT no

Best left: I5 6 7 0 1 2 3 4: 8
Best right: I4 3 2 1 0 7 6 5: 8

Truncated left: I5 6 7 0 1 2 3 4: 8
Truncated right: none truncated

Tentative from right
7 pending
6 pending
5 pending
4 pending
3 pending
2 pending
1 pending
0 pending

Tentative
0 I5
1 I6
2 I7
3 I0
4 I1
5 I2
6 I3
7 I4

Preferred from left
0 I5
1 I6
2 I7
3 I0
4 I1
5 I2
6 I3
7 I4

Preferred from right
7 I4
6 I3
5 I2
4 I1
3 I0
2 I7
1 I6
0 I5

Preferred
0 I5
1 I6
2 I7
3 I0
4 I1
5 I2
6 I3
7 I4

Matching
0 I5
1 I6
2 I7
3 I0
4 I1
5 I2
6 I3
7 I4

Perfect match
Identity no
NOT no
Constant no
AND no
OR no
XOR no
AND-NOT no
OR-NOT no
XOR-NOT no

Matched
0 I5
1 I6
2 I7
3 I0
4 I1
5 I2
6 I3
7 I4

Selected
0 I5
1 I6
2 I7
3 I0
4 I1
5 I2
6 I3
7 I4

Applying to 00000101
Input
0 0
1 0
2 0
3 0
4 0
5 1
6 0
7 1
Output
0 I5 = 1
1 I6 = 0
2 I7 = 1
3 I0 = 0
4 I1 = 0
5 I2 = 0
6 I3 = 0
7 I4 = 0

I will now return the answer in \boxed{}
The answer in \boxed is
\boxed{10100000}