We need to deduce the transformation by matching the example outputs.
I will put my final answer inside \boxed{}.

Output 0: 10110000
0 1
1 0
2 1
3 1
4 0
5 0
6 0
7 0

Output 1: 00101001
0 0
1 0
2 1
3 0
4 1
5 0
6 0
7 1

Output 2: 11111010
0 1
1 1
2 1
3 1
4 1
5 0
6 1
7 0

Output 3: 11011010
0 1
1 1
2 0
3 1
4 1
5 0
6 1
7 0

Output 4: 11101100
0 1
1 1
2 1
3 0
4 1
5 1
6 0
7 0

Output 5: 11001010
0 1
1 1
2 0
3 0
4 1
5 0
6 1
7 0

Output 6: 00101111
0 0
1 0
2 1
3 0
4 1
5 1
6 1
7 1

Output 7: 10110010
0 1
1 0
2 1
3 1
4 0
5 0
6 1
7 0

Output 8: 11000101
0 1
1 1
2 0
3 0
4 0
5 1
6 0
7 1

Output 9: 01111110
0 0
1 1
2 1
3 1
4 1
5 1
6 1
7 0

Output bit columns (with bitsum as hash)
0 1011110110 7
1 0011110011 6
2 1110101101 7
3 1011000101 5
4 0111111001 7
5 0000101011 4
6 0011011101 6
7 0100001010 3

Input 0: 11000000
0 1
1 1
2 0
3 0
4 0
5 0
6 0
7 0

Input 1: 00010110
0 0
1 0
2 0
3 1
4 0
5 1
6 1
7 0

Input 2: 11100001
0 1
1 1
2 1
3 0
4 0
5 0
6 0
7 1

Input 3: 11110011
0 1
1 1
2 1
3 1
4 0
5 0
6 1
7 1

Input 4: 11101011
0 1
1 1
2 1
3 0
4 1
5 0
6 1
7 1

Input 5: 01101000
0 0
1 1
2 1
3 0
4 1
5 0
6 0
7 0

Input 6: 00010101
0 0
1 0
2 0
3 1
4 0
5 1
6 0
7 1

Input 7: 01010011
0 0
1 1
2 0
3 1
4 0
5 0
6 1
7 1

Input 8: 11111101
0 1
1 1
2 1
3 1
4 1
5 1
6 0
7 1

Input 9: 10101010
0 1
1 0
2 1
3 0
4 1
5 0
6 1
7 0

When matching output
x: not in operator
y: wrong position

Identity
0 1011100011 6
1 1011110110 7 match 0
2 0011110011 6 match 1
3 0101001110 5
4 0000110011 4
5 0100001010 3 match 7
6 0101100101 5
7 0011101110 6

Matching output
0 1
1 2
2 absent
3 absent
4 absent
5 absent
6 absent
7 5

Left
1 2 3x
Best: I1 2: 2

Right
5 4x
Best: I5: 1

NOT
0 0100011100 4
1 0100001001 3
2 1100001100 4
3 1010110001 5
4 1111001100 6
5 1011110101 7
6 1010011010 5
7 1100010001 4

Matching output
0 absent
1 absent
2 absent
3 absent
4 absent
5 absent
6 absent
7 absent

Left
none
Best: none

Right
none
Best: none

Constant
0 0000000000 a
1 1111111111 a

Matching output
0 absent
1 absent
2 absent
3 absent
4 absent
5 absent
6 absent
7 absent

Left
none
Best: none

Right
none
Best: none

AND
01 10 1011100010 5
12 21 0011110010 5
23 32 0001000010 2
34 43 0000000010 1
45 54 0000000010 1
56 65 0100000000 1
67 76 0001100100 3
70 07 0011100010 4

02 20 0011100011 5
13 31 0001000110 3
24 42 0000110011 4
35 53 0100001010 3 match 7
46 64 0000100001 2
57 75 0000001010 2
60 06 0001100001 3
71 17 0011100110 5

03 30 0001000010 2
14 41 0000110010 3
25 52 0000000010 1
36 63 0101000100 3
47 74 0000100010 2
50 05 0000000010 1
61 16 0001100100 3
72 27 0011100010 4

04 40 0000100011 3
15 51 0000000010 1
26 62 0001100001 3
37 73 0001001110 4

Matching output
0 absent
1 absent
2 absent
3 absent
4 absent
5 absent
6 absent
7 35 53

Left
none
Best: none

Right
35 24x
53 42x
Best: AND35: 1

OR
01 10 1011110111 8
12 21 1011110111 8
23 32 0111111111 9
34 43 0101111111 8
45 54 0100111011 6
56 65 0101101111 7
67 76 0111101111 8
70 07 1011101111 8

02 20 1011110011 7
13 31 1111111110 9
24 42 0011110011 6 match 1
35 53 0101001110 5
46 64 0101110111 7
57 75 0111101110 7
60 06 1111100111 8
71 17 1011111110 8

03 30 1111101111 9
14 41 1011110111 8
25 52 0111111011 8
36 63 0101101111 7
47 74 0011111111 8
50 05 1111101011 8
61 16 1111110111 9
72 27 0011111111 8

04 40 1011110011 7
15 51 1111111110 9
26 62 0111110111 8
37 73 0111101110 7

Matching output
0 absent
1 24 42
2 absent
3 absent
4 absent
5 absent
6 absent
7 absent

Left
none
Best: none

Right
none
Best: none

XOR
01 10 0000010101 3
12 21 1000000101 3
23 32 0110111101 7
34 43 0101111101 7
45 54 0100111001 5
56 65 0001101111 6
67 76 0110001011 5
70 07 1000001101 4

02 20 1000010000 2
13 31 1110111000 6
24 42 0011000000 2
35 53 0001000100 2
46 64 0101010110 5
57 75 0111100100 5
60 06 1110000110 5
71 17 1000011000 3

03 30 1110101101 7 match 2
14 41 1011000101 5 match 3
25 52 0111111001 7 match 4
36 63 0000101011 4 match 5
47 74 0011011101 6 match 6
50 05 1111101001 7
61 16 1110010011 6
72 27 0000011101 4

04 40 1011010000 4
15 51 1111111100 8
26 62 0110010110 5
37 73 0110100000 3

Matching output
0 absent
1 absent
2 03 30
3 14 41
4 25 52
5 36 63
6 47 74
7 absent

Left
none
Best: none

Right
none
Best: none

AND-NOT
01 0000000001 1
12 1000000100 2
23 0010110001 4
34 0101001100 4
45 0000110001 3
56 0000001010 2
67 0100000001 2
70 0000001100 2

02 1000000000 1
13 1010110000 4
24 0011000000 2
35 0001000100 2
46 0000010010 2
57 0100000000 1
60 0100000100 2
71 0000001000 1

03 1010100001 4
14 1011000100 4
25 0011110001 5
36 0000001010 2
47 0000010001 2
50 0100001000 2
61 0100000001 2
72 0000001100 2

04 1011000000 3
15 1011110100 6
26 0010010010 3
37 0100000000 1
40 0000010000 1
51 0100001000 2
62 0100000100 2
73 0010100000 2

05 1011100001 5
16 1010010010 4
27 0000010001 2
30 0100001100 3
41 0000000001 1
52 0100001000 2
63 0000100001 2
74 0011001100 4

06 1010000010 3
17 1000010000 2
20 0000010000 1
31 0100001000 2
42 0000000000 a
53 0000000000 a
64 0101000100 3
75 0011100100 4

07 1000000001 2
10 0000010100 2
21 0000000001 1
32 0100001100 3
43 0000110001 3
54 0100001000 2
65 0001100101 4
76 0010001010 3

Matching output
0 absent
1 absent
2 absent
3 absent
4 absent
5 absent
6 absent
7 absent

Left
none
Best: none

Right
none
Best: none

OR-NOT
01 1111101011 8
12 1111111110 9
23 1011110011 7
34 1111001110 7
45 1011110111 8
56 1110011010 6
67 1101110101 7
70 0111111110 8

02 1111101111 9
13 1011110111 8
24 1111111111 a
35 1111111111 a
46 1010111011 7
57 1100011011 6
60 0101111101 7
71 0111101111 8

03 1011110011 7
14 1111111110 9
25 1011110111 8
36 1111011110 8
47 1100110011 6
50 0100011110 5
61 0101101101 6
72 1111101110 8

04 1111101111 9
15 1011110111 8
26 1011111011 8
37 1101011111 8
40 0100111111 7
51 0100001011 4
62 1101101101 7
73 1011111111 9

05 1011110111 8
16 1011111110 8
27 1111110011 8
30 0101011110 6
41 0100111011 6
52 1100001110 5
63 1111110101 8
74 1111101110 8

06 1011111011 8
17 1111110111 9
20 0111111111 9
31 0101001111 6
42 1100111111 8
53 1110111011 8
64 1111101101 8
75 1011111111 9

07 1111110011 8
10 1111111110 9
21 0111111011 8
32 1101001110 6
43 1010110011 6
54 1111001110 7
65 1111110101 8
76 1011111110 8

Matching output
0 absent
1 absent
2 absent
3 absent
4 absent
5 absent
6 absent
7 absent

Left
none
Best: none

Right
none
Best: none

XOR-NOT
01 1111101010 7
12 0111111010 7
23 1001000010 3
34 1010000010 3
45 1011000110 5
56 1110010000 4
67 1001110100 5
70 0111110010 6

02 0111101111 8
13 0001000111 4
24 1100111111 8
35 1110111011 8
46 1010101001 5
57 1000011011 5
60 0001111001 5
71 0111100111 7

03 0001010010 3
14 0100111010 5
25 1000000110 3
36 1111010100 6
47 1100100010 4
50 0000010110 3
61 0001101100 4
72 1111100010 6

04 0100101111 6
15 0000000011 2
26 1001101001 5
37 1001011111 7
40 0100101111 6
51 0000000011 2
62 1001101001 5
73 1001011111 7

05 0000010110 3
16 0001101100 4
27 1111100010 6
30 0001010010 3
41 0100111010 5
52 1000000110 3
63 1111010100 6
74 1100100010 4

06 0001111001 5
17 0111100111 7
20 0111101111 8
31 0001000111 4
42 1100111111 8
53 1110111011 8
64 1010101001 5
75 1000011011 5

07 0111110010 6
10 1111101010 7
21 0111111010 7
32 1001000010 3
43 1010000010 3
54 1011000110 5
65 1110010000 4
76 1001110100 5

Matching output
0 absent
1 absent
2 absent
3 absent
4 absent
5 absent
6 absent
7 absent

Left
none
Best: none

Right
none
Best: none

Selecting

Lefts
Identity I1 2: 2
NOT none
Constant none
AND none
OR none
XOR none
AND-NOT none
OR-NOT none
XOR-NOT none

Rights
Identity I5: 1
NOT none
Constant none
AND AND35: 1
OR none
XOR none
AND-NOT none
OR-NOT none
XOR-NOT none

Left longest: 2
Right longest: 1

Left winner: Identity yes, NOT no, Constant no, AND no, OR no, XOR no, AND-NOT no, OR-NOT no, XOR-NOT no
Right winner: Identity yes, NOT no, Constant no, AND no, OR no, XOR no, AND-NOT no, OR-NOT no, XOR-NOT no

Best left: I1 2: 2
Best right: I5: 1

Truncated left: I1 2: 2
Truncated right: I5: 1

Tentative from right
7 I5
6 pending
5 pending
4 pending
3 pending
2 pending
1 pending
0 pending

Tentative
0 I1
1 I2
2 pending
3 pending
4 pending
5 pending
6 pending
7 I5

Preferred from left
0 I1
1 I2
2 ?3?
3 ?4?
4 ?5?
5 ?6?
6 ?7?
7 I5

Preferred from right
7 I5
6 ?74
5 ?63
4 ?52
3 ?41
2 ?30
1 I2
0 I1

Preferred
0 I1
1 I2
2 ?30 ?03
3 ?41 ?14
4 ?52 ?25
5 ?63 ?36
6 ?74 ?47
7 I5

Matching
0 I1
1 I2
2 ?30 ?03 - Identity absent, NOT absent, Constant absent, AND absent, OR absent, XOR30, AND-NOT absent, OR-NOT absent, XOR-NOT absent
3 ?41 ?14 - Identity absent, NOT absent, Constant absent, AND absent, OR absent, XOR41, AND-NOT absent, OR-NOT absent, XOR-NOT absent
4 ?52 ?25 - Identity absent, NOT absent, Constant absent, AND absent, OR absent, XOR52, AND-NOT absent, OR-NOT absent, XOR-NOT absent
5 ?63 ?36 - Identity absent, NOT absent, Constant absent, AND absent, OR absent, XOR63, AND-NOT absent, OR-NOT absent, XOR-NOT absent
6 ?74 ?47 - Identity absent, NOT absent, Constant absent, AND absent, OR absent, XOR74, AND-NOT absent, OR-NOT absent, XOR-NOT absent
7 I5

Perfect match
Identity no
NOT no
Constant no
AND no
OR no
XOR yes
AND-NOT no
OR-NOT no
XOR-NOT no

Matched
0 I1
1 I2
2 XOR30
3 XOR41
4 XOR52
5 XOR63
6 XOR74
7 I5

Selected
0 I1
1 I2
2 XOR30
3 XOR41
4 XOR52
5 XOR63
6 XOR74
7 I5

Applying to 10100100
Input
0 1
1 0
2 1
3 0
4 0
5 1
6 0
7 0
Output
0 I1 = 0
1 I2 = 1
2 XOR30 = XOR(0,1) = 1
3 XOR41 = XOR(0,0) = 0
4 XOR52 = XOR(1,1) = 0
5 XOR63 = XOR(0,0) = 0
6 XOR74 = XOR(0,0) = 0
7 I5 = 1

I will now return the answer in \boxed{}
The answer in \boxed is
\boxed{01100001}