We need to deduce the transformation by matching the example outputs.
I will put my final answer inside \boxed{}.

Output 0: 00000001
0 0
1 0
2 0
3 0
4 0
5 0
6 0
7 1

Output 1: 00000010
0 0
1 0
2 0
3 0
4 0
5 0
6 1
7 0

Output 2: 00000011
0 0
1 0
2 0
3 0
4 0
5 0
6 1
7 1

Output 3: 00000000
0 0
1 0
2 0
3 0
4 0
5 0
6 0
7 0

Output 4: 00000011
0 0
1 0
2 0
3 0
4 0
5 0
6 1
7 1

Output 5: 00000001
0 0
1 0
2 0
3 0
4 0
5 0
6 0
7 1

Output 6: 00000011
0 0
1 0
2 0
3 0
4 0
5 0
6 1
7 1

Output bit columns (with bitsum as hash)
0 0000000 a
1 0000000 a
2 0000000 a
3 0000000 a
4 0000000 a
5 0000000 a
6 0110101 4
7 1010111 5

Input 0: 01011110
0 0
1 1
2 0
3 1
4 1
5 1
6 1
7 0

Input 1: 10010111
0 1
1 0
2 0
3 1
4 0
5 1
6 1
7 1

Input 2: 11000100
0 1
1 1
2 0
3 0
4 0
5 1
6 0
7 0

Input 3: 00100011
0 0
1 0
2 1
3 0
4 0
5 0
6 1
7 1

Input 4: 11001111
0 1
1 1
2 0
3 0
4 1
5 1
6 1
7 1

Input 5: 01110110
0 0
1 1
2 1
3 1
4 0
5 1
6 1
7 0

Input 6: 11110011
0 1
1 1
2 1
3 1
4 0
5 0
6 1
7 1

When matching output
x: not in operator
y: wrong position

Identity
0 0110101 4 match 6
1 1010111 5 match 7
2 0001011 3
3 1100011 4
4 1000100 2
5 1110110 5
6 1101111 6
7 0101101 4

Matching output
0 absent
1 absent
2 absent
3 absent
4 absent
5 absent
6 0
7 1

Left
none
Best: none

Right
1 0 7x
Best: I1 0: 2

NOT
0 1001010 3
1 0101000 2
2 1110100 4
3 0011100 3
4 0111011 5
5 0001001 2
6 0010000 1
7 1010010 3

Matching output
0 absent
1 absent
2 absent
3 absent
4 absent
5 absent
6 absent
7 absent

Left
none
Best: none

Right
none
Best: none

Constant
0 0000000 a match 0 1 2 3 4 5
1 1111111 a

Matching output
0 C0
1 C0
2 C0
3 C0
4 C0
5 C0
6 absent
7 absent

Left
0 0 0 0 0 0
Best: C0 0 0 0 0 0: 6

Right
none
Best: none

AND
01 10 0010101 3
12 21 0000011 2
23 32 0000011 2
34 43 1000000 1
45 54 1000100 2
56 65 1100110 4
67 76 0101101 4
70 07 0100101 3

02 20 0000001 1
13 31 1000011 3
24 42 0000000 a match 0 1 2 3 4 5
35 53 1100010 3
46 64 1000100 2
57 75 0100100 2
60 06 0100101 3
71 17 0000101 2

03 30 0100001 2
14 41 1000100 2
25 52 0000010 1
36 63 1100011 4
47 74 0000100 1
50 05 0110100 3
61 16 1000111 4
72 27 0001001 2

04 40 0000100 1
15 51 1010110 4
26 62 0001011 3
37 73 0100001 2

Matching output
0 24 42
1 24 42
2 24 42
3 24 42
4 24 42
5 24 42
6 absent
7 absent

Left
24 35x
42 53x
Best: AND24: 1

Right
none
Best: none

OR
01 10 1110111 6
12 21 1011111 6
23 32 1101011 5
34 43 1100111 5
45 54 1110110 5
56 65 1111111 a
67 76 1101111 6
70 07 0111101 5

02 20 0111111 6
13 31 1110111 6
24 42 1001111 5
35 53 1110111 6
46 64 1101111 6
57 75 1111111 a
60 06 1111111 a
71 17 1111111 a

03 30 1110111 6
14 41 1010111 5 match 7
25 52 1111111 a
36 63 1101111 6
47 74 1101101 5
50 05 1110111 6
61 16 1111111 a
72 27 0101111 5

04 40 1110101 5
15 51 1110111 6
26 62 1101111 6
37 73 1101111 6

Matching output
0 absent
1 absent
2 absent
3 absent
4 absent
5 absent
6 absent
7 14 41

Left
none
Best: none

Right
14 03x
41 30x
Best: OR14: 1

XOR
01 10 1100010 3
12 21 1011100 4
23 32 1101000 3
34 43 0100111 4
45 54 0110010 3
56 65 0011001 3
67 76 1000010 2
70 07 0011000 2

02 20 0111110 5
13 31 0110100 3
24 42 1001111 5
35 53 0010101 3
46 64 0101011 4
57 75 1011011 5
60 06 1011010 4
71 17 1111010 5

03 30 1010110 4
14 41 0010011 3
25 52 1111101 6
36 63 0001100 2
47 74 1101001 4
50 05 1000011 3
61 16 0111000 3
72 27 0100110 3

04 40 1110001 4
15 51 0100001 2
26 62 1100100 3
37 73 1001110 4

Matching output
0 absent
1 absent
2 absent
3 absent
4 absent
5 absent
6 absent
7 absent

Left
none
Best: none

Right
none
Best: none

AND-NOT
01 0100000 1
12 1010100 3
23 0001000 1
34 0100011 3
45 0000000 a match 0 1 2 3 4 5
56 0010000 1
67 1000010 2
70 0001000 1

02 0110100 3
13 0010100 2
24 0001011 3
35 0000001 1
46 0000000 a match 0 1 2 3 4 5
57 1010010 3
60 1001010 3
71 0101000 2

03 0010100 2
14 0010011 3
25 0001001 2
36 0000000 a match 0 1 2 3 4 5
47 1000000 1
50 1000010 2
61 0101000 2
72 0100100 2

04 0110001 3
15 0000001 1
26 0000000 a match 0 1 2 3 4 5
37 1000010 2
40 1000000 1
51 0100000 1
62 1100100 3
73 0001100 2

05 0000001 1
16 0010000 1
27 0000010 1
30 1000010 2
41 0000000 a match 0 1 2 3 4 5
52 1110100 4
63 0001100 2
74 0101001 3

06 0010000 1
17 1010010 3
20 0001010 2
31 0100000 1
42 1000100 2
53 0010100 2
64 0101011 4
75 0001001 2

07 0010000 1
10 1000010 2
21 0001000 1
32 1100000 2
43 0000100 1
54 0110010 3
65 0001001 2
76 0000000 a match 0 1 2 3 4 5

Matching output
0 45 46 36 26 41 76
1 45 46 36 26 41 76
2 45 46 36 26 41 76
3 45 46 36 26 41 76
4 45 46 36 26 41 76
5 45 46 36 26 41 76
6 absent
7 absent

Left
45 56x
46 57x
36 47x
26 37x
41 52x
76 07x
Best: AND-NOT45: 1

Right
none
Best: none

OR-NOT
01 0111101 5
12 1110111 6
23 0011111 5
34 1111011 6
45 1001101 4
56 1110110 5
67 1111111 a
70 1101111 6

02 1110101 5
13 1011111 6
24 0111011 5
35 1101011 5
46 1010100 3
57 1110110 5
60 1101111 6
71 0101101 4

03 0111101 5
14 1111111 a
25 0001011 3
36 1110011 5
47 1010110 4
50 1111110 6
61 1101111 6
72 1111101 6

04 0111111 6
15 1011111 6
26 0011011 4
37 1110011 5
40 1001110 4
51 1111110 6
62 1111111 a
73 0111101 5

05 0111101 5
16 1010111 5 match 7
27 1011011 5
30 1101011 5
41 1101100 4
52 1110110 5
63 1111111 a
74 0111111 6

06 0110101 4 match 6
17 1010111 5 match 7
20 1001011 4
31 1101011 5
42 1110100 4
53 1111110 6
64 1111111 a
75 0101101 4

07 1110111 6
10 1011111 6
21 0101011 4
32 1110111 6
43 1011100 4
54 1111111 a
65 1101111 6
76 0111101 5

Matching output
0 absent
1 absent
2 absent
3 absent
4 absent
5 absent
6 06
7 16 17

Left
none
Best: none

Right
16 05x
17 06 75x
Best: OR-NOT17 06: 2

XOR-NOT
01 0011101 4
12 0100011 3
23 0010111 4
34 1011000 3
45 1001101 4
56 1100110 4
67 0111101 5
70 1100111 5

02 1000001 2
13 1001011 4
24 0110000 2
35 1101010 4
46 1010100 3
57 0100100 2
60 0100101 3
71 0000101 2

03 0101001 3
14 1101100 4
25 0000010 1
36 1110011 5
47 0010110 3
50 0111100 4
61 1000111 4
72 1011001 4

04 0001110 3
15 1011110 5
26 0011011 4
37 0110001 3
40 0001110 3
51 1011110 5
62 0011011 4
73 0110001 3

05 0111100 4
16 1000111 4
27 1011001 4
30 0101001 3
41 1101100 4
52 0000010 1
63 1110011 5
74 0010110 3

06 0100101 3
17 0000101 2
20 1000001 2
31 1001011 4
42 0110000 2
53 1101010 4
64 1010100 3
75 0100100 2

07 1100111 5
10 0011101 4
21 0100011 3
32 0010111 4
43 1011000 3
54 1001101 4
65 1100110 4
76 0111101 5

Matching output
0 absent
1 absent
2 absent
3 absent
4 absent
5 absent
6 absent
7 absent

Left
none
Best: none

Right
none
Best: none

Selecting

Lefts
Identity none
NOT none
Constant C0 0 0 0 0 0: 6
AND AND24: 1
OR none
XOR none
AND-NOT AND-NOT45: 1
OR-NOT none
XOR-NOT none

Rights
Identity I1 0: 2
NOT none
Constant none
AND none
OR OR14: 1
XOR none
AND-NOT none
OR-NOT OR-NOT17 06: 2
XOR-NOT none

Left longest: 6
Right longest: 2

Left winner: Identity no, NOT no, Constant yes, AND no, OR no, XOR no, AND-NOT no, OR-NOT no, XOR-NOT no
Right winner: Identity yes, NOT no, Constant no, AND no, OR no, XOR no, AND-NOT no, OR-NOT no, XOR-NOT no

Best left: C0 0 0 0 0 0: 6
Best right: I1 0: 2

Truncated left: C0 0 0 0 0 0: 6
Truncated right: I1 0: 2

Tentative from right
7 I1
6 I0
5 pending
4 pending
3 pending
2 pending
1 pending
0 pending

Tentative
0 C0
1 C0
2 C0
3 C0
4 C0
5 C0
6 I0
7 I1

Preferred from left
0 C0
1 C0
2 C0
3 C0
4 C0
5 C0
6 I0
7 I1

Preferred from right
7 I1
6 I0
5 C0
4 C0
3 C0
2 C0
1 C0
0 C0

Preferred
0 C0
1 C0
2 C0
3 C0
4 C0
5 C0
6 I0
7 I1

Matching
0 C0
1 C0
2 C0
3 C0
4 C0
5 C0
6 I0
7 I1

Perfect match
Identity no
NOT no
Constant no
AND no
OR no
XOR no
AND-NOT no
OR-NOT no
XOR-NOT no

Matched
0 C0
1 C0
2 C0
3 C0
4 C0
5 C0
6 I0
7 I1

Selected
0 C0
1 C0
2 C0
3 C0
4 C0
5 C0
6 I0
7 I1

Applying to 01000001
Input
0 0
1 1
2 0
3 0
4 0
5 0
6 0
7 1
Output
0 C0 = 0
1 C0 = 0
2 C0 = 0
3 C0 = 0
4 C0 = 0
5 C0 = 0
6 I0 = 0
7 I1 = 1

I will now return the answer in \boxed{}
The answer in \boxed is
\boxed{00000001}