We need to deduce the transformation by matching the example outputs.
I will put my final answer inside \boxed{}.

Output 0: 00000000
0 0
1 0
2 0
3 0
4 0
5 0
6 0
7 0

Output 1: 11000000
0 1
1 1
2 0
3 0
4 0
5 0
6 0
7 0

Output 2: 00000000
0 0
1 0
2 0
3 0
4 0
5 0
6 0
7 0

Output 3: 01010100
0 0
1 1
2 0
3 1
4 0
5 1
6 0
7 0

Output 4: 11010000
0 1
1 1
2 0
3 1
4 0
5 0
6 0
7 0

Output 5: 11100000
0 1
1 1
2 1
3 0
4 0
5 0
6 0
7 0

Output 6: 10000111
0 1
1 0
2 0
3 0
4 0
5 1
6 1
7 1

Output bit columns (with bitsum as hash)
0 0100111 4
1 0101110 4
2 0000010 1
3 0001100 2
4 0000000 a
5 0001001 2
6 0000001 1
7 0000001 1

Input 0: 01010011
0 0
1 1
2 0
3 1
4 0
5 0
6 1
7 1

Input 1: 00111100
0 0
1 0
2 1
3 1
4 1
5 1
6 0
7 0

Input 2: 00001100
0 0
1 0
2 0
3 0
4 1
5 1
6 0
7 0

Input 3: 10110101
0 1
1 0
2 1
3 1
4 0
5 1
6 0
7 1

Input 4: 00111101
0 0
1 0
2 1
3 1
4 1
5 1
6 0
7 1

Input 5: 00111110
0 0
1 0
2 1
3 1
4 1
5 1
6 1
7 0

Input 6: 11101001
0 1
1 1
2 1
3 0
4 1
5 0
6 0
7 1

When matching output
x: not in operator
y: wrong position

Identity
0 0001001 2 match 5
1 1000001 2
2 0101111 5
3 1101110 5
4 0110111 5
5 0111110 5
6 1000010 2
7 1001101 4

Matching output
0 absent
1 absent
2 absent
3 absent
4 absent
5 0
6 absent
7 absent

Left
none
Best: none

Right
none
Best: none

NOT
0 1110110 5
1 0111110 5
2 1010000 2
3 0010001 2
4 1001000 2
5 1000001 2
6 0111101 5
7 0110010 3

Matching output
0 absent
1 absent
2 absent
3 absent
4 absent
5 absent
6 absent
7 absent

Left
none
Best: none

Right
none
Best: none

Constant
0 0000000 a match 4
1 1111111 a

Matching output
0 absent
1 absent
2 absent
3 absent
4 C0
5 absent
6 absent
7 absent

Left
none
Best: none

Right
none
Best: none

AND
01 10 0000001 1 match 6 7
12 21 0000001 1 match 6 7
23 32 0101110 4 match 1
34 43 0100110 3
45 54 0110110 4
56 65 0000010 1 match 2
67 76 1000000 1
70 07 0001001 2 match 5

02 20 0001001 2 match 5
13 31 1000000 1
24 42 0100111 4 match 0
35 53 0101110 4 match 1
46 64 0000010 1 match 2
57 75 0001100 2 match 3
60 06 0000000 a match 4
71 17 1000001 2

03 30 0001000 1
14 41 0000001 1 match 6 7
25 52 0101110 4 match 1
36 63 1000010 2
47 74 0000101 2
50 05 0001000 1
61 16 1000000 1
72 27 0001101 3

04 40 0000001 1 match 6 7
15 51 0000000 a match 4
26 62 0000010 1 match 2
37 73 1001100 3

Matching output
0 24 42
1 23 32 35 53 25 52
2 56 65 46 64 26 62
3 57 75
4 60 06 15 51
5 70 07 02 20
6 01 10 12 21 14 41 04 40
7 01 10 12 21 14 41 04 40

Left
24 35 46 57 60 71x
42 53 64 75 06 17x
Best: AND24 35 46 57 60: 5

Right
01 70y
10 07y
12 01 70 67x
21 10 07 76x
14 03x
41 30x
04 73x
40 37x
Best: AND12 01 70: 3

OR
01 10 1001001 3
12 21 1101111 6
23 32 1101111 6
34 43 1111111 a
45 54 0111111 6
56 65 1111110 6
67 76 1001111 5
70 07 1001101 4

02 20 0101111 5
13 31 1101111 6
24 42 0111111 6
35 53 1111110 6
46 64 1110111 6
57 75 1111111 a
60 06 1001011 4
71 17 1001101 4

03 30 1101111 6
14 41 1110111 6
25 52 0111111 6
36 63 1101110 5
47 74 1111111 a
50 05 0111111 6
61 16 1000011 3
72 27 1101111 6

04 40 0111111 6
15 51 1111111 a
26 62 1101111 6
37 73 1101111 6

Matching output
0 absent
1 absent
2 absent
3 absent
4 absent
5 absent
6 absent
7 absent

Left
none
Best: none

Right
none
Best: none

XOR
01 10 1001000 2
12 21 1101110 5
23 32 1000001 2
34 43 1011001 4
45 54 0001001 2 match 5
56 65 1111100 5
67 76 0001111 4
70 07 1000100 2

02 20 0100110 3
13 31 0101111 5
24 42 0011000 2
35 53 1010000 2
46 64 1110101 5
57 75 1110011 5
60 06 1001011 4
71 17 0001100 2 match 3

03 30 1100111 5
14 41 1110110 5
25 52 0010001 2
36 63 0101100 3
47 74 1111010 5
50 05 0110111 5
61 16 0000011 2
72 27 1100010 3

04 40 0111110 5
15 51 1111111 a
26 62 1101101 5
37 73 0100011 3

Matching output
0 absent
1 absent
2 absent
3 71 17
4 absent
5 45 54
6 absent
7 absent

Left
none
Best: none

Right
none
Best: none

AND-NOT
01 0001000 1
12 1000000 1
23 0000001 1 match 6 7
34 1001000 2
45 0000001 1 match 6 7
56 0111100 4
67 0000010 1 match 2
70 1000100 2

02 0000000 a match 4
13 0000001 1 match 6 7
24 0001000 1
35 1000000 1
46 0110101 4
57 0110010 3
60 1000010 2
71 0001100 2 match 3

03 0000001 1 match 6 7
14 1000000 1
25 0000001 1 match 6 7
36 0101100 3
47 0110010 3
50 0110110 4
61 0000010 1 match 2
72 1000000 1

04 0001000 1
15 1000001 2
26 0101101 4
37 0100010 2
40 0110110 4
51 0111110 5
62 1000000 1
73 0000001 1 match 6 7

05 0000001 1 match 6 7
16 0000001 1 match 6 7
27 0100010 2
30 1100110 4
41 0110110 4
52 0010000 1
63 0000000 a match 4
74 1001000 2

06 0001001 2 match 5
17 0000000 a match 4
20 0100110 3
31 0101110 4 match 1
42 0010000 1
53 0010000 1
64 1000000 1
75 1000001 2

07 0000000 a match 4
10 1000000 1
21 0101110 4 match 1
32 1000000 1
43 0010001 2
54 0001000 1
65 1000000 1
76 0001101 3

Matching output
0 absent
1 31 21
2 67 61
3 71
4 02 63 17 07
5 06
6 23 45 13 03 25 73 05 16
7 23 45 13 03 25 73 05 16

Left
none
Best: none

Right
23 12x
45 34x
13 02y
03 72x
25 14x
73 62x
05 74x
16 05 74x
Best: AND-NOT16 05: 2

OR-NOT
01 0111111 6
12 1010001 3
23 0111111 6
34 1101110 5
45 1110111 6
56 0111111 6
67 1110010 4
70 1111111 a

02 1011001 4
13 1010001 3
24 1101111 6
35 1101111 6
46 0111111 6
57 0111110 5
60 1110110 5
71 1111111 a

03 0011001 3
14 1001001 3
25 1101111 6
36 1111111 a
47 0110111 5
50 1111110 6
61 1111110 6
72 1011101 5

04 1001001 3
15 1000001 2
26 0111111 6
37 1111110 6
40 1110111 6
51 0111110 5
62 1010010 3
73 1011101 5

05 1001001 3
16 1111101 6
27 0111111 6
30 1111110 6
41 0111111 6
52 1111110 6
63 1010011 4
74 1001101 4

06 0111101 5
17 1110011 5
20 1111111 a
31 1111110 6
42 1110111 6
53 0111111 6
64 1001010 3
75 1001101 4

07 0111011 5
10 1110111 6
21 0111111 6
32 1111110 6
43 0110111 5
54 1111110 6
65 1000011 3
76 1111101 6

Matching output
0 absent
1 absent
2 absent
3 absent
4 absent
5 absent
6 absent
7 absent

Left
none
Best: none

Right
none
Best: none

XOR-NOT
01 0110111 5
12 0010001 2
23 0111110 5
34 0100110 3
45 1110110 5
56 0000011 2
67 1110000 3
70 0111011 5

02 1011001 4
13 1010000 2
24 1100111 5
35 0101111 5
46 0001010 2
57 0001100 2 match 3
60 0110100 3
71 1110011 5

03 0011000 2
14 0001001 2 match 5
25 1101110 5
36 1010011 4
47 0000101 2
50 1001000 2
61 1111100 5
72 0011101 4

04 1000001 2
15 0000000 a match 4
26 0010010 2
37 1011100 4
40 1000001 2
51 0000000 a match 4
62 0010010 2
73 1011100 4

05 1001000 2
16 1111100 5
27 0011101 4
30 0011000 2
41 0001001 2 match 5
52 1101110 5
63 1010011 4
74 0000101 2

06 0110100 3
17 1110011 5
20 1011001 4
31 1010000 2
42 1100111 5
53 0101111 5
64 0001010 2
75 0001100 2 match 3

07 0111011 5
10 0110111 5
21 0010001 2
32 0111110 5
43 0100110 3
54 1110110 5
65 0000011 2
76 1110000 3

Matching output
0 absent
1 absent
2 absent
3 57 75
4 15 51
5 14 41
6 absent
7 absent

Left
none
Best: none

Right
none
Best: none

Selecting

Lefts
Identity none
NOT none
Constant none
AND AND24 35 46 57 60: 5
OR none
XOR none
AND-NOT none
OR-NOT none
XOR-NOT none

Rights
Identity none
NOT none
Constant none
AND AND12 01 70: 3
OR none
XOR none
AND-NOT AND-NOT16 05: 2
OR-NOT none
XOR-NOT none

Left longest: 5
Right longest: 3

Left winner: Identity no, NOT no, Constant no, AND yes, OR no, XOR no, AND-NOT no, OR-NOT no, XOR-NOT no
Right winner: Identity no, NOT no, Constant no, AND yes, OR no, XOR no, AND-NOT no, OR-NOT no, XOR-NOT no

Best left: AND24 35 46 57 60: 5
Best right: AND12 01 70: 3

Truncated left: AND24 35 46 57 60: 5
Truncated right: AND12 01 70: 3

Tentative from right
7 AND12
6 AND01
5 AND70
4 pending
3 pending
2 pending
1 pending
0 pending

Tentative
0 AND24
1 AND35
2 AND46
3 AND57
4 AND60
5 AND70
6 AND01
7 AND12

Preferred from left
0 AND24
1 AND35
2 AND46
3 AND57
4 AND60
5 AND70
6 AND01
7 AND12

Preferred from right
7 AND12
6 AND01
5 AND70
4 AND60
3 AND57
2 AND46
1 AND35
0 AND24

Preferred
0 AND24
1 AND35
2 AND46
3 AND57
4 AND60
5 AND70
6 AND01
7 AND12

Matching
0 AND24
1 AND35
2 AND46
3 AND57
4 AND60
5 AND70
6 AND01
7 AND12

Perfect match
Identity no
NOT no
Constant no
AND no
OR no
XOR no
AND-NOT no
OR-NOT no
XOR-NOT no

Matched
0 AND24
1 AND35
2 AND46
3 AND57
4 AND60
5 AND70
6 AND01
7 AND12


Reselect (whole-word coverage)
0 AND24
1 AND35
2 AND26
3 AND57
4 C0
5 AND02
6 AND01
7 AND01
Selected
0 AND24
1 AND35
2 AND26
3 AND57
4 C0
5 AND02
6 AND01
7 AND01

Applying to 10010110
Input
0 1
1 0
2 0
3 1
4 0
5 1
6 1
7 0
Output
0 AND24 = AND(0,0) = 0
1 AND35 = AND(1,1) = 1
2 AND26 = AND(0,1) = 0
3 AND57 = AND(1,0) = 0
4 C0 = 0
5 AND02 = AND(1,0) = 0
6 AND01 = AND(1,0) = 0
7 AND01 = AND(1,0) = 0

I will now return the answer in \boxed{}
The answer in \boxed is
\boxed{01000000}