We need to deduce the transformation by matching the example outputs.
I will put my final answer inside \boxed{}.

Output 0: 10101010
0 1
1 0
2 1
3 0
4 1
5 0
6 1
7 0

Output 1: 11000101
0 1
1 1
2 0
3 0
4 0
5 1
6 0
7 1

Output 2: 11110110
0 1
1 1
2 1
3 1
4 0
5 1
6 1
7 0

Output 3: 10001011
0 1
1 0
2 0
3 0
4 1
5 0
6 1
7 1

Output 4: 10111001
0 1
1 0
2 1
3 1
4 1
5 0
6 0
7 1

Output 5: 10000001
0 1
1 0
2 0
3 0
4 0
5 0
6 0
7 1

Output 6: 10001111
0 1
1 0
2 0
3 0
4 1
5 1
6 1
7 1

Output 7: 00000111
0 0
1 0
2 0
3 0
4 0
5 1
6 1
7 1

Output 8: 11010001
0 1
1 1
2 0
3 1
4 0
5 0
6 0
7 1

Output bit columns (with bitsum as hash)
0 111111101 8
1 011000001 3
2 101010000 3
3 001010001 3
4 100110100 4
5 011000110 4
6 101100110 5
7 010111111 7

Input 0: 00110011
0 0
1 0
2 1
3 1
4 0
5 0
6 1
7 1

Input 1: 10010001
0 1
1 0
2 0
3 1
4 0
5 0
6 0
7 1

Input 2: 01111111
0 0
1 1
2 1
3 1
4 1
5 1
6 1
7 1

Input 3: 11011100
0 1
1 1
2 0
3 1
4 1
5 1
6 0
7 0

Input 4: 11001101
0 1
1 1
2 0
3 0
4 1
5 1
6 0
7 1

Input 5: 11111000
0 1
1 1
2 1
3 1
4 1
5 0
6 0
7 0

Input 6: 11001110
0 1
1 1
2 0
3 0
4 1
5 1
6 1
7 0

Input 7: 11100011
0 1
1 1
2 1
3 0
4 0
5 0
6 1
7 1

Input 8: 00100110
0 0
1 0
2 1
3 0
4 0
5 1
6 1
7 0

When matching output
x: not in operator
y: wrong position

Identity
0 010111110 6
1 001111110 6
2 101001011 5
3 111101000 5
4 001111100 5
5 001110101 5
6 101000111 5
7 111010010 5

Matching output
0 absent
1 absent
2 absent
3 absent
4 absent
5 absent
6 absent
7 absent

Left
none
Best: none

Right
none
Best: none

NOT
0 101000001 3
1 110000001 3
2 010110100 4
3 000010111 4
4 110000011 4
5 110001010 4
6 010111000 4
7 000101101 4

Matching output
0 absent
1 absent
2 absent
3 absent
4 absent
5 absent
6 absent
7 absent

Left
none
Best: none

Right
none
Best: none

Constant
0 000000000 a
1 111111111 a

Matching output
0 absent
1 absent
2 absent
3 absent
4 absent
5 absent
6 absent
7 absent

Left
none
Best: none

Right
none
Best: none

AND
01 10 000111110 5
12 21 001001010 3
23 32 101001000 3
34 43 001101000 3
45 54 001110100 4
56 65 001000101 3
67 76 101000010 3
70 07 010010010 3

02 20 000001010 2
13 31 001101000 3
24 42 001001000 2
35 53 001100000 2
46 64 001000100 2
57 75 001010000 2
60 06 000000110 2
71 17 001010010 3

03 30 010101000 3
14 41 001111100 5
25 52 001000001 2
36 63 101000000 2
47 74 001010000 2
50 05 000110100 3
61 16 001000110 3
72 27 101000010 3

04 40 000111100 4
15 51 001110100 4
26 62 101000011 4
37 73 111000000 3

Matching output
0 absent
1 absent
2 absent
3 absent
4 absent
5 absent
6 absent
7 absent

Left
none
Best: none

Right
none
Best: none

OR
01 10 011111110 7
12 21 101111111 8
23 32 111101011 7
34 43 111111100 7
45 54 001111101 6
56 65 101110111 7
67 76 111010111 7
70 07 111111110 8

02 20 111111111 a
13 31 111111110 8
24 42 101111111 8
35 53 111111101 8 match 0
46 64 101111111 8
57 75 111110111 8
60 06 111111111 a
71 17 111111110 8

03 30 111111110 8
14 41 001111110 6
25 52 101111111 8
36 63 111101111 8
47 74 111111110 8
50 05 011111111 8
61 16 101111111 8
72 27 111011011 7

04 40 011111110 7
15 51 001111111 7
26 62 101001111 6
37 73 111111010 7

Matching output
0 35 53
1 absent
2 absent
3 absent
4 absent
5 absent
6 absent
7 absent

Left
35 46x
53 64x
Best: OR35: 1

Right
none
Best: none

XOR
01 10 011000000 2
12 21 100110101 5
23 32 010100011 4
34 43 110010100 4
45 54 000001001 2
56 65 100110010 4
67 76 010010101 4
70 07 101101100 5

02 20 111110101 7
13 31 110010110 5
24 42 100110111 6
35 53 110011101 6
46 64 100111011 6
57 75 110100111 6
60 06 111111001 7
71 17 110101100 5

03 30 101010110 5
14 41 000000010 1
25 52 100111110 6
36 63 010101111 6
47 74 110101110 6
50 05 011001011 5
61 16 100111001 5
72 27 010011001 4

04 40 011000010 3
15 51 000001011 3
26 62 000001100 2
37 73 000111010 4

Matching output
0 absent
1 absent
2 absent
3 absent
4 absent
5 absent
6 absent
7 absent

Left
none
Best: none

Right
none
Best: none

AND-NOT
01 010000000 1
12 000110100 3
23 000000011 2
34 110000000 2
45 000001000 1
56 000110000 2
67 000000101 2
70 101000000 2

02 010110100 4
13 000010110 3
24 100000011 3
35 110001000 3
46 000111000 3
57 000100101 3
60 101000001 3
71 110000000 2

03 000010110 3
14 000000010 1
25 100001010 3
36 010101000 3
47 000101100 3
50 001000001 2
61 100000001 2
72 010010000 2

04 010000010 2
15 000001010 2
26 000001000 1
37 000101000 2
40 001000000 1
51 000000001 1
62 000000100 1
73 000010010 2

05 010001010 3
16 000111000 3
27 000001001 2
30 101000000 2
41 000000000 a
52 000110100 3
63 000000111 3
74 110000010 3

06 010111000 4
17 000101100 3
20 101000001 3
31 110000000 2
42 000110100 3
53 000010101 3
64 100000011 3
75 110000010 3

07 000101100 3
10 001000000 1
21 100000001 2
32 010100000 2
43 000010100 2
54 000000001 1
65 100000010 2
76 010010000 2

Matching output
0 absent
1 absent
2 absent
3 absent
4 absent
5 absent
6 absent
7 absent

Left
none
Best: none

Right
none
Best: none

OR-NOT
01 110111111 8
12 011111110 7
23 101011111 7
34 111101011 7
45 111111110 8
56 011111101 7
67 101101111 7
70 111010011 6

02 010111110 6
13 001111111 7
24 111001011 6
35 111101010 6
46 011111100 6
57 001111101 6
60 101000111 5
71 111010011 6

03 010111111 7 match 7
14 111111111 a
25 111001011 6
36 111111000 6
47 001111101 6
50 101110101 6
61 111000111 6
72 111110110 7

04 110111111 8
15 111111110 8
26 111111011 8
37 111101101 7
40 101111101 7
51 111110101 7
62 111110111 8
73 111010111 7

05 110111110 7
16 011111110 7
27 101101111 7
30 111101001 6
41 111111101 8 match 0
52 011110101 6
63 101010111 6
74 111010011 6

06 010111110 6
17 001111111 7
20 101001011 5
31 111101001 6
42 011111100 6
53 001110111 6
64 111000111 6
75 111011010 6

07 010111111 7 match 7
10 101111111 8
21 111001011 6
32 111111100 7
43 001111111 7
54 111110111 8
65 111001111 7
76 111111010 7

Matching output
0 41
1 absent
2 absent
3 absent
4 absent
5 absent
6 absent
7 03 07

Left
41 52x
Best: OR-NOT41: 1

Right
03 72x
07 76x
Best: OR-NOT03: 1

XOR-NOT
01 100111111 7
12 011001010 4
23 101011100 5
34 001101011 5
45 111110110 7
56 011001101 5
67 101101010 5
70 010010011 4

02 000001010 2
13 001101001 4
24 011001000 3
35 001100010 3
46 011000100 3
57 001011000 3
60 000000110 2
71 001010011 4

03 010101001 4
14 111111101 8 match 0
25 011000001 3 match 1
36 101010000 3 match 2
47 001010001 3 match 3
50 100110100 4 match 4
61 011000110 4 match 5
72 101100110 5 match 6

04 100111101 6
15 111110100 6
26 111110011 7
37 111000101 5
40 100111101 6
51 111110100 6
62 111110011 7
73 111000101 5

05 100110100 4 match 4
16 011000110 4 match 5
27 101100110 5 match 6
30 010101001 4
41 111111101 8 match 0
52 011000001 3 match 1
63 101010000 3 match 2
74 001010001 3 match 3

06 000000110 2
17 001010011 4
20 000001010 2
31 001101001 4
42 011001000 3
53 001100010 3
64 011000100 3
75 001011000 3

07 010010011 4
10 100111111 7
21 011001010 4
32 101011100 5
43 001101011 5
54 111110110 7
65 011001101 5
76 101101010 5

Matching output
0 14 41
1 25 52
2 36 63
3 47 74
4 50 05
5 61 16
6 72 27
7 absent

Left
14 25 36 47 50 61 72 03x
41 52 63 74 05 16 27 30x
Best: XOR-NOT14 25 36 47 50 61 72: 7

Right
none
Best: none

Selecting

Lefts
Identity none
NOT none
Constant none
AND none
OR OR35: 1
XOR none
AND-NOT none
OR-NOT OR-NOT41: 1
XOR-NOT XOR-NOT14 25 36 47 50 61 72: 7

Rights
Identity none
NOT none
Constant none
AND none
OR none
XOR none
AND-NOT none
OR-NOT OR-NOT03: 1
XOR-NOT none

Left longest: 7
Right longest: 1

Left winner: Identity no, NOT no, Constant no, AND no, OR no, XOR no, AND-NOT no, OR-NOT no, XOR-NOT yes
Right winner: Identity no, NOT no, Constant no, AND no, OR no, XOR no, AND-NOT no, OR-NOT yes, XOR-NOT no

Best left: XOR-NOT14 25 36 47 50 61 72: 7
Best right: OR-NOT03: 1

Truncated left: XOR-NOT14 25 36 47 50 61 72: 7
Truncated right: OR-NOT03: 1

Tentative from right
7 OR-NOT03
6 pending
5 pending
4 pending
3 pending
2 pending
1 pending
0 pending

Tentative
0 XOR-NOT14
1 XOR-NOT25
2 XOR-NOT36
3 XOR-NOT47
4 XOR-NOT50
5 XOR-NOT61
6 XOR-NOT72
7 OR-NOT03

Preferred from left
0 XOR-NOT14
1 XOR-NOT25
2 XOR-NOT36
3 XOR-NOT47
4 XOR-NOT50
5 XOR-NOT61
6 XOR-NOT72
7 OR-NOT03

Preferred from right
7 OR-NOT03
6 XOR-NOT72
5 XOR-NOT61
4 XOR-NOT50
3 XOR-NOT47
2 XOR-NOT36
1 XOR-NOT25
0 XOR-NOT14

Preferred
0 XOR-NOT14
1 XOR-NOT25
2 XOR-NOT36
3 XOR-NOT47
4 XOR-NOT50
5 XOR-NOT61
6 XOR-NOT72
7 OR-NOT03

Matching
0 XOR-NOT14
1 XOR-NOT25
2 XOR-NOT36
3 XOR-NOT47
4 XOR-NOT50
5 XOR-NOT61
6 XOR-NOT72
7 OR-NOT03

Perfect match
Identity no
NOT no
Constant no
AND no
OR no
XOR no
AND-NOT no
OR-NOT no
XOR-NOT no

Matched
0 XOR-NOT14
1 XOR-NOT25
2 XOR-NOT36
3 XOR-NOT47
4 XOR-NOT50
5 XOR-NOT61
6 XOR-NOT72
7 OR-NOT03

Selected
0 XOR-NOT14
1 XOR-NOT25
2 XOR-NOT36
3 XOR-NOT47
4 XOR-NOT50
5 XOR-NOT61
6 XOR-NOT72
7 OR-NOT03

Applying to 11011110
Input
0 1
1 1
2 0
3 1
4 1
5 1
6 1
7 0
Output
0 XOR-NOT14 = XOR(1,NOT(1)) = 1
1 XOR-NOT25 = XOR(0,NOT(1)) = 0
2 XOR-NOT36 = XOR(1,NOT(1)) = 1
3 XOR-NOT47 = XOR(1,NOT(0)) = 0
4 XOR-NOT50 = XOR(1,NOT(1)) = 1
5 XOR-NOT61 = XOR(1,NOT(1)) = 1
6 XOR-NOT72 = XOR(0,NOT(0)) = 1
7 OR-NOT03 = OR(1,NOT(1)) = 1

I will now return the answer in \boxed{}
The answer in \boxed is
\boxed{10101111}