We need to deduce the transformation by matching the example outputs.
I will put my final answer inside \boxed{}.

Output 0: 11101111
0 1
1 1
2 1
3 0
4 1
5 1
6 1
7 1

Output 1: 11100001
0 1
1 1
2 1
3 0
4 0
5 0
6 0
7 1

Output 2: 00110001
0 0
1 0
2 1
3 1
4 0
5 0
6 0
7 1

Output 3: 11110011
0 1
1 1
2 1
3 1
4 0
5 0
6 1
7 1

Output 4: 10001111
0 1
1 0
2 0
3 0
4 1
5 1
6 1
7 1

Output 5: 00001001
0 0
1 0
2 0
3 0
4 1
5 0
6 0
7 1

Output 6: 01110001
0 0
1 1
2 1
3 1
4 0
5 0
6 0
7 1

Output 7: 11110001
0 1
1 1
2 1
3 1
4 0
5 0
6 0
7 1

Output 8: 00100011
0 0
1 0
2 1
3 0
4 0
5 0
6 1
7 1

Output bit columns (with bitsum as hash)
0 110110010 5
1 110100110 5
2 111100111 7
3 001100110 4
4 100011000 3
5 100010000 2
6 100110001 4
7 111111111 a

Input 0: 01000000
0 0
1 1
2 0
3 0
4 0
5 0
6 0
7 0

Input 1: 10011111
0 1
1 0
2 0
3 1
4 1
5 1
6 1
7 1

Input 2: 00111000
0 0
1 0
2 1
3 1
4 1
5 0
6 0
7 0

Input 3: 11110110
0 1
1 1
2 1
3 1
4 0
5 1
6 1
7 0

Input 4: 11100001
0 1
1 1
2 1
3 0
4 0
5 0
6 0
7 1

Input 5: 11011000
0 1
1 1
2 0
3 1
4 1
5 0
6 0
7 0

Input 6: 10011101
0 1
1 0
2 0
3 1
4 1
5 1
6 0
7 1

Input 7: 11011111
0 1
1 1
2 0
3 1
4 1
5 1
6 1
7 1

Input 8: 01010001
0 0
1 1
2 0
3 1
4 0
5 0
6 0
7 1

When matching output
x: not in operator
y: wrong position

Identity
0 010111110 6
1 100111011 6
2 001110000 3
3 011101111 7
4 011001110 5
5 010100110 4
6 010100010 3
7 010010111 5

Matching output
0 absent
1 absent
2 absent
3 absent
4 absent
5 absent
6 absent
7 absent

Left
none
Best: none

Right
none
Best: none

NOT
0 101000001 3
1 011000100 3
2 110001111 6
3 100010000 2 match 5
4 100110001 4 match 6
5 101011001 5
6 101011101 6
7 101101000 4

Matching output
0 absent
1 absent
2 absent
3 absent
4 absent
5 3
6 4
7 absent

Left
none
Best: none

Right
none
Best: none

Constant
0 000000000 a
1 111111111 a match 7

Matching output
0 absent
1 absent
2 absent
3 absent
4 absent
5 absent
6 absent
7 C1

Left
none
Best: none

Right
1
Best: C1: 1

AND
01 10 000111010 4
12 21 000110000 2
23 32 001100000 2
34 43 011001110 5
45 54 010000110 3
56 65 010100010 3
67 76 010000010 2
70 07 010010110 4

02 20 000110000 2
13 31 000101011 4
24 42 001000000 1
35 53 010100110 4
46 64 010000010 2
57 75 010000110 3
60 06 010100010 3
71 17 000010011 3

03 30 010101110 5
14 41 000001010 2
25 52 000100000 1
36 63 010100010 3
47 74 010000110 3
50 05 010100110 4
61 16 000100010 2
72 27 000010000 1

04 40 010001110 4
15 51 000100010 2
26 62 000100000 1
37 73 010000111 4

Matching output
0 absent
1 absent
2 absent
3 absent
4 absent
5 absent
6 absent
7 absent

Left
none
Best: none

Right
none
Best: none

OR
01 10 110111111 8
12 21 101111011 7
23 32 011111111 8
34 43 011101111 7
45 54 011101110 6
56 65 010100110 4
67 76 010110111 6
70 07 010111111 7

02 20 011111110 7
13 31 111111111 a match 7
24 42 011111110 7
35 53 011101111 7
46 64 011101110 6
57 75 010110111 6
60 06 010111110 6
71 17 110111111 8

03 30 011111111 8
14 41 111111111 a match 7
25 52 011110110 6
36 63 011101111 7
47 74 011011111 7
50 05 010111110 6
61 16 110111011 7
72 27 011110111 7

04 40 011111110 7
15 51 110111111 8
26 62 011110010 5
37 73 011111111 8

Matching output
0 absent
1 absent
2 absent
3 absent
4 absent
5 absent
6 absent
7 13 31 14 41

Left
none
Best: none

Right
13 02x
31 20x
14 03x
41 30x
Best: OR13: 1

XOR
01 10 110000101 4
12 21 101001011 5
23 32 010011111 6
34 43 000100001 2
45 54 001101000 3
56 65 000000100 1
67 76 000110101 4
70 07 000101001 3

02 20 011001110 5
13 31 111010100 5
24 42 010111110 6
35 53 001001001 3
46 64 001101100 4
57 75 000110001 3
60 06 000011100 3
71 17 110101100 5

03 30 001010001 3
14 41 111110101 7
25 52 011010110 5
36 63 001001101 4
47 74 001011001 4
50 05 000011000 2
61 16 110011001 5
72 27 011100111 6

04 40 001110000 3
15 51 110011101 6
26 62 011010010 4
37 73 001111000 4

Matching output
0 absent
1 absent
2 absent
3 absent
4 absent
5 absent
6 absent
7 absent

Left
none
Best: none

Right
none
Best: none

AND-NOT
01 010000100 2
12 100001011 4
23 000010000 1
34 000100001 2
45 001001000 2
56 000000100 1
67 000100000 1
70 000000001 1

02 010001110 4
13 100010000 2 match 5
24 000110000 2
35 001001001 3
46 001001100 3
57 000100000 1
60 000000000 a
71 010000100 2

03 000010000 1
14 100110001 4 match 6
25 001010000 2
36 001001101 4
47 001001000 2
50 000000000 a
61 010000000 1
72 010000111 4

04 000110000 2
15 100011001 4
26 001010000 2
37 001101000 3
40 001000000 1
51 010000100 2
62 010000010 2
73 000010000 1

05 000011000 2
16 100011001 4
27 001100000 2
30 001000001 2
41 011000100 3
52 010000110 3
63 000000000 a
74 000010001 2

06 000011100 3
17 100101000 3
20 001000000 1
31 011000100 3
42 010001110 4
53 000000000 a
64 000100000 1
75 000010001 2

07 000101000 2
10 100000001 2
21 001000000 1
32 010001111 5
43 000000000 a
54 000100000 1
65 000000000 a
76 000010101 3

Matching output
0 absent
1 absent
2 absent
3 absent
4 absent
5 13
6 14
7 absent

Left
none
Best: none

Right
none
Best: none

OR-NOT
01 011111110 7
12 110111111 8
23 101110000 4
34 111111111 a match 7
45 111011111 8
56 111111111 a match 7
67 111101010 6
70 111010111 7

02 110111111 8
13 100111011 6
24 101110001 5
35 111111111 a match 7
46 111011111 8
57 111101110 7
60 111100011 6
71 011010111 6

03 110111110 7
14 100111011 6
25 101111001 6
36 111111111 a match 7
47 111101110 7
50 111100111 7 match 2
61 011100110 5
72 110011111 7

04 110111111 8
15 101111011 7
26 101111101 7
37 111101111 8
40 111001111 7
51 011100110 5
62 110101111 7
73 110010111 6

05 111111111 a match 7
16 101111111 8
27 101111000 5
30 111101111 8
41 011001110 5
52 110101111 7
63 110110010 5 match 0
74 110110111 7

06 111111111 a match 7
17 101111011 7
20 101110001 5
31 011101111 7
42 111001111 7
53 110110110 6
64 110110011 6
75 111011111 8

07 111111110 8
10 101111011 7
21 011110100 5
32 111101111 8
43 111011110 7
54 110110111 7
65 111111011 8
76 111011111 8

Matching output
0 63
1 absent
2 50
3 absent
4 absent
5 absent
6 absent
7 34 56 35 36 05 06

Left
63 74x
Best: OR-NOT63: 1

Right
34 23x
56 45x
35 24x
36 25x
05 74x
06 75x
Best: OR-NOT34: 1

XOR-NOT
01 001111010 5
12 010110100 4
23 101100000 3
34 111011110 7
45 110010111 6
56 111111011 8
67 111001010 5
70 111010110 6

02 100110001 4 match 6
13 000101011 4
24 101000001 3
35 110110110 6
46 110010011 5
57 111001110 6
60 111100011 6
71 001010011 4

03 110101110 6
14 000001010 2
25 100101001 4
36 110110010 5 match 0
47 110100110 5 match 1
50 111100111 7 match 2
61 001100110 4 match 3
72 100011000 3 match 4

04 110001111 6
15 001100010 3
26 100101101 5
37 110000111 5
40 110001111 6
51 001100010 3
62 100101101 5
73 110000111 5

05 111100111 7 match 2
16 001100110 4 match 3
27 100011000 3 match 4
30 110101110 6
41 000001010 2
52 100101001 4
63 110110010 5 match 0
74 110100110 5 match 1

06 111100011 6
17 001010011 4
20 100110001 4 match 6
31 000101011 4
42 101000001 3
53 110110110 6
64 110010011 5
75 111001110 6

07 111010110 6
10 001111010 5
21 010110100 4
32 101100000 3
43 111011110 7
54 110010111 6
65 111111011 8
76 111001010 5

Matching output
0 36 63
1 47 74
2 50 05
3 61 16
4 72 27
5 absent
6 02 20
7 absent

Left
36 47 50 61 72 03x
63 74 05 16 27 30x
Best: XOR-NOT36 47 50 61 72: 5

Right
none
Best: none

Selecting

Lefts
Identity none
NOT none
Constant none
AND none
OR none
XOR none
AND-NOT none
OR-NOT OR-NOT63: 1
XOR-NOT XOR-NOT36 47 50 61 72: 5

Rights
Identity none
NOT none
Constant C1: 1
AND none
OR OR13: 1
XOR none
AND-NOT none
OR-NOT OR-NOT34: 1
XOR-NOT none

Left longest: 5
Right longest: 1

Left winner: Identity no, NOT no, Constant no, AND no, OR no, XOR no, AND-NOT no, OR-NOT no, XOR-NOT yes
Right winner: Identity no, NOT no, Constant yes, AND no, OR no, XOR no, AND-NOT no, OR-NOT no, XOR-NOT no

Best left: XOR-NOT36 47 50 61 72: 5
Best right: C1: 1

Truncated left: XOR-NOT36 47 50 61 72: 5
Truncated right: C1: 1

Tentative from right
7 C1
6 pending
5 pending
4 pending
3 pending
2 pending
1 pending
0 pending

Tentative
0 XOR-NOT36
1 XOR-NOT47
2 XOR-NOT50
3 XOR-NOT61
4 XOR-NOT72
5 pending
6 pending
7 C1

Preferred from left
0 XOR-NOT36
1 XOR-NOT47
2 XOR-NOT50
3 XOR-NOT61
4 XOR-NOT72
5 ?03
6 ?14
7 C1

Preferred from right
7 C1
6 ?14
5 ?03
4 XOR-NOT72
3 XOR-NOT61
2 XOR-NOT50
1 XOR-NOT47
0 XOR-NOT36

Preferred
0 XOR-NOT36
1 XOR-NOT47
2 XOR-NOT50
3 XOR-NOT61
4 XOR-NOT72
5 ?03 ?30
6 ?14 ?41
7 C1

Matching
0 XOR-NOT36
1 XOR-NOT47
2 XOR-NOT50
3 XOR-NOT61
4 XOR-NOT72
5 ?03 ?30 - Identity absent, NOT NOT3, Constant absent, AND absent, OR absent, XOR absent, AND-NOT absent, OR-NOT absent, XOR-NOT absent
6 ?14 ?41 - Identity absent, NOT NOT4, Constant absent, AND absent, OR absent, XOR absent, AND-NOT14, OR-NOT absent, XOR-NOT absent
7 C1

Perfect match
Identity no
NOT yes
Constant no
AND no
OR no
XOR no
AND-NOT no
OR-NOT no
XOR-NOT no

Matched
0 XOR-NOT36
1 XOR-NOT47
2 XOR-NOT50
3 XOR-NOT61
4 XOR-NOT72
5 NOT3
6 NOT4
7 C1

Selected
0 XOR-NOT36
1 XOR-NOT47
2 XOR-NOT50
3 XOR-NOT61
4 XOR-NOT72
5 NOT3
6 NOT4
7 C1

Applying to 01101010
Input
0 0
1 1
2 1
3 0
4 1
5 0
6 1
7 0
Output
0 XOR-NOT36 = XOR(0,NOT(1)) = 0
1 XOR-NOT47 = XOR(1,NOT(0)) = 0
2 XOR-NOT50 = XOR(0,NOT(0)) = 1
3 XOR-NOT61 = XOR(1,NOT(1)) = 1
4 XOR-NOT72 = XOR(0,NOT(1)) = 0
5 NOT3 = NOT(0) = 1
6 NOT4 = NOT(1) = 0
7 C1 = 1

I will now return the answer in \boxed{}
The answer in \boxed is
\boxed{00110101}