We need to deduce the transformation by matching the example outputs.
I will put my final answer inside \boxed{}.

Output 0: 10000011
0 1
1 0
2 0
3 0
4 0
5 0
6 1
7 1

Output 1: 11010011
0 1
1 1
2 0
3 1
4 0
5 0
6 1
7 1

Output 2: 11010001
0 1
1 1
2 0
3 1
4 0
5 0
6 0
7 1

Output 3: 01100011
0 0
1 1
2 1
3 0
4 0
5 0
6 1
7 1

Output 4: 01010011
0 0
1 1
2 0
3 1
4 0
5 0
6 1
7 1

Output 5: 10000001
0 1
1 0
2 0
3 0
4 0
5 0
6 0
7 1

Output 6: 10100001
0 1
1 0
2 1
3 0
4 0
5 0
6 0
7 1

Output 7: 11110000
0 1
1 1
2 1
3 1
4 0
5 0
6 0
7 0

Output 8: 00000011
0 0
1 0
2 0
3 0
4 0
5 0
6 1
7 1

Output 9: 01110000
0 0
1 1
2 1
3 1
4 0
5 0
6 0
7 0

Output bit columns (with bitsum as hash)
0 1110011100 6
1 0111100101 6
2 0001001101 4
3 0110100101 5
4 0000000000 a
5 0000000000 a
6 1101100010 5
7 1111111010 8

Input 0: 11001000
0 1
1 1
2 0
3 0
4 1
5 0
6 0
7 0

Input 1: 11101101
0 1
1 1
2 1
3 0
4 1
5 1
6 0
7 1

Input 2: 01001101
0 0
1 1
2 0
3 0
4 1
5 1
6 0
7 1

Input 3: 11010110
0 1
1 1
2 0
3 1
4 0
5 1
6 1
7 0

Input 4: 11010101
0 1
1 1
2 0
3 1
4 0
5 1
6 0
7 1

Input 5: 01011000
0 0
1 1
2 0
3 1
4 1
5 0
6 0
7 0

Input 6: 01001010
0 0
1 1
2 0
3 0
4 1
5 0
6 1
7 0

Input 7: 00001111
0 0
1 0
2 0
3 0
4 1
5 1
6 1
7 1

Input 8: 11010000
0 1
1 1
2 0
3 1
4 0
5 0
6 0
7 0

Input 9: 00000111
0 0
1 0
2 0
3 0
4 0
5 1
6 1
7 1

When matching output
x: not in operator
y: wrong position

Identity
0 1101100010 5 match 6
1 1111111010 8 match 7
2 0100000000 1
3 0001110010 4
4 1110011100 6 match 0
5 0111100101 6 match 1
6 0001001101 4 match 2
7 0110100101 5 match 3

Matching output
0 4
1 5
2 6
3 7
4 absent
5 absent
6 0
7 1

Left
4 5 6 7 0y
Best: I4 5 6 7: 4

Right
1 0 7y
Best: I1 0: 2

NOT
0 0010011101 5
1 0000000101 2
2 1011111111 9
3 1110001101 6
4 0001100011 4
5 1000011010 4
6 1110110010 6
7 1001011010 5

Matching output
0 absent
1 absent
2 absent
3 absent
4 absent
5 absent
6 absent
7 absent

Left
none
Best: none

Right
none
Best: none

Constant
0 0000000000 a match 4 5
1 1111111111 a

Matching output
0 absent
1 absent
2 absent
3 absent
4 C0
5 C0
6 absent
7 absent

Left
none
Best: none

Right
none
Best: none

AND
01 10 1101100010 5 match 6
12 21 0100000000 1
23 32 0000000000 a match 4 5
34 43 0000010000 1
45 54 0110000100 3
56 65 0001000101 3
67 76 0000000101 2
70 07 0100100000 2

02 20 0100000000 1
13 31 0001110010 4
24 42 0100000000 1
35 53 0001100000 2
46 64 0000001100 2
57 75 0110100101 5 match 3
60 06 0001000000 1
71 17 0110100000 3

03 30 0001100010 3
14 41 1110011000 5
25 52 0100000000 1
36 63 0001000000 1
47 74 0110000100 3
50 05 0101100000 3
61 16 0001001000 2
72 27 0100000000 1

04 40 1100000000 2
15 51 0111100000 4
26 62 0000000000 a match 4 5
37 73 0000100000 1

Matching output
0 absent
1 absent
2 absent
3 57 75
4 23 32 26 62
5 23 32 26 62
6 01 10
7 absent

Left
none
Best: none

Right
none
Best: none

OR
01 10 1111111010 8 match 7
12 21 1111111010 8 match 7
23 32 0101110010 5
34 43 1111111110 9
45 54 1111111101 9
56 65 0111101101 7
67 76 0111101101 7
70 07 1111100111 8

02 20 1101100010 5 match 6
13 31 1111111010 8 match 7
24 42 1110011100 6 match 0
35 53 0111110111 8
46 64 1111011101 8
57 75 0111100101 6 match 1
60 06 1101101111 8
71 17 1111111111 a

03 30 1101110010 6
14 41 1111111110 9
25 52 0111100101 6 match 1
36 63 0001111111 7
47 74 1110111101 8
50 05 1111100111 8
61 16 1111111111 a
72 27 0110100101 5 match 3

04 40 1111111110 9
15 51 1111111111 a
26 62 0101001101 5
37 73 0111110111 8

Matching output
0 24 42
1 57 75 25 52
2 absent
3 72 27
4 absent
5 absent
6 02 20
7 01 10 12 21 13 31

Left
24 35x
42 53x
Best: OR24: 1

Right
01 70x
10 07x
12 01y
21 10y
13 02 71x
31 20 17x
Best: OR13 02: 2

XOR
01 10 0010011000 3
12 21 1011111010 7
23 32 0101110010 5
34 43 1111101110 8
45 54 1001111001 6
56 65 0110101000 4
67 76 0111101000 5
70 07 1011000111 6

02 20 1001100010 4
13 31 1110001000 4
24 42 1010011100 5
35 53 0110010111 6
46 64 1111010001 6
57 75 0001000000 1
60 06 1100101111 7
71 17 1001011111 7

03 30 1100010000 3
14 41 0001100110 4
25 52 0011100101 5
36 63 0000111111 6
47 74 1000111001 5
50 05 1010000111 5
61 16 1110110111 8
72 27 0010100101 4

04 40 0011111110 7
15 51 1000011111 6
26 62 0101001101 5
37 73 0111010111 7

Matching output
0 absent
1 absent
2 absent
3 absent
4 absent
5 absent
6 absent
7 absent

Left
none
Best: none

Right
none
Best: none

AND-NOT
01 0000000000 a match 4 5
12 1011111010 7
23 0100000000 1
34 0001100010 3
45 1000011000 3
56 0110100000 3
67 0001001000 2
70 0010000101 3

02 1001100010 4
13 1110001000 4
24 0000000000 a match 4 5
35 0000010010 2
46 1110010000 4
57 0001000000 1
60 0000001101 3
71 0000000101 2

03 1100000000 2
14 0001100010 3
25 0000000000 a match 4 5
36 0000110010 3
47 1000011000 3
50 0010000101 3
61 0000000101 2
72 0010100101 4

04 0001100010 3
15 1000011010 4
26 0100000000 1
37 0001010010 3
40 0010011100 4
51 0000000101 2
62 0001001101 4 match 2
73 0110000101 4

05 1000000010 2
16 1110110010 6
27 0000000000 a match 4 5
30 0000010000 1
41 0000000100 1
52 0011100101 5
63 0000001101 3
74 0000100001 2

06 1100100010 4
17 1001011010 5
20 0000000000 a match 4 5
31 0000000000 a match 4 5
42 1010011100 5
53 0110000101 4
64 0001000001 2
75 0000000000 a match 4 5

07 1001000010 3
10 0010011000 3
21 0000000000 a match 4 5
32 0001110010 4
43 1110001100 5
54 0001100001 3
65 0000001000 1
76 0110100000 3

Matching output
0 absent
1 absent
2 62
3 absent
4 01 24 25 27 20 31 75 21
5 01 24 25 27 20 31 75 21
6 absent
7 absent

Left
none
Best: none

Right
none
Best: none

OR-NOT
01 1101100111 7
12 1111111111 a
23 1110001101 6
34 0001110011 5
45 1110011110 7
56 1111110111 9
67 1001011111 7
70 0110111101 7

02 1111111111 a
13 1111111111 a
24 0101100011 5
35 1001111010 6
46 1110111110 8
57 1111111111 a
60 0011011101 6
71 0110100101 5 match 3

03 1111101111 9
14 1111111011 9
25 1100011010 5
36 1111110010 7
47 1111011110 8
50 0111111101 8
61 0001001101 4 match 2
72 1111111111 a

04 1101100011 6
15 1111111010 8 match 7
26 1110110010 6
37 1001111010 6
40 1110011101 7
51 0111100101 6 match 1
62 1011111111 9
73 1110101101 7

05 1101111010 7
16 1111111010 8 match 7
27 1101011010 6
30 0011111111 8
41 1110011101 7
52 1111111111 a
63 1111001101 7
74 0111100111 7

06 1111110010 7
17 1111111010 8 match 7
20 0110011101 6
31 0001110111 6
42 1111111111 a
53 1111101101 8
64 0001101111 6
75 1110111111 9

07 1101111010 7
10 1111111111 a
21 0100000101 3
32 1011111111 9
43 1110011101 7
54 0111100111 7
65 1001011111 7
76 1110110111 8

Matching output
0 absent
1 51
2 61
3 71
4 absent
5 absent
6 absent
7 15 16 17

Left
none
Best: none

Right
15 04x
16 05x
17 06x
Best: OR-NOT15: 1

XOR-NOT
01 1101100111 7
12 0100000101 3
23 1010001101 5
34 0000010001 2
45 0110000110 4
56 1001010111 6
67 1000010111 5
70 0100111000 4

02 0110011101 6
13 0001110111 6
24 0101100011 5
35 1001101000 4
46 0000101110 4
57 1110111111 9
60 0011010000 3
71 0110100000 3

03 0011101111 7
14 1110011001 6
25 1100011010 5
36 1111000000 4
47 0111000110 5
50 0101111000 5
61 0001001000 2
72 1101011010 6

04 1100000001 3
15 0111100000 4
26 1010110010 5
37 1000101000 3
40 1100000001 3
51 0111100000 4
62 1010110010 5
73 1000101000 3

05 0101111000 5
16 0001001000 2
27 1101011010 6
30 0011101111 7
41 1110011001 6
52 1100011010 5
63 1111000000 4
74 0111000110 5

06 0011010000 3
17 0110100000 3
20 0110011101 6
31 0001110111 6
42 0101100011 5
53 1001101000 4
64 0000101110 4
75 1110111111 9

07 0100111000 4
10 1101100111 7
21 0100000101 3
32 1010001101 5
43 0000010001 2
54 0110000110 4
65 1001010111 6
76 1000010111 5

Matching output
0 absent
1 absent
2 absent
3 absent
4 absent
5 absent
6 absent
7 absent

Left
none
Best: none

Right
none
Best: none

Selecting

Lefts
Identity I4 5 6 7: 4
NOT none
Constant none
AND none
OR OR24: 1
XOR none
AND-NOT none
OR-NOT none
XOR-NOT none

Rights
Identity I1 0: 2
NOT none
Constant none
AND none
OR OR13 02: 2
XOR none
AND-NOT none
OR-NOT OR-NOT15: 1
XOR-NOT none

Left longest: 4
Right longest: 2

Left winner: Identity yes, NOT no, Constant no, AND no, OR no, XOR no, AND-NOT no, OR-NOT no, XOR-NOT no
Right winner: Identity yes, NOT no, Constant no, AND no, OR no, XOR no, AND-NOT no, OR-NOT no, XOR-NOT no

Best left: I4 5 6 7: 4
Best right: I1 0: 2

Truncated left: I4 5 6 7: 4
Truncated right: I1 0: 2

Tentative from right
7 I1
6 I0
5 pending
4 pending
3 pending
2 pending
1 pending
0 pending

Tentative
0 I4
1 I5
2 I6
3 I7
4 pending
5 pending
6 I0
7 I1

Preferred from left
0 I4
1 I5
2 I6
3 I7
4 ?0?
5 ?1?
6 I0
7 I1

Preferred from right
7 I1
6 I0
5 ?17
4 ?06
3 I7
2 I6
1 I5
0 I4

Preferred
0 I4
1 I5
2 I6
3 I7
4 ?06 ?60
5 ?17 ?71
6 I0
7 I1

Matching
0 I4
1 I5
2 I6
3 I7
4 ?06 ?60 - Identity absent, NOT absent, Constant C0, AND absent, OR absent, XOR absent, AND-NOT absent, OR-NOT absent, XOR-NOT absent
5 ?17 ?71 - Identity absent, NOT absent, Constant C0, AND absent, OR absent, XOR absent, AND-NOT absent, OR-NOT absent, XOR-NOT absent
6 I0
7 I1

Perfect match
Identity no
NOT no
Constant yes
AND no
OR no
XOR no
AND-NOT no
OR-NOT no
XOR-NOT no

Matched
0 I4
1 I5
2 I6
3 I7
4 C0
5 C0
6 I0
7 I1

Selected
0 I4
1 I5
2 I6
3 I7
4 C0
5 C0
6 I0
7 I1

Applying to 10111001
Input
0 1
1 0
2 1
3 1
4 1
5 0
6 0
7 1
Output
0 I4 = 1
1 I5 = 0
2 I6 = 0
3 I7 = 1
4 C0 = 0
5 C0 = 0
6 I0 = 1
7 I1 = 0

I will now return the answer in \boxed{}
The answer in \boxed is
\boxed{10010010}