We need to deduce the transformation by matching the example outputs.
I will put my final answer inside \boxed{}.

Output 0: 10000011
0 1
1 0
2 0
3 0
4 0
5 0
6 1
7 1

Output 1: 10111001
0 1
1 0
2 1
3 1
4 1
5 0
6 0
7 1

Output 2: 01111000
0 0
1 1
2 1
3 1
4 1
5 0
6 0
7 0

Output 3: 10100011
0 1
1 0
2 1
3 0
4 0
5 0
6 1
7 1

Output 4: 00000011
0 0
1 0
2 0
3 0
4 0
5 0
6 1
7 1

Output 5: 00011010
0 0
1 0
2 0
3 1
4 1
5 0
6 1
7 0

Output 6: 00110110
0 0
1 0
2 1
3 1
4 0
5 1
6 1
7 0

Output 7: 01111011
0 0
1 1
2 1
3 1
4 1
5 0
6 1
7 1

Output 8: 01111100
0 0
1 1
2 1
3 1
4 1
5 1
6 0
7 0

Output 9: 11001111
0 1
1 1
2 0
3 0
4 1
5 1
6 1
7 1

Output bit columns (with bitsum as hash)
0 1101000001 4
1 0010000111 4
2 0111001110 6
3 0110011110 6
4 0110010111 6
5 0000001011 3
6 1001111101 7
7 1101100101 6

Input 0: 00010101
0 0
1 0
2 0
3 1
4 0
5 1
6 0
7 1

Input 1: 01100011
0 0
1 1
2 1
3 0
4 0
5 0
6 1
7 1

Input 2: 11000101
0 1
1 1
2 0
3 0
4 0
5 1
6 0
7 1

Input 3: 00011010
0 0
1 0
2 0
3 1
4 1
5 0
6 1
7 0

Input 4: 01010110
0 0
1 1
2 0
3 1
4 0
5 1
6 1
7 0

Input 5: 11010001
0 1
1 1
2 0
3 1
4 0
5 0
6 0
7 1

Input 6: 10100010
0 1
1 0
2 1
3 0
4 0
5 0
6 1
7 0

Input 7: 00111111
0 0
1 0
2 1
3 1
4 1
5 1
6 1
7 1

Input 8: 11000011
0 1
1 1
2 0
3 0
4 0
5 0
6 1
7 1

Input 9: 01110101
0 0
1 1
2 1
3 1
4 0
5 1
6 0
7 1

When matching output
x: not in operator
y: wrong position

Identity
0 0010011010 4
1 0110110011 6
2 0100001101 4
3 1001110101 6
4 0001000100 2
5 1010100101 5
6 0101101110 6
7 1110010111 7

Matching output
0 absent
1 absent
2 absent
3 absent
4 absent
5 absent
6 absent
7 absent

Left
none
Best: none

Right
none
Best: none

NOT
0 1101100101 6 match 7
1 1001001100 4
2 1011110010 6
3 0110001010 4
4 1110111011 8
5 0101011010 5
6 1010010001 4
7 0001101000 3

Matching output
0 absent
1 absent
2 absent
3 absent
4 absent
5 absent
6 absent
7 0

Left
none
Best: none

Right
0 7x
Best: NOT0: 1

Constant
0 0000000000 a
1 1111111111 a

Matching output
0 absent
1 absent
2 absent
3 absent
4 absent
5 absent
6 absent
7 absent

Left
none
Best: none

Right
none
Best: none

AND
01 10 0010010010 3
12 21 0100000001 2
23 32 0000000101 2
34 43 0001000100 2
45 54 0000000100 1
56 65 0000100100 2
67 76 0100000110 3
70 07 0010010010 3

02 20 0000001000 1
13 31 0000110001 3
24 42 0000000100 1
35 53 1000100101 4
46 64 0001000100 2
57 75 1010000101 4
60 06 0000001010 2
71 17 0110010011 5

03 30 0000010000 1
14 41 0000000000 a
25 52 0000000101 2
36 63 0001100100 3
47 74 0000000100 1
50 05 0010000000 1
61 16 0100100010 3
72 27 0100000101 3

04 40 0000000000 a
15 51 0010100001 3
26 62 0100001100 3
37 73 1000010101 4

Matching output
0 absent
1 absent
2 absent
3 absent
4 absent
5 absent
6 absent
7 absent

Left
none
Best: none

Right
none
Best: none

OR
01 10 0110111011 7
12 21 0110111111 8
23 32 1101111101 8
34 43 1001110101 6
45 54 1011100101 6
56 65 1111101111 9
67 76 1111111111 a
70 07 1110011111 8

02 20 0110011111 7
13 31 1111110111 9
24 42 0101001101 5
35 53 1011110101 7
46 64 0101101110 6
57 75 1110110111 8
60 06 0111111110 8
71 17 1110110111 8

03 30 1011111111 9
14 41 0111110111 8
25 52 1110101101 7
36 63 1101111111 9
47 74 1111010111 8
50 05 1010111111 8
61 16 0111111111 9
72 27 1110011111 8

04 40 0011011110 6
15 51 1110110111 8
26 62 0101101111 7
37 73 1111110111 9

Matching output
0 absent
1 absent
2 absent
3 absent
4 absent
5 absent
6 absent
7 absent

Left
none
Best: none

Right
none
Best: none

XOR
01 10 0100101001 4
12 21 0010111110 6
23 32 1101111000 6
34 43 1000110001 4
45 54 1011100001 5
56 65 1111001011 7
67 76 1011111001 7
70 07 1100001101 5

02 20 0110010111 6 match 4
13 31 1111000110 6
24 42 0101001001 4
35 53 0011010000 3
46 64 0100101010 4
57 75 0100110010 4
60 06 0111110100 6
71 17 1000100100 3

03 30 1011101111 8
14 41 0111110111 8
25 52 1110101000 5
36 63 1100011011 6
47 74 1111010011 7
50 05 1000111111 7
61 16 0011011101 6
72 27 1010011010 5

04 40 0011011110 6
15 51 1100010110 5
26 62 0001100011 4
37 73 0111100010 5

Matching output
0 absent
1 absent
2 absent
3 absent
4 02 20
5 absent
6 absent
7 absent

Left
none
Best: none

Right
none
Best: none

AND-NOT
01 0000001000 1
12 0010110010 4
23 0100001000 2
34 1000110001 4
45 0001000000 1
56 1010000001 3
67 0001101000 3
70 1100000101 4

02 0010010010 3
13 0110000010 3
24 0100001001 3
35 0001010000 2
46 0000000000 a
57 0000100000 1
60 0101100100 4
71 1000000100 2

03 0010001010 3
14 0110110011 6
25 0100001000 2
36 1000010001 3
47 0001000000 1
50 1000100101 4
61 0001001100 3
72 1010010010 4

04 0010011010 4
15 0100010010 3
26 0000000001 1
37 0001100000 2
40 0001000100 2
51 1000000100 2
62 0001100010 3
73 0110000010 3

05 0000011010 3
16 0010010001 3
27 0000001000 1
30 1001100101 5
41 0001000100 2
52 1010100000 3
63 0100001010 3
74 1110010011 6

06 0010010000 2
17 0000100000 1
20 0100000101 3
31 1001000100 3
42 0001000000 1
53 0010000000 1
64 0100101010 4
75 0100010010 3

07 0000001000 1
10 0100100001 3
21 0000001100 2
32 1001110000 4
43 0000000000 a
54 1010100001 4
65 0101001010 4
76 1010010001 4

Matching output
0 absent
1 absent
2 absent
3 absent
4 absent
5 absent
6 absent
7 absent

Left
none
Best: none

Right
none
Best: none

OR-NOT
01 1011011110 7
12 1111110011 8
23 0110001111 6
34 1111111111 a
45 0101011110 6
56 1010110101 6
67 0101101110 6
70 1111110111 9

02 1011111010 7
13 0110111011 7
24 1110111111 9
35 1101111111 9
46 1011010101 6
57 1011101101 7
60 1101101111 8
71 1111011111 9

03 0110011010 5
14 1110111011 8
25 0101011111 7
36 1011110101 7
47 0001101100 4
50 1111100101 7
61 1101101110 7
72 1111110111 9

04 1110111011 8
15 0111111011 8
26 1110011101 7
37 1001111101 7 match 6
40 1101100101 6 match 7
51 1011101101 7
62 1111111110 9
73 1110011111 8

05 0111011010 6
16 1110110011 7
27 0101101101 6
30 1101110101 7
41 1001001100 4
52 1011110111 8
63 0111101110 7
74 1110111111 9

06 1010011011 6
17 0111111011 8
20 1101101101 7
31 1001111101 7 match 6
42 1011110110 7
53 1110101111 8
64 1111111111 a
75 1111011111 9

07 0011111010 6
10 1111110111 9
21 1101001101 6
32 1011110111 8
43 0111001110 6 match 2
54 1110111111 9
65 0101111110 7
76 1110010111 7

Matching output
0 absent
1 absent
2 43
3 absent
4 absent
5 absent
6 37 31
7 40

Left
none
Best: none

Right
40 37 26x
Best: OR-NOT40 37: 2

XOR-NOT
01 1011010110 6
12 1101000001 4 match 0
23 0010000111 4 match 1
34 0111001110 6 match 2
45 0100011110 5
56 0000110100 3
67 0100000110 3
70 0011110010 5

02 1001101000 4
13 0000111001 4
24 1010110110 6
35 1100101111 7
46 1011010101 6
57 1011001101 6
60 1000001011 4
71 0111011011 7

03 0100010000 2
14 1000001000 2
25 0001010111 5
36 0011100100 4
47 0000101100 3
50 0111000000 3
61 1100100010 4
72 0101100101 5

04 1100100001 4
15 0011101001 5
26 1110011100 6
37 1000011101 5
40 1100100001 4
51 0011101001 5
62 1110011100 6
73 1000011101 5

05 0111000000 3
16 1100100010 4
27 0101100101 5
30 0100010000 2
41 1000001000 2
52 0001010111 5
63 0011100100 4
74 0000101100 3

06 1000001011 4
17 0111011011 7
20 1001101000 4
31 0000111001 4
42 1010110110 6
53 1100101111 7
64 1011010101 6
75 1011001101 6

07 0011110010 5
10 1011010110 6
21 1101000001 4 match 0
32 0010000111 4 match 1
43 0111001110 6 match 2
54 0100011110 5
65 0000110100 3
76 0100000110 3

Matching output
0 12 21
1 23 32
2 34 43
3 absent
4 absent
5 absent
6 absent
7 absent

Left
12 23 34 45x
21 32 43 54x
Best: XOR-NOT12 23 34: 3

Right
none
Best: none

Selecting

Lefts
Identity none
NOT none
Constant none
AND none
OR none
XOR none
AND-NOT none
OR-NOT none
XOR-NOT XOR-NOT12 23 34: 3

Rights
Identity none
NOT NOT0: 1
Constant none
AND none
OR none
XOR none
AND-NOT none
OR-NOT OR-NOT40 37: 2
XOR-NOT none

Left longest: 3
Right longest: 2

Left winner: Identity no, NOT no, Constant no, AND no, OR no, XOR no, AND-NOT no, OR-NOT no, XOR-NOT yes
Right winner: Identity no, NOT no, Constant no, AND no, OR no, XOR no, AND-NOT no, OR-NOT yes, XOR-NOT no

Best left: XOR-NOT12 23 34: 3
Best right: OR-NOT40 37: 2

Truncated left: XOR-NOT12 23 34: 3
Truncated right: OR-NOT40 37: 2

Tentative from right
7 OR-NOT40
6 OR-NOT37
5 pending
4 pending
3 pending
2 pending
1 pending
0 pending

Tentative
0 XOR-NOT12
1 XOR-NOT23
2 XOR-NOT34
3 pending
4 pending
5 pending
6 OR-NOT37
7 OR-NOT40

Preferred from left
0 XOR-NOT12
1 XOR-NOT23
2 XOR-NOT34
3 ?45
4 ?56
5 ?67
6 OR-NOT37
7 OR-NOT40

Preferred from right
7 OR-NOT40
6 OR-NOT37
5 ?67
4 ?56
3 ?45
2 XOR-NOT34
1 XOR-NOT23
0 XOR-NOT12

Preferred
0 XOR-NOT12
1 XOR-NOT23
2 XOR-NOT34
3 ?45 ?54
4 ?56 ?65
5 ?67 ?76
6 OR-NOT37
7 OR-NOT40

Matching
0 XOR-NOT12
1 XOR-NOT23
2 XOR-NOT34
3 ?45 ?54 - Identity absent, NOT absent, Constant absent, AND absent, OR absent, XOR absent, AND-NOT absent, OR-NOT absent, XOR-NOT absent
4 ?56 ?65 - Identity absent, NOT absent, Constant absent, AND absent, OR absent, XOR absent, AND-NOT absent, OR-NOT absent, XOR-NOT absent
5 ?67 ?76 - Identity absent, NOT absent, Constant absent, AND absent, OR absent, XOR absent, AND-NOT absent, OR-NOT absent, XOR-NOT absent
6 OR-NOT37
7 OR-NOT40

Perfect match
Identity no
NOT no
Constant no
AND no
OR no
XOR no
AND-NOT no
OR-NOT no
XOR-NOT no

Matched
0 XOR-NOT12
1 XOR-NOT23
2 XOR-NOT34
3 none
4 none
5 none
6 OR-NOT37
7 OR-NOT40

Selected
0 XOR-NOT12
1 XOR-NOT23
2 XOR-NOT34
3 default 1
4 default 1
5 default 1
6 OR-NOT37
7 OR-NOT40

Applying to 01101001
Input
0 0
1 1
2 1
3 0
4 1
5 0
6 0
7 1
Output
0 XOR-NOT12 = XOR(1,NOT(1)) = 1
1 XOR-NOT23 = XOR(1,NOT(0)) = 0
2 XOR-NOT34 = XOR(0,NOT(1)) = 0
3 default 1 = 1
4 default 1 = 1
5 default 1 = 1
6 OR-NOT37 = OR(0,NOT(1)) = 0
7 OR-NOT40 = OR(1,NOT(0)) = 1

I will now return the answer in \boxed{}
The answer in \boxed is
\boxed{10011101}