We need to deduce the transformation by matching the example outputs.
I will put my final answer inside \boxed{}.

Output 0: 11000011
0 1
1 1
2 0
3 0
4 0
5 0
6 1
7 1

Output 1: 11000001
0 1
1 1
2 0
3 0
4 0
5 0
6 0
7 1

Output 2: 11010111
0 1
1 1
2 0
3 1
4 0
5 1
6 1
7 1

Output 3: 10111101
0 1
1 0
2 1
3 1
4 1
5 1
6 0
7 1

Output 4: 10010011
0 1
1 0
2 0
3 1
4 0
5 0
6 1
7 1

Output 5: 01000010
0 0
1 1
2 0
3 0
4 0
5 0
6 1
7 0

Output 6: 01110111
0 0
1 1
2 1
3 1
4 0
5 1
6 1
7 1

Output 7: 11101011
0 1
1 1
2 1
3 0
4 1
5 0
6 1
7 1

Output 8: 01110111
0 0
1 1
2 1
3 1
4 0
5 1
6 1
7 1

Output bit columns (with bitsum as hash)
0 111110010 6
1 111001111 7
2 000100111 4
3 001110101 5
4 000100010 2
5 001100101 4
6 101011111 7
7 111110111 8

Input 0: 01011110
0 0
1 1
2 0
3 1
4 1
5 1
6 1
7 0

Input 1: 01111111
0 0
1 1
2 1
3 1
4 1
5 1
6 1
7 1

Input 2: 00010100
0 0
1 0
2 0
3 1
4 0
5 1
6 0
7 0

Input 3: 00000001
0 0
1 0
2 0
3 0
4 0
5 0
6 0
7 1

Input 4: 01110110
0 0
1 1
2 1
3 1
4 0
5 1
6 1
7 0

Input 5: 10111111
0 1
1 0
2 1
3 1
4 1
5 1
6 1
7 1

Input 6: 01000100
0 0
1 1
2 0
3 0
4 0
5 1
6 0
7 0

Input 7: 01001010
0 0
1 1
2 0
3 0
4 1
5 0
6 1
7 0

Input 8: 11100101
0 1
1 1
2 1
3 0
4 0
5 1
6 0
7 1

When matching output
x: not in operator
y: wrong position

Identity
0 000001001 2
1 110010111 6
2 010011001 4
3 111011000 5
4 110001010 4
5 111011101 7
6 110011010 5
7 010101001 4

Matching output
0 absent
1 absent
2 absent
3 absent
4 absent
5 absent
6 absent
7 absent

Left
none
Best: none

Right
none
Best: none

NOT
0 111110110 7
1 001101000 3
2 101100110 5
3 000100111 4 match 2
4 001110101 5 match 3
5 000100010 2 match 4
6 001100101 4 match 5
7 101010110 5

Matching output
0 absent
1 absent
2 3
3 4
4 5
5 6
6 absent
7 absent

Left
none
Best: none

Right
none
Best: none

Constant
0 000000000 a
1 111111111 a

Matching output
0 absent
1 absent
2 absent
3 absent
4 absent
5 absent
6 absent
7 absent

Left
none
Best: none

Right
none
Best: none

AND
01 10 000000001 1
12 21 010010001 3
23 32 010011000 3
34 43 110001000 3
45 54 110001000 3
56 65 110011000 4
67 76 010001000 2
70 07 000001001 2

02 20 000001001 2
13 31 110010000 3
24 42 010001000 2
35 53 111011000 5
46 64 110001010 4
57 75 010001001 3
60 06 000001000 1
71 17 010000001 2

03 30 000001000 1
14 41 110000010 3
25 52 010011001 4
36 63 110011000 4
47 74 010001000 2
50 05 000001001 2
61 16 110010010 4
72 27 010001001 3

04 40 000001000 1
15 51 110010101 5
26 62 010011000 3
37 73 010001000 2

Matching output
0 absent
1 absent
2 absent
3 absent
4 absent
5 absent
6 absent
7 absent

Left
none
Best: none

Right
none
Best: none

OR
01 10 110011111 7
12 21 110011111 7
23 32 111011001 6
34 43 111011010 6
45 54 111011111 8
56 65 111011111 8
67 76 110111011 7
70 07 010101001 4

02 20 010011001 4
13 31 111011111 8
24 42 110011011 6
35 53 111011101 7
46 64 110011010 5
57 75 111111101 8
60 06 110011011 6
71 17 110111111 8

03 30 111011001 6
14 41 110011111 7
25 52 111011101 7
36 63 111011010 6
47 74 110101011 6
50 05 111011101 7
61 16 110011111 7
72 27 010111001 5

04 40 110001011 5
15 51 111011111 8
26 62 110011011 6
37 73 111111001 7

Matching output
0 absent
1 absent
2 absent
3 absent
4 absent
5 absent
6 absent
7 absent

Left
none
Best: none

Right
none
Best: none

XOR
01 10 110011110 6
12 21 100001110 4
23 32 101000001 3
34 43 001010010 3
45 54 001010111 5
56 65 001000111 4
67 76 100110011 5
70 07 010100000 2

02 20 010010000 2
13 31 001001111 5
24 42 100010011 4
35 53 000000101 2
46 64 000010000 1
57 75 101110100 5
60 06 110010011 5
71 17 100111110 6

03 30 111010001 5
14 41 000011101 4
25 52 101000100 3
36 63 001000010 2
47 74 100100011 4
50 05 111010100 5
61 16 000001101 3
72 27 000110000 2

04 40 110000011 4
15 51 001001010 3
26 62 100000011 3
37 73 101110001 5

Matching output
0 absent
1 absent
2 absent
3 absent
4 absent
5 absent
6 absent
7 absent

Left
none
Best: none

Right
none
Best: none

AND-NOT
01 000001000 1
12 100000110 3
23 000000001 1
34 001010000 2
45 000000010 1
56 001000101 3
67 100010010 3
70 010100000 2

02 000000000 a
13 000000111 3
24 000010001 2
35 000000000 a
46 000000000 a
57 101010100 4
60 110010010 4
71 000101000 2

03 000000001 1
14 000010101 3
25 000000000 a
36 001000000 1
47 100000010 2
50 111010100 5
61 000001000 1
72 000100000 1

04 000000001 1
15 000000010 1
26 000000001 1
37 101010000 3
40 110000010 3
51 001001000 2
62 100000010 2
73 000100001 2

05 000000000 a
16 000000101 2
27 000010000 1
30 111010000 4
41 000001000 1
52 101000100 3
63 000000010 1
74 000100001 2

06 000000001 1
17 100010110 4
20 010010000 2
31 001001000 2
42 100000010 2
53 000000101 2
64 000010000 1
75 000100000 1

07 000000000 a
10 110010110 5
21 000001000 1
32 101000000 2
43 000000010 1
54 001010101 4
65 000000010 1
76 000100001 2

Matching output
0 absent
1 absent
2 absent
3 absent
4 absent
5 absent
6 absent
7 absent

Left
none
Best: none

Right
none
Best: none

OR-NOT
01 001101001 4
12 111110111 8 match 7
23 010111111 7
34 111111101 8
45 110101010 5
56 111111101 8
67 111011110 7
70 111111111 a

02 101101111 7
13 110110111 7
24 011111101 7
35 111111010 7
46 111101111 8
57 111011111 8
60 111111110 8
71 011101001 5

03 000101111 5
14 111110111 8 match 7
25 010111011 6
36 111111101 8
47 111011110 7
50 111111111 a
61 111111010 7
72 111101111 8

04 001111101 6
15 110110111 7
26 011111101 7
37 111011110 7
40 111111110 8
51 111111101 8
62 111111110 8
73 010101111 6

05 000101011 4
16 111110111 8 match 7
27 111011111 8
30 111111110 8
41 111101010 6
52 111111111 a
63 110111111 8
74 011111101 7

06 001101101 5
17 111010111 7
20 111111111 a
31 111111000 6
42 111101110 7
53 111111111 a
64 111111111 a
75 010101011 5

07 101011111 7 match 6
10 111110111 8 match 7
21 011111001 6
32 111111110 8
43 110101111 7
54 111111101 8
65 110111010 6
76 011101101 6

Matching output
0 absent
1 absent
2 absent
3 absent
4 absent
5 absent
6 07
7 12 14 16 10

Left
none
Best: none

Right
12 01x
14 03x
16 05x
10 07 76x
Best: OR-NOT10 07: 2

XOR-NOT
01 001100001 3
12 011110001 5
23 010111110 6
34 110101101 6
45 110101000 4
56 110111000 5
67 011001100 4
70 101011111 7 match 6

02 101101111 7
13 110110000 4
24 011101100 5
35 111111010 7
46 111101111 8
57 010001011 4
60 001101100 4
71 011000001 3

03 000101110 4
14 111100010 5
25 010111011 6
36 110111101 7
47 011011100 5
50 000101011 4
61 111110010 6 match 0
72 111001111 7 match 1

04 001111100 5
15 110110101 6
26 011111100 6
37 010001110 4
40 001111100 5
51 110110101 6
62 011111100 6
73 010001110 4

05 000101011 4
16 111110010 6 match 0
27 111001111 7 match 1
30 000101110 4
41 111100010 5
52 010111011 6
63 110111101 7
74 011011100 5

06 001101100 4
17 011000001 3
20 101101111 7
31 110110000 4
42 011101100 5
53 111111010 7
64 111101111 8
75 010001011 4

07 101011111 7 match 6
10 001100001 3
21 011110001 5
32 010111110 6
43 110101101 6
54 110101000 4
65 110111000 5
76 011001100 4

Matching output
0 61 16
1 72 27
2 absent
3 absent
4 absent
5 absent
6 70 07
7 absent

Left
61 72 03x
16 27 30x
Best: XOR-NOT61 72: 2

Right
none
Best: none

Selecting

Lefts
Identity none
NOT none
Constant none
AND none
OR none
XOR none
AND-NOT none
OR-NOT none
XOR-NOT XOR-NOT61 72: 2

Rights
Identity none
NOT none
Constant none
AND none
OR none
XOR none
AND-NOT none
OR-NOT OR-NOT10 07: 2
XOR-NOT none

Left longest: 2
Right longest: 2

Left winner: Identity no, NOT no, Constant no, AND no, OR no, XOR no, AND-NOT no, OR-NOT no, XOR-NOT yes
Right winner: Identity no, NOT no, Constant no, AND no, OR no, XOR no, AND-NOT no, OR-NOT yes, XOR-NOT no

Best left: XOR-NOT61 72: 2
Best right: OR-NOT10 07: 2

Truncated left: XOR-NOT61 72: 2
Truncated right: OR-NOT10 07: 2

Tentative from right
7 OR-NOT10
6 OR-NOT07
5 pending
4 pending
3 pending
2 pending
1 pending
0 pending

Tentative
0 XOR-NOT61
1 XOR-NOT72
2 pending
3 pending
4 pending
5 pending
6 OR-NOT07
7 OR-NOT10

Preferred from left
0 XOR-NOT61
1 XOR-NOT72
2 ?03
3 ?14
4 ?25
5 ?36
6 OR-NOT07
7 OR-NOT10

Preferred from right
7 OR-NOT10
6 OR-NOT07
5 ?36
4 ?25
3 ?14
2 ?03
1 XOR-NOT72
0 XOR-NOT61

Preferred
0 XOR-NOT61
1 XOR-NOT72
2 ?03 ?30
3 ?14 ?41
4 ?25 ?52
5 ?36 ?63
6 OR-NOT07
7 OR-NOT10

Matching
0 XOR-NOT61
1 XOR-NOT72
2 ?03 ?30 - Identity absent, NOT NOT3, Constant absent, AND absent, OR absent, XOR absent, AND-NOT absent, OR-NOT absent, XOR-NOT absent
3 ?14 ?41 - Identity absent, NOT NOT4, Constant absent, AND absent, OR absent, XOR absent, AND-NOT absent, OR-NOT absent, XOR-NOT absent
4 ?25 ?52 - Identity absent, NOT NOT5, Constant absent, AND absent, OR absent, XOR absent, AND-NOT absent, OR-NOT absent, XOR-NOT absent
5 ?36 ?63 - Identity absent, NOT NOT6, Constant absent, AND absent, OR absent, XOR absent, AND-NOT absent, OR-NOT absent, XOR-NOT absent
6 OR-NOT07
7 OR-NOT10

Perfect match
Identity no
NOT yes
Constant no
AND no
OR no
XOR no
AND-NOT no
OR-NOT no
XOR-NOT no

Matched
0 XOR-NOT61
1 XOR-NOT72
2 NOT3
3 NOT4
4 NOT5
5 NOT6
6 OR-NOT07
7 OR-NOT10

Selected
0 XOR-NOT61
1 XOR-NOT72
2 NOT3
3 NOT4
4 NOT5
5 NOT6
6 OR-NOT07
7 OR-NOT10

Applying to 01101111
Input
0 0
1 1
2 1
3 0
4 1
5 1
6 1
7 1
Output
0 XOR-NOT61 = XOR(1,NOT(1)) = 1
1 XOR-NOT72 = XOR(1,NOT(1)) = 1
2 NOT3 = NOT(0) = 1
3 NOT4 = NOT(1) = 0
4 NOT5 = NOT(1) = 0
5 NOT6 = NOT(1) = 0
6 OR-NOT07 = OR(0,NOT(1)) = 0
7 OR-NOT10 = OR(1,NOT(0)) = 1

I will now return the answer in \boxed{}
The answer in \boxed is
\boxed{11100001}