We need to deduce the transformation by matching the example outputs.
I will put my final answer inside \boxed{}.

Output 0: 00000011
0 0
1 0
2 0
3 0
4 0
5 0
6 1
7 1

Output 1: 00000101
0 0
1 0
2 0
3 0
4 0
5 1
6 0
7 1

Output 2: 00000100
0 0
1 0
2 0
3 0
4 0
5 1
6 0
7 0

Output 3: 00000000
0 0
1 0
2 0
3 0
4 0
5 0
6 0
7 0

Output 4: 00000010
0 0
1 0
2 0
3 0
4 0
5 0
6 1
7 0

Output 5: 00000001
0 0
1 0
2 0
3 0
4 0
5 0
6 0
7 1

Output 6: 00000111
0 0
1 0
2 0
3 0
4 0
5 1
6 1
7 1

Output bit columns (with bitsum as hash)
0 0000000 a
1 0000000 a
2 0000000 a
3 0000000 a
4 0000000 a
5 0110001 3
6 1000101 3
7 1100011 4

Input 0: 01101101
0 0
1 1
2 1
3 0
4 1
5 1
6 0
7 1

Input 1: 10110110
0 1
1 0
2 1
3 1
4 0
5 1
6 1
7 0

Input 2: 10000000
0 1
1 0
2 0
3 0
4 0
5 0
6 0
7 0

Input 3: 00010100
0 0
1 0
2 0
3 1
4 0
5 1
6 0
7 0

Input 4: 01010011
0 0
1 1
2 0
3 1
4 0
5 0
6 1
7 1

Input 5: 00111110
0 0
1 0
2 1
3 1
4 1
5 1
6 1
7 0

Input 6: 11100101
0 1
1 1
2 1
3 0
4 0
5 1
6 0
7 1

When matching output
x: not in operator
y: wrong position

Identity
0 0110001 3 match 5
1 1000101 3 match 6
2 1100011 4 match 7
3 0101110 4
4 1000010 2
5 1101011 5
6 0100110 3
7 1000101 3 match 6

Matching output
0 absent
1 absent
2 absent
3 absent
4 absent
5 0
6 1 7
7 2

Left
none
Best: none

Right
2 1 0 7y
Best: I2 1 0: 3

NOT
0 1001110 4
1 0111010 4
2 0011100 3
3 1010001 3
4 0111101 5
5 0010100 2
6 1011001 4
7 0111010 4

Matching output
0 absent
1 absent
2 absent
3 absent
4 absent
5 absent
6 absent
7 absent

Left
none
Best: none

Right
none
Best: none

Constant
0 0000000 a match 0 1 2 3 4
1 1111111 a

Matching output
0 C0
1 C0
2 C0
3 C0
4 C0
5 absent
6 absent
7 absent

Left
0 0 0 0 0
Best: C0 0 0 0 0: 5

Right
none
Best: none

AND
01 10 0000001 1
12 21 1000001 2
23 32 0100010 2
34 43 0000010 1
45 54 1000010 2
56 65 0100010 2
67 76 0000100 1
70 07 0000001 1

02 20 0100001 2
13 31 0000100 1
24 42 1000010 2
35 53 0101010 3
46 64 0000010 1
57 75 1000001 2
60 06 0100000 1
71 17 1000101 3 match 6

03 30 0100000 1
14 41 1000000 1
25 52 1100011 4 match 7
36 63 0100110 3
47 74 1000000 1
50 05 0100001 2
61 16 0000100 1
72 27 1000001 2

04 40 0000000 a match 0 1 2 3 4
15 51 1000001 2
26 62 0100010 2
37 73 0000100 1

Matching output
0 04 40
1 04 40
2 04 40
3 04 40
4 04 40
5 absent
6 71 17
7 25 52

Left
04 15x
40 51x
Best: AND04: 1

Right
25 14x
52 41x
Best: AND25: 1

OR
01 10 1110101 5
12 21 1100111 5
23 32 1101111 6
34 43 1101110 5
45 54 1101011 5
56 65 1101111 6
67 76 1100111 5
70 07 1110101 5

02 20 1110011 5
13 31 1101111 6
24 42 1100011 4 match 7
35 53 1101111 6
46 64 1100110 4
57 75 1101111 6
60 06 0110111 5
71 17 1000101 3 match 6

03 30 0111111 6
14 41 1000111 4
25 52 1101011 5
36 63 0101110 4
47 74 1000111 4
50 05 1111011 6
61 16 1100111 5
72 27 1100111 5

04 40 1110011 5
15 51 1101111 6
26 62 1100111 5
37 73 1101111 6

Matching output
0 absent
1 absent
2 absent
3 absent
4 absent
5 absent
6 71 17
7 24 42

Left
none
Best: none

Right
24 13x
42 31x
Best: OR24: 1

XOR
01 10 1110100 4
12 21 0100110 3
23 32 1001101 4
34 43 1101100 4
45 54 0101001 3
56 65 1001101 4
67 76 1100011 4 match 7
70 07 1110100 4

02 20 1010010 3
13 31 1101011 5
24 42 0100001 2
35 53 1000101 3 match 6
46 64 1100100 3
57 75 0101110 4
60 06 0010111 4
71 17 0000000 a match 0 1 2 3 4

03 30 0011111 5
14 41 0000111 3
25 52 0001000 1
36 63 0001000 1
47 74 0000111 3
50 05 1011010 4
61 16 1100011 4 match 7
72 27 0100110 3

04 40 1110011 5
15 51 0101110 4
26 62 1000101 3 match 6
37 73 1101011 5

Matching output
0 71 17
1 71 17
2 71 17
3 71 17
4 71 17
5 absent
6 35 53 26 62
7 67 76 61 16

Left
71 02x
17 20x
Best: XOR71: 1

Right
67 56x
76 65x
61 50x
16 05x
Best: XOR67: 1

AND-NOT
01 0110000 2
12 0000100 1
23 1000001 2
34 0101100 3
45 0000000 a match 0 1 2 3 4
56 1001001 3
67 0100010 2
70 1000100 2

02 0010000 1
13 1000001 2
24 0100001 2
35 0000100 1
46 1000000 1
57 0101010 3
60 0000110 2
71 0000000 a match 0 1 2 3 4

03 0010001 2
14 0000101 2
25 0000000 a match 0 1 2 3 4
36 0001000 1
47 0000010 1
50 1001010 3
61 0100010 2
72 0000100 1

04 0110001 3 match 5
15 0000100 1
26 1000001 2
37 0101010 3
40 1000010 2
51 0101010 3
62 0000100 1
73 1000001 2

05 0010000 1
16 1000001 2
27 0100010 2
30 0001110 3
41 0000010 1
52 0001000 1
63 0000000 a match 0 1 2 3 4
74 0000101 2

06 0010001 2
17 0000000 a match 0 1 2 3 4
20 1000010 2
31 0101010 3
42 0000000 a match 0 1 2 3 4
53 1000001 2
64 0100100 2
75 0000100 1

07 0110000 2
10 1000100 2
21 0100010 2
32 0001100 2
43 1000000 1
54 0101001 3
65 0000100 1
76 1000001 2

Matching output
0 45 71 25 63 17 42
1 45 71 25 63 17 42
2 45 71 25 63 17 42
3 45 71 25 63 17 42
4 45 71 25 63 17 42
5 04
6 absent
7 absent

Left
45 56x
71 02x
25 36x
63 74x
17 20x
42 53x
Best: AND-NOT45: 1

Right
none
Best: none

OR-NOT
01 0111011 5
12 1011101 5
23 1110011 5
34 0111111 6
45 1010110 4
56 1111011 6
67 0111110 5
70 1001111 5

02 0111101 5
13 1010101 4
24 1111111 a
35 0111110 5
46 1011011 5
57 1111011 6
60 1101110 5
71 1111111 a

03 1110001 4
14 1111101 6
25 1110111 6
36 1111111 a
47 1111010 5
50 1101111 6
61 0111110 5
72 1011101 5

04 0111101 5
15 1010101 4
26 1111011 6
37 0111110 5
40 1001110 4
51 1111011 6
62 0111110 5
73 1010101 4

05 0110101 4
16 1011101 5
27 1111011 6
30 1101110 5
41 1111010 5
52 1111111 a
63 1110111 6
74 1111101 6

06 1111001 5
17 1111111 a
20 1101111 6
31 0111110 5
42 1011110 5
53 1111011 6
64 0111111 6
75 1010101 4

07 0111011 5
10 1001111 5
21 1111011 6
32 0111110 5
43 1010011 4
54 1111111 a
65 0110110 4
76 1011101 5

Matching output
0 absent
1 absent
2 absent
3 absent
4 absent
5 absent
6 absent
7 absent

Left
none
Best: none

Right
none
Best: none

XOR-NOT
01 0001011 3
12 1011001 4
23 0110010 3
34 0010011 3
45 1010110 4
56 0110010 3
67 0011100 3
70 0001011 3

02 0101101 4
13 0010100 2
24 1011110 5
35 0111010 4
46 0011011 4
57 1010001 3
60 1101000 3
71 1111111 a

03 1100000 2
14 1111000 4
25 1110111 6
36 1110111 6
47 1111000 4
50 0100101 3
61 0011100 3
72 1011001 4

04 0001100 2
15 1010001 3
26 0111010 4
37 0010100 2
40 0001100 2
51 1010001 3
62 0111010 4
73 0010100 2

05 0100101 3
16 0011100 3
27 1011001 4
30 1100000 2
41 1111000 4
52 1110111 6
63 1110111 6
74 1111000 4

06 1101000 3
17 1111111 a
20 0101101 4
31 0010100 2
42 1011110 5
53 0111010 4
64 0011011 4
75 1010001 3

07 0001011 3
10 0001011 3
21 1011001 4
32 0110010 3
43 0010011 3
54 1010110 4
65 0110010 3
76 0011100 3

Matching output
0 absent
1 absent
2 absent
3 absent
4 absent
5 absent
6 absent
7 absent

Left
none
Best: none

Right
none
Best: none

Selecting

Lefts
Identity none
NOT none
Constant C0 0 0 0 0: 5
AND AND04: 1
OR none
XOR XOR71: 1
AND-NOT AND-NOT45: 1
OR-NOT none
XOR-NOT none

Rights
Identity I2 1 0: 3
NOT none
Constant none
AND AND25: 1
OR OR24: 1
XOR XOR67: 1
AND-NOT none
OR-NOT none
XOR-NOT none

Left longest: 5
Right longest: 3

Left winner: Identity no, NOT no, Constant yes, AND no, OR no, XOR no, AND-NOT no, OR-NOT no, XOR-NOT no
Right winner: Identity yes, NOT no, Constant no, AND no, OR no, XOR no, AND-NOT no, OR-NOT no, XOR-NOT no

Best left: C0 0 0 0 0: 5
Best right: I2 1 0: 3

Truncated left: C0 0 0 0 0: 5
Truncated right: I2 1 0: 3

Tentative from right
7 I2
6 I1
5 I0
4 pending
3 pending
2 pending
1 pending
0 pending

Tentative
0 C0
1 C0
2 C0
3 C0
4 C0
5 I0
6 I1
7 I2

Preferred from left
0 C0
1 C0
2 C0
3 C0
4 C0
5 I0
6 I1
7 I2

Preferred from right
7 I2
6 I1
5 I0
4 C0
3 C0
2 C0
1 C0
0 C0

Preferred
0 C0
1 C0
2 C0
3 C0
4 C0
5 I0
6 I1
7 I2

Matching
0 C0
1 C0
2 C0
3 C0
4 C0
5 I0
6 I1
7 I2

Perfect match
Identity no
NOT no
Constant no
AND no
OR no
XOR no
AND-NOT no
OR-NOT no
XOR-NOT no

Matched
0 C0
1 C0
2 C0
3 C0
4 C0
5 I0
6 I1
7 I2

Selected
0 C0
1 C0
2 C0
3 C0
4 C0
5 I0
6 I1
7 I2

Applying to 01001100
Input
0 0
1 1
2 0
3 0
4 1
5 1
6 0
7 0
Output
0 C0 = 0
1 C0 = 0
2 C0 = 0
3 C0 = 0
4 C0 = 0
5 I0 = 0
6 I1 = 1
7 I2 = 0

I will now return the answer in \boxed{}
The answer in \boxed is
\boxed{00000010}