We need to deduce the transformation by matching the example outputs.
I will put my final answer inside \boxed{}.

Output 0: 00000111
0 0
1 0
2 0
3 0
4 0
5 1
6 1
7 1

Output 1: 10011100
0 1
1 0
2 0
3 1
4 1
5 1
6 0
7 0

Output 2: 11100100
0 1
1 1
2 1
3 0
4 0
5 1
6 0
7 0

Output 3: 00100000
0 0
1 0
2 1
3 0
4 0
5 0
6 0
7 0

Output 4: 01100011
0 0
1 1
2 1
3 0
4 0
5 0
6 1
7 1

Output 5: 11001101
0 1
1 1
2 0
3 0
4 1
5 1
6 0
7 1

Output 6: 00101111
0 0
1 0
2 1
3 0
4 1
5 1
6 1
7 1

Output 7: 01000011
0 0
1 1
2 0
3 0
4 0
5 0
6 1
7 1

Output 8: 00001101
0 0
1 0
2 0
3 0
4 1
5 1
6 0
7 1

Output 9: 00111001
0 0
1 0
2 1
3 1
4 1
5 0
6 0
7 1

Output bit columns (with bitsum as hash)
0 0110010000 3
1 0010110100 4
2 0011101001 5
3 0100000001 2
4 0100011011 5
5 1110011010 6
6 1000101100 4
7 1000111111 7

Input 0: 00111000
0 0
1 0
2 1
3 1
4 1
5 0
6 0
7 0

Input 1: 11100100
0 1
1 1
2 1
3 0
4 0
5 1
6 0
7 0

Input 2: 00100111
0 0
1 0
2 1
3 0
4 0
5 1
6 1
7 1

Input 3: 00000001
0 0
1 0
2 0
3 0
4 0
5 0
6 0
7 1

Input 4: 00011011
0 0
1 0
2 0
3 1
4 1
5 0
6 1
7 1

Input 5: 01101110
0 0
1 1
2 1
3 0
4 1
5 1
6 1
7 0

Input 6: 01111001
0 0
1 1
2 1
3 1
4 1
5 0
6 0
7 1

Input 7: 00011010
0 0
1 0
2 0
3 1
4 1
5 0
6 1
7 0

Input 8: 01101000
0 0
1 1
2 1
3 0
4 1
5 0
6 0
7 0

Input 9: 11001001
0 1
1 1
2 0
3 0
4 1
5 0
6 0
7 1

When matching output
x: not in operator
y: wrong position

Identity
0 0100000001 2 match 3
1 0100011011 5 match 4
2 1110011010 6 match 5
3 1000101100 4 match 6
4 1000111111 7 match 7
5 0110010000 3 match 0
6 0010110100 4 match 1
7 0011101001 5 match 2

Matching output
0 5
1 6
2 7
3 0
4 1
5 2
6 3
7 4

Left
5 6 7 0 1 2 3 4
Best: I5 6 7 0 1 2 3 4: 8

Right
4 3 2 1 0 7 6 5
Best: I4 3 2 1 0 7 6 5: 8

NOT
0 1011111110 8
1 1011100100 5
2 0001100101 4
3 0111010011 6
4 0111000000 3
5 1001101111 7
6 1101001011 6
7 1100010110 5

Matching output
0 absent
1 absent
2 absent
3 absent
4 absent
5 absent
6 absent
7 absent

Left
none
Best: none

Right
none
Best: none

Constant
0 0000000000 a
1 1111111111 a

Matching output
0 absent
1 absent
2 absent
3 absent
4 absent
5 absent
6 absent
7 absent

Left
none
Best: none

Right
none
Best: none

AND
01 10 0100000001 2 match 3
12 21 0100011010 4
23 32 1000001000 2
34 43 1000101100 4 match 6
45 54 0000010000 1
56 65 0010010000 2
67 76 0010100000 2
70 07 0000000001 1

02 20 0100000000 1
13 31 0000001000 1
24 42 1000011010 4
35 53 0000000000 a
46 64 0000110100 3
57 75 0010000000 1
60 06 0000000000 a
71 17 0000001001 2

03 30 0000000000 a
14 41 0000011011 4
25 52 0110010000 3 match 0
36 63 0000100100 2
47 74 0000101001 3
50 05 0100000000 1
61 16 0000010000 1
72 27 0010001000 2

04 40 0000000001 1
15 51 0100010000 2
26 62 0010010000 2
37 73 0000101000 2

Matching output
0 25 52
1 absent
2 absent
3 01 10
4 absent
5 absent
6 34 43
7 absent

Left
25 36x
52 63x
Best: AND25: 1

Right
none
Best: none

OR
01 10 0100011011 5 match 4
12 21 1110011011 7
23 32 1110111110 8
34 43 1000111111 7 match 7
45 54 1110111111 9
56 65 0110110100 5
67 76 0011111101 7
70 07 0111101001 6

02 20 1110011011 7
13 31 1100111111 8
24 42 1110111111 9
35 53 1110111100 7
46 64 1010111111 8
57 75 0111111001 7
60 06 0110110101 6
71 17 0111111011 8

03 30 1100101101 6
14 41 1100111111 8
25 52 1110011010 6 match 5
36 63 1010111100 6
47 74 1011111111 9
50 05 0110010001 4
61 16 0110111111 8
72 27 1111111011 9

04 40 1100111111 8
15 51 0110011011 6
26 62 1110111110 8
37 73 1011101101 7

Matching output
0 absent
1 absent
2 absent
3 absent
4 01 10
5 25 52
6 absent
7 34 43

Left
none
Best: none

Right
34 23x
43 32x
Best: OR34: 1

XOR
01 10 0000011010 3
12 21 1010000001 3
23 32 0110110110 6
34 43 0000010011 3
45 54 1110101111 8
56 65 0100100100 3
67 76 0001011101 5
70 07 0111101000 5

02 20 1010011011 6
13 31 1100110111 7
24 42 0110100101 5
35 53 1110111100 7
46 64 1010001011 5
57 75 0101111001 6
60 06 0110110101 6
71 17 0111110010 6

03 30 1100101101 6
14 41 1100100100 4
25 52 1000001010 3
36 63 1010011000 4
47 74 1011010110 6
50 05 0010010001 3
61 16 0110101111 7
72 27 1101110011 7

04 40 1100111110 7
15 51 0010001011 4
26 62 1100101110 6
37 73 1011000101 5

Matching output
0 absent
1 absent
2 absent
3 absent
4 absent
5 absent
6 absent
7 absent

Left
none
Best: none

Right
none
Best: none

AND-NOT
01 0000000000 a
12 0000000001 1
23 0110010010 4
34 0000000000 a
45 1000101111 6
56 0100000000 1
67 0000010100 2
70 0011101000 4

02 0000000001 1
13 0100010011 4
24 0110000000 2
35 1000101100 4 match 6
46 1000001011 4
57 0100010000 2
60 0010110100 4 match 1
71 0011100000 3

03 0100000001 2 match 3
14 0100000000 1
25 1000001010 3
36 1000001000 2
47 1000010110 4
50 0010010000 2
61 0010100100 3
72 0001100001 3

04 0100000000 1
15 0000001011 3
26 1100001010 4
37 1000000100 2
40 1000111110 6
51 0010000000 1
62 0000100100 2
73 0011000001 3

05 0000000001 1
16 0100001011 4
27 1100010010 4
30 1000101100 4 match 6
41 1000100100 3
52 0000000000 a
63 0010010000 2
74 0011000000 2

06 0100000001 2 match 3
17 0100010010 3
20 1010011010 5
31 1000100100 3
42 0000100101 3
53 0110010000 3 match 0
64 0010000000 1
75 0001101001 4

07 0100000000 1
10 0000011010 3
21 1010000000 2
32 0000100100 2
43 0000010011 3
54 0110000000 2
65 0000100100 2
76 0001001001 3

Matching output
0 53
1 60
2 absent
3 03 06
4 absent
5 absent
6 35 30
7 absent

Left
53 64x
Best: AND-NOT53: 1

Right
none
Best: none

OR-NOT
01 1111100101 7
12 0101111111 8
23 1111011011 8
34 1111101100 7
45 1001111111 8
56 1111011011 8
67 1110110110 7
70 1011111111 9

02 0101100101 5
13 0111011011 7
24 1111011010 7
35 1001101111 7
46 1101111111 9
57 1110010110 6
60 1011111110 8
71 1011101101 7

03 0111010011 6
14 0111011011 7
25 1111111111 a
36 1101101111 8
47 1100111111 8
50 1111111110 9
61 1011110100 6
72 0011101101 6

04 0111000001 4
15 1101111111 9
26 1111011011 8
37 1100111110 7
40 1011111111 9
51 1111110100 7
62 0011110101 6
73 0111111011 8

05 1101101111 8
16 1101011011 7
27 1110011110 7
30 1011111110 8
41 1011111111 9
52 0111110101 7
63 0111110111 8
74 0111101001 6

06 1101001011 6
17 1100011111 7
20 1111111110 9
31 1011101100 6
42 1001111111 8
53 0111010011 6
64 0111110100 6
75 1011101111 8

07 1100010111 6
10 1111111111 a
21 1111111110 9
32 1001101101 6
43 1111111111 a
54 0111010000 4
65 1011111111 9
76 1111101011 8

Matching output
0 absent
1 absent
2 absent
3 absent
4 absent
5 absent
6 absent
7 absent

Left
none
Best: none

Right
none
Best: none

XOR-NOT
01 1111100101 7
12 0101111110 7
23 1001001001 4
34 1111101100 7
45 0001010000 2
56 1011011011 7
67 1110100010 5
70 1000010111 5

02 0101100100 4
13 0011001000 3
24 1001011010 5
35 0001000011 3
46 0101110100 5
57 1010000110 4
60 1001001010 4
71 1000001101 4

03 0011010010 4
14 0011011011 6
25 0111110101 7
36 0101100111 6
47 0100101001 4
50 1101101110 7
61 1001010000 3
72 0010001100 3

04 0011000001 3
15 1101110100 6
26 0011010001 4
37 0100111010 5
40 0011000001 3
51 1101110100 6
62 0011010001 4
73 0100111010 5

05 1101101110 7
16 1001010000 3
27 0010001100 3
30 0011010010 4
41 0011011011 6
52 0111110101 7
63 0101100111 6
74 0100101001 4

06 1001001010 4
17 1000001101 4
20 0101100100 4
31 0011001000 3
42 1001011010 5
53 0001000011 3
64 0101110100 5
75 1010000110 4

07 1000010111 5
10 1111100101 7
21 0101111110 7
32 1001001001 4
43 1111101100 7
54 0001010000 2
65 1011011011 7
76 1110100010 5

Matching output
0 absent
1 absent
2 absent
3 absent
4 absent
5 absent
6 absent
7 absent

Left
none
Best: none

Right
none
Best: none

Selecting

Lefts
Identity I5 6 7 0 1 2 3 4: 8
NOT none
Constant none
AND AND25: 1
OR none
XOR none
AND-NOT AND-NOT53: 1
OR-NOT none
XOR-NOT none

Rights
Identity I4 3 2 1 0 7 6 5: 8
NOT none
Constant none
AND none
OR OR34: 1
XOR none
AND-NOT none
OR-NOT none
XOR-NOT none

Left longest: 8
Right longest: 8

Left winner: Identity yes, NOT no, Constant no, AND no, OR no, XOR no, AND-NOT no, OR-NOT no, XOR-NOT no
Right winner: Identity yes, NOT no, Constant no, AND no, OR no, XOR no, AND-NOT no, OR-NOT no, XOR-NOT no

Best left: I5 6 7 0 1 2 3 4: 8
Best right: I4 3 2 1 0 7 6 5: 8

Truncated left: I5 6 7 0 1 2 3 4: 8
Truncated right: none truncated

Tentative from right
7 pending
6 pending
5 pending
4 pending
3 pending
2 pending
1 pending
0 pending

Tentative
0 I5
1 I6
2 I7
3 I0
4 I1
5 I2
6 I3
7 I4

Preferred from left
0 I5
1 I6
2 I7
3 I0
4 I1
5 I2
6 I3
7 I4

Preferred from right
7 I4
6 I3
5 I2
4 I1
3 I0
2 I7
1 I6
0 I5

Preferred
0 I5
1 I6
2 I7
3 I0
4 I1
5 I2
6 I3
7 I4

Matching
0 I5
1 I6
2 I7
3 I0
4 I1
5 I2
6 I3
7 I4

Perfect match
Identity no
NOT no
Constant no
AND no
OR no
XOR no
AND-NOT no
OR-NOT no
XOR-NOT no

Matched
0 I5
1 I6
2 I7
3 I0
4 I1
5 I2
6 I3
7 I4

Selected
0 I5
1 I6
2 I7
3 I0
4 I1
5 I2
6 I3
7 I4

Applying to 11110100
Input
0 1
1 1
2 1
3 1
4 0
5 1
6 0
7 0
Output
0 I5 = 1
1 I6 = 0
2 I7 = 0
3 I0 = 1
4 I1 = 1
5 I2 = 1
6 I3 = 1
7 I4 = 0

I will now return the answer in \boxed{}
The answer in \boxed is
\boxed{10011110}