We need to deduce the transformation by matching the example outputs.
I will put my final answer inside \boxed{}.

Output 0: 11100100
0 1
1 1
2 1
3 0
4 0
5 1
6 0
7 0

Output 1: 00010011
0 0
1 0
2 0
3 1
4 0
5 0
6 1
7 1

Output 2: 01101000
0 0
1 1
2 1
3 0
4 1
5 0
6 0
7 0

Output 3: 10100010
0 1
1 0
2 1
3 0
4 0
5 0
6 1
7 0

Output 4: 01001101
0 0
1 1
2 0
3 0
4 1
5 1
6 0
7 1

Output 5: 11011010
0 1
1 1
2 0
3 1
4 1
5 0
6 1
7 0

Output 6: 11011011
0 1
1 1
2 0
3 1
4 1
5 0
6 1
7 1

Output bit columns (with bitsum as hash)
0 1001011 4
1 1010111 5
2 1011000 3
3 0100011 3
4 0010111 4
5 1000100 2
6 0101011 4
7 0100101 3

Input 0: 10011010
0 1
1 0
2 0
3 1
4 1
5 0
6 1
7 0

Input 1: 10010101
0 1
1 0
2 0
3 1
4 0
5 1
6 0
7 1

Input 2: 00110111
0 0
1 0
2 1
3 1
4 0
5 1
6 1
7 1

Input 3: 01101001
0 0
1 1
2 1
3 0
4 1
5 0
6 0
7 1

Input 4: 11000010
0 1
1 1
2 0
3 0
4 0
5 0
6 1
7 0

Input 5: 01011111
0 0
1 1
2 0
3 1
4 1
5 1
6 1
7 1

Input 6: 11101010
0 1
1 1
2 1
3 0
4 1
5 0
6 1
7 0

When matching output
x: not in operator
y: wrong position

Identity
0 1100101 4
1 0001111 4
2 0011001 3
3 1110010 4
4 1001011 4 match 0
5 0110010 3
6 1010111 5 match 1
7 0111010 4

Matching output
0 4
1 6
2 absent
3 absent
4 absent
5 absent
6 absent
7 absent

Left
4 5x
Best: I4: 1

Right
none
Best: none

NOT
0 0011010 3
1 1110000 3
2 1100110 4
3 0001101 3
4 0110100 3
5 1001101 4
6 0101000 2
7 1000101 3

Matching output
0 absent
1 absent
2 absent
3 absent
4 absent
5 absent
6 absent
7 absent

Left
none
Best: none

Right
none
Best: none

Constant
0 0000000 a
1 1111111 a

Matching output
0 absent
1 absent
2 absent
3 absent
4 absent
5 absent
6 absent
7 absent

Left
none
Best: none

Right
none
Best: none

AND
01 10 0000101 2
12 21 0001001 2
23 32 0010000 1
34 43 1000010 2
45 54 0000010 1
56 65 0010010 2
67 76 0010010 2
70 07 0100000 1

02 20 0000001 1
13 31 0000010 1
24 42 0001001 2
35 53 0110010 3
46 64 1000011 3
57 75 0110010 3
60 06 1000101 3
71 17 0001010 2

03 30 1100000 2
14 41 0001011 3
25 52 0010000 1
36 63 1010010 3
47 74 0001010 2
50 05 0100000 1
61 16 0000111 3
72 27 0011000 2

04 40 1000001 2
15 51 0000010 1
26 62 0010001 2
37 73 0110010 3

Matching output
0 absent
1 absent
2 absent
3 absent
4 absent
5 absent
6 absent
7 absent

Left
none
Best: none

Right
none
Best: none

OR
01 10 1101111 6
12 21 0011111 5
23 32 1111011 6
34 43 1111011 6
45 54 1111011 6
56 65 1110111 6
67 76 1111111 a
70 07 1111111 a

02 20 1111101 6
13 31 1111111 a
24 42 1011011 5
35 53 1110010 4
46 64 1011111 6
57 75 0111010 4
60 06 1110111 6
71 17 0111111 6

03 30 1110111 6
14 41 1001111 5
25 52 0111011 5
36 63 1110111 6
47 74 1111011 6
50 05 1110111 6
61 16 1011111 6
72 27 0111011 5

04 40 1101111 6
15 51 0111111 6
26 62 1011111 6
37 73 1111010 5

Matching output
0 absent
1 absent
2 absent
3 absent
4 absent
5 absent
6 absent
7 absent

Left
none
Best: none

Right
none
Best: none

XOR
01 10 1101010 4
12 21 0010110 3
23 32 1101011 5
34 43 0111001 4
45 54 1111001 5
56 65 1100101 4
67 76 1101101 5
70 07 1011111 6

02 20 1111100 5
13 31 1111101 6
24 42 1010010 3
35 53 1000000 1
46 64 0011100 3
57 75 0001000 1
60 06 0110010 3
71 17 0110101 4

03 30 0010111 4 match 4
14 41 1000100 2 match 5
25 52 0101011 4 match 6
36 63 0100101 3 match 7
47 74 1110001 4
50 05 1010111 5 match 1
61 16 1011000 3 match 2
72 27 0100011 3 match 3

04 40 0101110 4
15 51 0111101 5
26 62 1001110 4
37 73 1001000 2

Matching output
0 absent
1 50 05
2 61 16
3 72 27
4 03 30
5 14 41
6 25 52
7 36 63

Left
none
Best: none

Right
36 25 14 03 72 61 50 47x
63 52 41 30 27 16 05 74x
Best: XOR36 25 14 03 72 61 50: 7

AND-NOT
01 1100000 2
12 0000110 2
23 0001001 2
34 0110000 2
45 1001001 3
56 0100000 1
67 1000101 3
70 0011010 3

02 1100100 3
13 0001101 3
24 0010000 1
35 1000000 1
46 0001000 1
57 0000000 a
60 0010010 2
71 0110000 2

03 0000101 2
14 0000100 1
25 0001001 2
36 0100000 1
47 1000001 2
50 0010010 2
61 1010000 2
72 0100010 2

04 0100100 2
15 0001101 3
26 0001000 1
37 1000000 1
40 0001010 2
51 0110000 2
62 1000110 3
73 0001000 1

05 1000101 3
16 0001000 1
27 0000001 1
30 0010010 2
41 1000000 1
52 0100010 2
63 0000101 2
74 0110000 2

06 0100000 1
17 0000101 2
20 0011000 2
31 1110000 3
42 1000010 2
53 0000000 a
64 0010100 2
75 0001000 1

07 1000101 3
10 0001010 2
21 0010000 1
32 1100010 3
43 0001001 2
54 0110000 2
65 1000101 3
76 0101000 2

Matching output
0 absent
1 absent
2 absent
3 absent
4 absent
5 absent
6 absent
7 absent

Left
none
Best: none

Right
none
Best: none

OR-NOT
01 1110101 5
12 1101111 6
23 0011101 4
34 1110110 5
45 1001111 5
56 0111010 4
67 1010111 5 match 1
70 0111010 4

02 1100111 5
13 0001111 4
24 0111101 5
35 1111111 a
46 1101011 5
57 1110111 6
60 1011111 6
71 1111010 5

03 1101101 5
14 0111111 6
25 1011101 5
36 1111010 5
47 1001111 5
50 0111010 4
61 1110111 6
72 1111110 6

04 1110101 5
15 1001111 5
26 0111001 4
37 1110111 6
40 1011011 5
51 1110010 4
62 1110111 6
73 0111111 6

05 1101101 5
16 0101111 5
27 1011101 5
30 1111010 5
41 1111011 6
52 1110110 5
63 1011111 6
74 0111110 5

06 1101101 5
17 1001111 5
20 0011011 4
31 1110010 4
42 1101111 6
53 0111111 6
64 1110111 6
75 1111111 a

07 1100101 4
10 0011111 5
21 1111001 5
32 1110110 5
43 1001111 5
54 0110110 4
65 1011111 6
76 0111010 4

Matching output
0 absent
1 67
2 absent
3 absent
4 absent
5 absent
6 absent
7 absent

Left
none
Best: none

Right
none
Best: none

XOR-NOT
01 0010101 3
12 1101001 4
23 0010100 2
34 1000110 3
45 0000110 2
56 0011010 3
67 0010010 2
70 0100000 1

02 0000011 2
13 0000010 1
24 0101101 4
35 0111111 6
46 1100011 4
57 1110111 6
60 1001101 4
71 1001010 3

03 1101000 3
14 0111011 5
25 1010100 3
36 1011010 4
47 0001110 3
50 0101000 2
61 0100111 4
72 1011100 4

04 1010001 3
15 1000010 2
26 0110001 3
37 0110111 5
40 1010001 3
51 1000010 2
62 0110001 3
73 0110111 5

05 0101000 2
16 0100111 4
27 1011100 4
30 1101000 3
41 0111011 5
52 1010100 3
63 1011010 4
74 0001110 3

06 1001101 4
17 1001010 3
20 0000011 2
31 0000010 1
42 0101101 4
53 0111111 6
64 1100011 4
75 1110111 6

07 0100000 1
10 0010101 3
21 1101001 4
32 0010100 2
43 1000110 3
54 0000110 2
65 0011010 3
76 0010010 2

Matching output
0 absent
1 absent
2 absent
3 absent
4 absent
5 absent
6 absent
7 absent

Left
none
Best: none

Right
none
Best: none

Selecting

Lefts
Identity I4: 1
NOT none
Constant none
AND none
OR none
XOR none
AND-NOT none
OR-NOT none
XOR-NOT none

Rights
Identity none
NOT none
Constant none
AND none
OR none
XOR XOR36 25 14 03 72 61 50: 7
AND-NOT none
OR-NOT none
XOR-NOT none

Left longest: 1
Right longest: 7

Right winner: Identity no, NOT no, Constant no, AND no, OR no, XOR yes, AND-NOT no, OR-NOT no, XOR-NOT no
Left winner: Identity yes, NOT no, Constant no, AND no, OR no, XOR no, AND-NOT no, OR-NOT no, XOR-NOT no

Best right: XOR36 25 14 03 72 61 50: 7
Best left: I4: 1

Truncated right: XOR36 25 14 03 72 61 50: 7
Truncated left: I4: 1

Tentative from right
7 XOR36
6 XOR25
5 XOR14
4 XOR03
3 XOR72
2 XOR61
1 XOR50
0 pending

Tentative
0 I4
1 XOR50
2 XOR61
3 XOR72
4 XOR03
5 XOR14
6 XOR25
7 XOR36

Preferred from right
7 XOR36
6 XOR25
5 XOR14
4 XOR03
3 XOR72
2 XOR61
1 XOR50
0 I4

Preferred from left
0 I4
1 XOR50
2 XOR61
3 XOR72
4 XOR03
5 XOR14
6 XOR25
7 XOR36

Preferred
0 I4
1 XOR50
2 XOR61
3 XOR72
4 XOR03
5 XOR14
6 XOR25
7 XOR36

Matching
0 I4
1 XOR50
2 XOR61
3 XOR72
4 XOR03
5 XOR14
6 XOR25
7 XOR36

Perfect match
Identity no
NOT no
Constant no
AND no
OR no
XOR no
AND-NOT no
OR-NOT no
XOR-NOT no

Matched
0 I4
1 XOR50
2 XOR61
3 XOR72
4 XOR03
5 XOR14
6 XOR25
7 XOR36

Selected
0 I4
1 XOR50
2 XOR61
3 XOR72
4 XOR03
5 XOR14
6 XOR25
7 XOR36

Applying to 11110101
Input
0 1
1 1
2 1
3 1
4 0
5 1
6 0
7 1
Output
0 I4 = 0
1 XOR50 = XOR(1,1) = 0
2 XOR61 = XOR(0,1) = 1
3 XOR72 = XOR(1,1) = 0
4 XOR03 = XOR(1,1) = 0
5 XOR14 = XOR(1,0) = 1
6 XOR25 = XOR(1,1) = 0
7 XOR36 = XOR(1,0) = 1

I will now return the answer in \boxed{}
The answer in \boxed is
\boxed{00100101}