We need to deduce the transformation by matching the example outputs.
I will put my final answer inside \boxed{}.

Output 0: 00101010
0 0
1 0
2 1
3 0
4 1
5 0
6 1
7 0

Output 1: 00001100
0 0
1 0
2 0
3 0
4 1
5 1
6 0
7 0

Output 2: 01111100
0 0
1 1
2 1
3 1
4 1
5 1
6 0
7 0

Output 3: 01101000
0 0
1 1
2 1
3 0
4 1
5 0
6 0
7 0

Output 4: 01110110
0 0
1 1
2 1
3 1
4 0
5 1
6 1
7 0

Output 5: 01011100
0 0
1 1
2 0
3 1
4 1
5 1
6 0
7 0

Output 6: 10011000
0 1
1 0
2 0
3 1
4 1
5 0
6 0
7 0

Output 7: 10011100
0 1
1 0
2 0
3 1
4 1
5 1
6 0
7 0

Output 8: 11010010
0 1
1 1
2 0
3 1
4 0
5 0
6 1
7 0

Output 9: 00111101
0 0
1 0
2 1
3 1
4 1
5 1
6 0
7 1

Output bit columns (with bitsum as hash)
0 0000001110 3
1 0011110010 5
2 1011100001 5
3 0010111111 7
4 1111011101 8
5 0110110101 6
6 1000100010 3
7 0000000001 1

Input 0: 10011010
0 1
1 0
2 0
3 1
4 1
5 0
6 1
7 0

Input 1: 00011011
0 0
1 0
2 0
3 1
4 1
5 0
6 1
7 1

Input 2: 00100111
0 0
1 0
2 1
3 0
4 0
5 1
6 1
7 1

Input 3: 00001010
0 0
1 0
2 0
3 0
4 1
5 0
6 1
7 0

Input 4: 10110101
0 1
1 0
2 1
3 1
4 0
5 1
6 0
7 1

Input 5: 00101111
0 0
1 0
2 1
3 0
4 1
5 1
6 1
7 1

Input 6: 00010110
0 0
1 0
2 0
3 1
4 0
5 1
6 1
7 0

Input 7: 00011111
0 0
1 0
2 0
3 1
4 1
5 1
6 1
7 1

Input 8: 10010100
0 1
1 0
2 0
3 1
4 0
5 1
6 0
7 0

Input 9: 01110111
0 0
1 1
2 1
3 1
4 0
5 1
6 1
7 1

When matching output
x: not in operator
y: wrong position

Identity
0 1000100010 3 match 6
1 0000000001 1 match 7
2 0010110001 4
3 1100101111 7
4 1101010100 5
5 0010111111 7 match 3
6 1111011101 8 match 4
7 0110110101 6 match 5

Matching output
0 absent
1 absent
2 absent
3 5
4 6
5 7
6 0
7 1

Left
none
Best: none

Right
1 0 7 6 5 4x
Best: I1 0 7 6 5: 5

NOT
0 0111011101 7
1 1111111110 9
2 1101001110 6
3 0011010000 3
4 0010101011 5
5 1101000000 3
6 0000100010 2
7 1001001010 4

Matching output
0 absent
1 absent
2 absent
3 absent
4 absent
5 absent
6 absent
7 absent

Left
none
Best: none

Right
none
Best: none

Constant
0 0000000000 a
1 1111111111 a

Matching output
0 absent
1 absent
2 absent
3 absent
4 absent
5 absent
6 absent
7 absent

Left
none
Best: none

Right
none
Best: none

AND
01 10 0000000000 a
12 21 0000000001 1 match 7
23 32 0000100001 2
34 43 1100000100 3
45 54 0000010100 2
56 65 0010011101 5
67 76 0110010101 5
70 07 0000100000 1

02 20 0000100000 1
13 31 0000000001 1 match 7
24 42 0000010000 1
35 53 0000101111 5
46 64 1101010100 5
57 75 0010110101 5
60 06 1000000000 1
71 17 0000000001 1 match 7

03 30 1000100010 3 match 6
14 41 0000000000 a
25 52 0010110001 4
36 63 1100001101 5
47 74 0100010100 3
50 05 0000100010 2
61 16 0000000001 1 match 7
72 27 0010110001 4

04 40 1000000000 1
15 51 0000000001 1 match 7
26 62 0010010001 3
37 73 0100100101 4

Matching output
0 absent
1 absent
2 absent
3 absent
4 absent
5 absent
6 03 30
7 12 21 13 31 71 17 61 16 15 51

Left
none
Best: none

Right
12 01x
21 10x
13 02x
31 20x
71 60x
17 06x
61 50x
16 05x
15 04x
51 40x
Best: AND12: 1

OR
01 10 1000100011 4
12 21 0010110001 4
23 32 1110111111 9
34 43 1101111111 9
45 54 1111111111 a
56 65 1111111111 a
67 76 1111111101 9
70 07 1110110111 8

02 20 1010110011 6
13 31 1100101111 7
24 42 1111110101 8
35 53 1110111111 9
46 64 1111011101 8 match 4
57 75 0110111111 8
60 06 1111111111 a
71 17 0110110101 6 match 5

03 30 1100101111 7
14 41 1101010101 6
25 52 0010111111 7 match 3
36 63 1111111111 a
47 74 1111110101 8
50 05 1010111111 8
61 16 1111011101 8 match 4
72 27 0110110101 6 match 5

04 40 1101110110 7
15 51 0010111111 7 match 3
26 62 1111111101 9
37 73 1110111111 9

Matching output
0 absent
1 absent
2 absent
3 25 52 15 51
4 46 64 61 16
5 71 17 72 27
6 absent
7 absent

Left
none
Best: none

Right
none
Best: none

XOR
01 10 1000100011 4
12 21 0010110000 3
23 32 1110011110 7
34 43 0001111011 6
45 54 1111101011 8
56 65 1101100010 5
67 76 1001101000 4
70 07 1110010111 7

02 20 1010010011 5
13 31 1100101110 6
24 42 1111100101 7
35 53 1110010000 4
46 64 0010001001 3
57 75 0100001010 3
60 06 0111111111 9
71 17 0110110100 5

03 30 0100001101 4
14 41 1101010101 6
25 52 0000001110 3 match 0
36 63 0011110010 5 match 1
47 74 1011100001 5 match 2
50 05 1010011101 6
61 16 1111011100 7
72 27 0100000100 2

04 40 0101110110 6
15 51 0010111110 6
26 62 1101101100 6
37 73 1010011010 5

Matching output
0 25 52
1 36 63
2 47 74
3 absent
4 absent
5 absent
6 absent
7 absent

Left
25 36 47 50x
52 63 74 05x
Best: XOR25 36 47: 3

Right
none
Best: none

AND-NOT
01 1000100010 3 match 6
12 0000000000 a
23 0010010000 2
34 0000101011 4
45 1101000000 3
56 0000100010 2
67 1001001000 3
70 0110010101 5

02 1000000010 2
13 0000000000 a
24 0010100001 3
35 1100000000 2
46 0000000000 a
57 0000001010 2
60 0111011101 7
71 0110110100 5

03 0000000000 a
14 0000000001 1 match 7
25 0000000000 a
36 0000100010 2
47 1001000000 2
50 0010011101 5
61 1111011100 7
72 0100000100 2

04 0000100010 2
15 0000000000 a
26 0000100000 1
37 1000001010 3
40 0101010100 4
51 0010111110 6
62 1101001100 5
73 0010010000 2

05 1000000000 1
16 0000000000 a
27 0000000000 a
30 0100001101 4
41 1101010100 5
52 0000001110 3 match 0
63 0011010000 3
74 0010100001 3

06 0000100010 2
17 0000000000 a
20 0010010001 3
31 1100101110 6
42 1101000100 4
53 0010010000 2
64 0010001001 3
75 0100000000 1

07 1000000010 2
10 0000000001 1 match 7
21 0010110000 3
32 1100001110 5
43 0001010000 2
54 0010101011 5
65 1101000000 3
76 0000100000 1

Matching output
0 52
1 absent
2 absent
3 absent
4 absent
5 absent
6 01
7 14 10

Left
52 63x
Best: AND-NOT52: 1

Right
14 03x
10 07x
Best: AND-NOT14: 1

OR-NOT
01 1111111110 9
12 1101001111 7
23 0011110001 5
34 1110101111 8
45 1101010100 5
56 0010111111 7 match 3
67 1111011111 9
70 0111111101 8

02 1101101110 7
13 0011010001 4
24 0010111011 6
35 1101101111 8
46 1101110110 7
57 1011111111 9
60 1111011101 8 match 4
71 1111111111 a

03 1011110010 6
14 0010101011 5
25 1111110001 7
36 1100101111 7
47 1101011110 7
50 0111111111 9
61 1111111111 a
72 1111111111 a

04 1010101011 6
15 1101000001 4
26 0010110011 5
37 1101101111 8
40 1111011101 8 match 4
51 1111111111 a
62 1111011111 9
73 0111110101 7

05 1101100010 5
16 0000100011 3
27 1011111011 8
30 1111111111 a
41 1111111110 9
52 1111111111 a
63 1111011101 8 match 4
74 0110111111 8

06 1000100010 3 match 6
17 1001001011 5
20 0111111101 8
31 1111111111 a
42 1101011110 7
53 0011111111 8
64 1111111111 a
75 1111110101 8

07 1001101010 5
10 0111011101 7
21 1111111111 a
32 1101101111 8
43 1111010100 6
54 0010111111 7 match 3
65 1111011101 8 match 4
76 0110110111 7

Matching output
0 absent
1 absent
2 absent
3 56 54
4 60 40 63 65
5 absent
6 06
7 absent

Left
none
Best: none

Right
none
Best: none

XOR-NOT
01 0111011100 6
12 1101001111 7
23 0001100001 3
34 1110000100 4
45 0000010100 2
56 0010011101 5
67 0110010111 6
70 0001101000 3

02 0101101100 5
13 0011010001 4
24 0000011010 3
35 0001101111 6
46 1101110110 7
57 1011110101 7
60 1000000000 1
71 1001001011 5

03 1011110010 6
14 0010101010 4
25 1111110001 7
36 1100001101 5
47 0100011110 5
50 0101100010 4
61 0000100011 3
72 1011111011 8

04 1010001001 4
15 1101000001 4
26 0010010011 4
37 0101100101 5
40 1010001001 4
51 1101000001 4
62 0010010011 4
73 0101100101 5

05 0101100010 4
16 0000100011 3
27 1011111011 8
30 1011110010 6
41 0010101010 4
52 1111110001 7
63 1100001101 5
74 0100011110 5

06 1000000000 1
17 1001001011 5
20 0101101100 5
31 0011010001 4
42 0000011010 3
53 0001101111 6
64 1101110110 7
75 1011110101 7

07 0001101000 3
10 0111011100 6
21 1101001111 7
32 0001100001 3
43 1110000100 4
54 0000010100 2
65 0010011101 5
76 0110010111 6

Matching output
0 absent
1 absent
2 absent
3 absent
4 absent
5 absent
6 absent
7 absent

Left
none
Best: none

Right
none
Best: none

Selecting

Lefts
Identity none
NOT none
Constant none
AND none
OR none
XOR XOR25 36 47: 3
AND-NOT AND-NOT52: 1
OR-NOT none
XOR-NOT none

Rights
Identity I1 0 7 6 5: 5
NOT none
Constant none
AND AND12: 1
OR none
XOR none
AND-NOT AND-NOT14: 1
OR-NOT none
XOR-NOT none

Left longest: 3
Right longest: 5

Right winner: Identity yes, NOT no, Constant no, AND no, OR no, XOR no, AND-NOT no, OR-NOT no, XOR-NOT no
Left winner: Identity no, NOT no, Constant no, AND no, OR no, XOR yes, AND-NOT no, OR-NOT no, XOR-NOT no

Best right: I1 0 7 6 5: 5
Best left: XOR25 36 47: 3

Truncated right: I1 0 7 6 5: 5
Truncated left: XOR25 36 47: 3

Tentative from right
7 I1
6 I0
5 I7
4 I6
3 I5
2 pending
1 pending
0 pending

Tentative
0 XOR25
1 XOR36
2 XOR47
3 I5
4 I6
5 I7
6 I0
7 I1

Preferred from right
7 I1
6 I0
5 I7
4 I6
3 I5
2 XOR47
1 XOR36
0 XOR25

Preferred from left
0 XOR25
1 XOR36
2 XOR47
3 I5
4 I6
5 I7
6 I0
7 I1

Preferred
0 XOR25
1 XOR36
2 XOR47
3 I5
4 I6
5 I7
6 I0
7 I1

Matching
0 XOR25
1 XOR36
2 XOR47
3 I5
4 I6
5 I7
6 I0
7 I1

Perfect match
Identity no
NOT no
Constant no
AND no
OR no
XOR no
AND-NOT no
OR-NOT no
XOR-NOT no

Matched
0 XOR25
1 XOR36
2 XOR47
3 I5
4 I6
5 I7
6 I0
7 I1

Selected
0 XOR25
1 XOR36
2 XOR47
3 I5
4 I6
5 I7
6 I0
7 I1

Applying to 01100010
Input
0 0
1 1
2 1
3 0
4 0
5 0
6 1
7 0
Output
0 XOR25 = XOR(1,0) = 1
1 XOR36 = XOR(0,1) = 1
2 XOR47 = XOR(0,0) = 0
3 I5 = 0
4 I6 = 1
5 I7 = 0
6 I0 = 0
7 I1 = 1

I will now return the answer in \boxed{}
The answer in \boxed is
\boxed{11001001}