We need to deduce the transformation by matching the example outputs.
I will put my final answer inside \boxed{}.

Output 0: 10001011
0 1
1 0
2 0
3 0
4 1
5 0
6 1
7 1

Output 1: 01000110
0 0
1 1
2 0
3 0
4 0
5 1
6 1
7 0

Output 2: 11110111
0 1
1 1
2 1
3 1
4 0
5 1
6 1
7 1

Output 3: 00100001
0 0
1 0
2 1
3 0
4 0
5 0
6 0
7 1

Output 4: 00100011
0 0
1 0
2 1
3 0
4 0
5 0
6 1
7 1

Output 5: 01100100
0 0
1 1
2 1
3 0
4 0
5 1
6 0
7 0

Output 6: 11101111
0 1
1 1
2 1
3 0
4 1
5 1
6 1
7 1

Output 7: 00011001
0 0
1 0
2 0
3 1
4 1
5 0
6 0
7 1

Output 8: 10011001
0 1
1 0
2 0
3 1
4 1
5 0
6 0
7 1

Output 9: 00110101
0 0
1 0
2 1
3 1
4 0
5 1
6 0
7 1

Output bit columns (with bitsum as hash)
0 1010001010 4
1 0110011000 4
2 0011111001 6
3 0010000111 4
4 1000001110 4
5 0110011001 5
6 1110101000 5
7 1011101111 8

Input 0: 10001110
0 1
1 0
2 0
3 0
4 1
5 1
6 1
7 0

Input 1: 00100111
0 0
1 0
2 1
3 0
4 0
5 1
6 1
7 1

Input 2: 00010001
0 0
1 0
2 0
3 1
4 0
5 0
6 0
7 1

Input 3: 11001011
0 1
1 1
2 0
3 0
4 1
5 0
6 1
7 1

Input 4: 10001011
0 1
1 0
2 0
3 0
4 1
5 0
6 1
7 1

Input 5: 01100011
0 0
1 1
2 1
3 0
4 0
5 0
6 1
7 1

Input 6: 00000010
0 0
1 0
2 0
3 0
4 0
5 0
6 1
7 0

Input 7: 11011100
0 1
1 1
2 0
3 1
4 1
5 1
6 0
7 0

Input 8: 11101100
0 1
1 1
2 1
3 0
4 1
5 1
6 0
7 0

Input 9: 01001001
0 0
1 1
2 0
3 0
4 1
5 0
6 0
7 1

When matching output
x: not in operator
y: wrong position

Identity
0 1001100110 5
1 0001010111 5
2 0100010010 3
3 0010000100 2
4 1001100111 6
5 1100000110 4
6 1101111000 6
7 0111110001 6

Matching output
0 absent
1 absent
2 absent
3 absent
4 absent
5 absent
6 absent
7 absent

Left
none
Best: none

Right
none
Best: none

NOT
0 0110011001 5 match 5
1 1110101000 5 match 6
2 1011101101 7
3 1101111011 8
4 0110011000 4 match 1
5 0011111001 6 match 2
6 0010000111 4 match 3
7 1000001110 4 match 4

Matching output
0 absent
1 4
2 5
3 6
4 7
5 0
6 1
7 absent

Left
none
Best: none

Right
none
Best: none

Constant
0 0000000000 a
1 1111111111 a

Matching output
0 absent
1 absent
2 absent
3 absent
4 absent
5 absent
6 absent
7 absent

Left
none
Best: none

Right
none
Best: none

AND
01 10 0001000110 3
12 21 0000010010 2
23 32 0000000000 a
34 43 0000000100 1
45 54 1000000110 3
56 65 1100000000 2
67 76 0101110000 4
70 07 0001100000 2

02 20 0000000010 1
13 31 0000000100 1
24 42 0000000010 1
35 53 0000000100 1
46 64 1001100000 3
57 75 0100000000 1
60 06 1001100000 3
71 17 0001010001 3

03 30 0000000100 1
14 41 0001000111 4
25 52 0100000010 2
36 63 0000000000 a
47 74 0001100001 3
50 05 1000000110 3
61 16 0001010000 2
72 27 0100010000 2

04 40 1001100110 5
15 51 0000000110 2
26 62 0100010000 2
37 73 0010000000 1

Matching output
0 absent
1 absent
2 absent
3 absent
4 absent
5 absent
6 absent
7 absent

Left
none
Best: none

Right
none
Best: none

OR
01 10 1001110111 7
12 21 0101010111 6
23 32 0110010110 5
34 43 1011100111 7
45 54 1101100111 7
56 65 1101111110 8
67 76 1111111001 8
70 07 1111110111 9

02 20 1101110110 7
13 31 0011010111 6
24 42 1101110111 8
35 53 1110000110 5
46 64 1101111111 9
57 75 1111110111 9
60 06 1101111110 8
71 17 0111110111 8

03 30 1011100110 6
14 41 1001110111 7
25 52 1100010110 5
36 63 1111111100 8
47 74 1111110111 9
50 05 1101100110 6
61 16 1101111111 9
72 27 0111110011 7

04 40 1001100111 6
15 51 1101010111 7
26 62 1101111010 7
37 73 0111110101 7

Matching output
0 absent
1 absent
2 absent
3 absent
4 absent
5 absent
6 absent
7 absent

Left
none
Best: none

Right
none
Best: none

XOR
01 10 1000110001 4
12 21 0101000101 4
23 32 0110010110 5
34 43 1011100011 6
45 54 0101100001 4
56 65 0001111110 6
67 76 1010001001 4
70 07 1110010111 7

02 20 1101110100 6
13 31 0011010011 5
24 42 1101110101 7
35 53 1110000010 4
46 64 0100011111 6
57 75 1011110111 8
60 06 0100011110 5
71 17 0110100110 5

03 30 1011100010 5
14 41 1000110000 3
25 52 1000010100 3
36 63 1111111100 8
47 74 1110010110 6
50 05 0101100000 3
61 16 1100101111 7
72 27 0011100011 5

04 40 0000000001 1
15 51 1101010001 5
26 62 1001101010 5
37 73 0101110101 6

Matching output
0 absent
1 absent
2 absent
3 absent
4 absent
5 absent
6 absent
7 absent

Left
none
Best: none

Right
none
Best: none

AND-NOT
01 1000100000 2
12 0001000101 3
23 0100010010 3
34 0010000000 1
45 0001100001 3
56 0000000110 2
67 1000001000 2
70 0110010001 4

02 1001100100 4
13 0001010011 4
24 0100010000 2
35 0010000000 1
46 0000000111 3
57 1000000110 3
60 0100011000 3
71 0110100000 3

03 1001100010 4
14 0000010000 1
25 0000010000 1
36 0010000100 2
47 1000000110 3
50 0100000000 1
61 1100101000 4
72 0011100001 4

04 0000000000 a
15 0001010001 3
26 0000000010 1
37 0000000100 1
40 0000000001 1
51 1100000000 2
62 1001101000 4
73 0101110001 5

05 0001100000 2
16 0000000111 3
27 0000000010 1
30 0010000000 1
41 1000100000 2
52 1000000100 2
63 1101111000 6
74 0110010000 3

06 0000000110 2
17 0000000110 2
20 0100010000 2
31 0010000000 1
42 1001100101 5
53 1100000010 3
64 0100011000 3
75 0011110001 5

07 1000000110 3
10 0000010001 2
21 0100000000 1
32 0010000100 2
43 1001100011 5
54 0100000000 1
65 0001111000 4
76 0010000001 2

Matching output
0 absent
1 absent
2 absent
3 absent
4 absent
5 absent
6 absent
7 absent

Left
none
Best: none

Right
none
Best: none

OR-NOT
01 1111101110 8
12 1011111111 9
23 1101111011 8
34 0110011100 5
45 1011111111 9
56 1110000111 6
67 1101111110 8
70 0111111001 7

02 1011101111 8 match 7
13 1101111111 9
24 0110011010 5
35 0011111101 7
46 1011100111 7
57 1100001110 5
60 1111111001 8
71 1111111001 8

03 1101111111 9
14 0111011111 8
25 0111111011 8
36 0010000111 4 match 3
47 1001101111 7
50 1110011111 8
61 1111111000 7
72 1111111101 9

04 1111111110 9
15 0011111111 8
26 0110010111 6
37 1010001110 5
40 1111111111 a
51 1110101110 7
62 1111111101 9
73 1111111011 9

05 1011111111 9
16 0011010111 6
27 1100011110 6
30 0110011101 6
41 1111101111 9
52 1111101111 9
63 1101111011 8
74 0111111001 7

06 1011100111 7
17 1001011111 7
20 0110011011 6
31 1110101100 6
42 1011101111 8 match 7
53 1101111111 9
64 1111111000 7
75 0111111001 7

07 1001101110 6
10 0111011111 8
21 1110111010 7
32 1011101101 7
43 1101111111 9
54 1110011110 7
65 1111111001 8
76 0111110111 8

Matching output
0 absent
1 absent
2 absent
3 36
4 absent
5 absent
6 absent
7 02 42

Left
none
Best: none

Right
02 71x
42 31x
Best: OR-NOT02: 1

XOR-NOT
01 0111001110 6
12 1010111010 6
23 1001101001 5
34 0100011100 4
45 1010011110 6
56 1110000001 4
67 0101110110 6
70 0001101000 3

02 0010001011 4
13 1100101100 5
24 0010001010 3
35 0001111101 6
46 1011100000 4
57 0100001000 2
60 1011100001 5
71 1001011001 5

03 0100011101 5
14 0111001111 7
25 0111101011 7
36 0000000011 2
47 0001101001 4
50 1010011111 7
61 0011010000 3
72 1100011100 5

04 1111111110 9
15 0010101110 5
26 0110010101 5
37 1010001010 4 match 0
40 1111111110 9
51 0010101110 5
62 0110010101 5
73 1010001010 4 match 0

05 1010011111 7
16 0011010000 3
27 1100011100 5
30 0100011101 5
41 0111001111 7
52 0111101011 7
63 0000000011 2
74 0001101001 4

06 1011100001 5
17 1001011001 5
20 0010001011 4
31 1100101100 5
42 0010001010 3
53 0001111101 6
64 1011100000 4
75 0100001000 2

07 0001101000 3
10 0111001110 6
21 1010111010 6
32 1001101001 5
43 0100011100 4
54 1010011110 6
65 1110000001 4
76 0101110110 6

Matching output
0 37 73
1 absent
2 absent
3 absent
4 absent
5 absent
6 absent
7 absent

Left
37 40x
73 04x
Best: XOR-NOT37: 1

Right
none
Best: none

Selecting

Lefts
Identity none
NOT none
Constant none
AND none
OR none
XOR none
AND-NOT none
OR-NOT none
XOR-NOT XOR-NOT37: 1

Rights
Identity none
NOT none
Constant none
AND none
OR none
XOR none
AND-NOT none
OR-NOT OR-NOT02: 1
XOR-NOT none

Left longest: 1
Right longest: 1

Left winner: Identity no, NOT no, Constant no, AND no, OR no, XOR no, AND-NOT no, OR-NOT no, XOR-NOT yes
Right winner: Identity no, NOT no, Constant no, AND no, OR no, XOR no, AND-NOT no, OR-NOT yes, XOR-NOT no

Best left: XOR-NOT37: 1
Best right: OR-NOT02: 1

Truncated left: XOR-NOT37: 1
Truncated right: OR-NOT02: 1

Tentative from right
7 OR-NOT02
6 pending
5 pending
4 pending
3 pending
2 pending
1 pending
0 pending

Tentative
0 XOR-NOT37
1 pending
2 pending
3 pending
4 pending
5 pending
6 pending
7 OR-NOT02

Preferred from left
0 XOR-NOT37
1 ?40
2 ?51
3 ?62
4 ?73
5 ?04
6 ?15
7 OR-NOT02

Preferred from right
7 OR-NOT02
6 ?15
5 ?04
4 ?73
3 ?62
2 ?51
1 ?40
0 XOR-NOT37

Preferred
0 XOR-NOT37
1 ?40 ?04
2 ?51 ?15
3 ?62 ?26
4 ?73 ?37
5 ?04 ?40
6 ?15 ?51
7 OR-NOT02

Matching
0 XOR-NOT37
1 ?40 ?04 - Identity absent, NOT NOT4, Constant absent, AND absent, OR absent, XOR absent, AND-NOT absent, OR-NOT absent, XOR-NOT absent
2 ?51 ?15 - Identity absent, NOT NOT5, Constant absent, AND absent, OR absent, XOR absent, AND-NOT absent, OR-NOT absent, XOR-NOT absent
3 ?62 ?26 - Identity absent, NOT NOT6, Constant absent, AND absent, OR absent, XOR absent, AND-NOT absent, OR-NOT absent, XOR-NOT absent
4 ?73 ?37 - Identity absent, NOT NOT7, Constant absent, AND absent, OR absent, XOR absent, AND-NOT absent, OR-NOT absent, XOR-NOT absent
5 ?04 ?40 - Identity absent, NOT NOT0, Constant absent, AND absent, OR absent, XOR absent, AND-NOT absent, OR-NOT absent, XOR-NOT absent
6 ?15 ?51 - Identity absent, NOT NOT1, Constant absent, AND absent, OR absent, XOR absent, AND-NOT absent, OR-NOT absent, XOR-NOT absent
7 OR-NOT02

Perfect match
Identity no
NOT yes
Constant no
AND no
OR no
XOR no
AND-NOT no
OR-NOT no
XOR-NOT no

Matched
0 XOR-NOT37
1 NOT4
2 NOT5
3 NOT6
4 NOT7
5 NOT0
6 NOT1
7 OR-NOT02

Selected
0 XOR-NOT37
1 NOT4
2 NOT5
3 NOT6
4 NOT7
5 NOT0
6 NOT1
7 OR-NOT02

Applying to 01010110
Input
0 0
1 1
2 0
3 1
4 0
5 1
6 1
7 0
Output
0 XOR-NOT37 = XOR(1,NOT(0)) = 0
1 NOT4 = NOT(0) = 1
2 NOT5 = NOT(1) = 0
3 NOT6 = NOT(1) = 0
4 NOT7 = NOT(0) = 1
5 NOT0 = NOT(0) = 1
6 NOT1 = NOT(1) = 0
7 OR-NOT02 = OR(0,NOT(0)) = 1

I will now return the answer in \boxed{}
The answer in \boxed is
\boxed{01001101}