We need to deduce the transformation by matching the example outputs.
I will put my final answer inside \boxed{}.

Output 0: 10000010
0 1
1 0
2 0
3 0
4 0
5 0
6 1
7 0

Output 1: 10000001
0 1
1 0
2 0
3 0
4 0
5 0
6 0
7 1

Output 2: 10000101
0 1
1 0
2 0
3 0
4 0
5 1
6 0
7 1

Output 3: 10001010
0 1
1 0
2 0
3 0
4 1
5 0
6 1
7 0

Output 4: 00001000
0 0
1 0
2 0
3 0
4 1
5 0
6 0
7 0

Output 5: 00000000
0 0
1 0
2 0
3 0
4 0
5 0
6 0
7 0

Output 6: 10000000
0 1
1 0
2 0
3 0
4 0
5 0
6 0
7 0

Output 7: 00000000
0 0
1 0
2 0
3 0
4 0
5 0
6 0
7 0

Output 8: 10000010
0 1
1 0
2 0
3 0
4 0
5 0
6 1
7 0

Output bit columns (with bitsum as hash)
0 111100101 6
1 000000000 a
2 000000000 a
3 000000000 a
4 000110000 2
5 001000000 1
6 100100001 3
7 011000000 2

Input 0: 10100111
0 1
1 0
2 1
3 0
4 0
5 1
6 1
7 1

Input 1: 01010011
0 0
1 1
2 0
3 1
4 0
5 0
6 1
7 1

Input 2: 01011111
0 0
1 1
2 0
3 1
4 1
5 1
6 1
7 1

Input 3: 10110101
0 1
1 0
2 1
3 1
4 0
5 1
6 0
7 1

Input 4: 10110000
0 1
1 0
2 1
3 1
4 0
5 0
6 0
7 0

Input 5: 11100000
0 1
1 1
2 1
3 0
4 0
5 0
6 0
7 0

Input 6: 00000101
0 0
1 0
2 0
3 0
4 0
5 1
6 0
7 1

Input 7: 10101010
0 1
1 0
2 1
3 0
4 1
5 0
6 1
7 0

Input 8: 01100111
0 0
1 1
2 1
3 0
4 0
5 1
6 1
7 1

When matching output
x: not in operator
y: wrong position

Identity
0 100111010 5
1 011001001 4
2 100111011 6
3 011110000 4
4 001000010 2
5 101100101 5
6 111000011 5
7 111100101 6 match 0

Matching output
0 7
1 absent
2 absent
3 absent
4 absent
5 absent
6 absent
7 absent

Left
7 0x
Best: I7: 1

Right
none
Best: none

NOT
0 011000101 4
1 100110110 5
2 011000100 3
3 100001111 5
4 110111101 7
5 010011010 4
6 000111100 4
7 000011010 3

Matching output
0 absent
1 absent
2 absent
3 absent
4 absent
5 absent
6 absent
7 absent

Left
none
Best: none

Right
none
Best: none

Constant
0 000000000 a match 1 2 3
1 111111111 a

Matching output
0 absent
1 C0
2 C0
3 C0
4 absent
5 absent
6 absent
7 absent

Left
none
Best: none

Right
none
Best: none

AND
01 10 000001000 1
12 21 000001001 2
23 32 000110000 2 match 4
34 43 001000000 1 match 5
45 54 001000000 1 match 5
56 65 101000001 3
67 76 111000001 4
70 07 100100000 2

02 20 100111010 5
13 31 011000000 2 match 7
24 42 000000010 1
35 53 001100000 2
46 64 001000010 2
57 75 101100101 5
60 06 100000010 2
71 17 011000001 3

03 30 000110000 2 match 4
14 41 001000000 1 match 5
25 52 100100001 3 match 6
36 63 011000000 2 match 7
47 74 001000000 1 match 5
50 05 100100000 2
61 16 011000001 3
72 27 100100001 3 match 6

04 40 000000010 1
15 51 001000001 2
26 62 100000011 3
37 73 011100000 3

Matching output
0 absent
1 absent
2 absent
3 absent
4 23 32 03 30
5 34 43 45 54 14 41 47 74
6 25 52 72 27
7 13 31 36 63

Left
none
Best: none

Right
13 02x
31 20x
36 25 14 03 72y
63 52 41 30 27y
Best: AND36 25 14 03: 4

OR
01 10 111111011 8
12 21 111111011 8
23 32 111111011 8
34 43 011110010 5
45 54 101100111 6
56 65 111100111 7
67 76 111100111 7
70 07 111111111 a

02 20 100111011 6
13 31 011111001 6
24 42 101111011 7
35 53 111110101 7
46 64 111000011 5
57 75 111100101 6 match 0
60 06 111111011 8
71 17 111101101 7

03 30 111111010 7
14 41 011001011 5
25 52 101111111 8
36 63 111110011 7
47 74 111100111 7
50 05 101111111 8
61 16 111001011 6
72 27 111111111 a

04 40 101111010 6
15 51 111101101 7
26 62 111111011 8
37 73 111110101 7

Matching output
0 57 75
1 absent
2 absent
3 absent
4 absent
5 absent
6 absent
7 absent

Left
57 60x
75 06x
Best: OR57: 1

Right
none
Best: none

XOR
01 10 111110011 7
12 21 111110010 6
23 32 111001011 6
34 43 010110010 4
45 54 100100111 5
56 65 010100110 4
67 76 000100110 3
70 07 011011111 7

02 20 000000001 1
13 31 000111001 4
24 42 101111001 6
35 53 110010101 5
46 64 110000001 3
57 75 010000000 1
60 06 011111001 6
71 17 100101100 4

03 30 111001010 5
14 41 010001011 4
25 52 001011110 5
36 63 100110011 5
47 74 110100111 6
50 05 001011111 6
61 16 100001010 3
72 27 011011110 6

04 40 101111000 5
15 51 110101100 5
26 62 011111000 5
37 73 100010101 4

Matching output
0 absent
1 absent
2 absent
3 absent
4 absent
5 absent
6 absent
7 absent

Left
none
Best: none

Right
none
Best: none

AND-NOT
01 100110010 4
12 011000000 2 match 7
23 100001011 4
34 010110000 3
45 000000010 1
56 000100100 2
67 000000010 1
70 011000101 4

02 000000000 a match 1 2 3
13 000001001 2
24 100111001 5
35 010010000 2
46 000000000 a match 1 2 3
57 000000000 a match 1 2 3
60 011000001 3
71 100100100 3

03 100001010 3
14 010001001 3
25 000011010 3
36 000110000 2 match 4
47 000000010 1
50 001000101 3
61 100000010 2
72 011000100 3

04 100111000 4
15 010001000 2
26 000111000 3
37 000010000 1
40 001000000 1 match 5
51 100100100 3
62 011000000 2 match 7
73 100000101 3

05 000011010 3
16 000001000 1
27 000011010 3
30 011000000 2 match 7
41 000000010 1
52 001000100 2
63 100000011 3
74 110100101 5

06 000111000 3
17 000001000 1
20 000000001 1
31 000110000 2 match 4
42 001000000 1 match 5
53 100000101 3
64 110000001 3
75 010000000 1

07 000011010 3
10 011000001 3
21 100110010 4
32 011000000 2 match 7
43 000000010 1
54 100100101 4
65 010000010 2
76 000100100 2

Matching output
0 absent
1 02 46 57
2 02 46 57
3 02 46 57
4 36 31
5 40 42
6 absent
7 12 62 30 32

Left
none
Best: none

Right
12 01x
62 51x
30 27x
32 21x
Best: AND-NOT12: 1

OR-NOT
01 100111110 6
12 011001101 5
23 100111111 7
34 111111101 8
45 011011010 5
56 101111101 7
67 111011011 7
70 111100101 6 match 0

02 111111110 8
13 111001111 7
24 110111111 8
35 011111010 6
46 001111110 6
57 101111111 8
60 111000111 6
71 111110111 8

03 100111111 7
14 111111101 8
25 110111011 7
36 011111100 6
47 001011010 4
50 111100101 6 match 0
61 111110111 8
72 111100101 6 match 0

04 110111111 8
15 011011011 6
26 100111111 7
37 011111010 6
40 011000111 5
51 101110111 7
62 111000111 6
73 111101111 8

05 110111010 6
16 011111101 7
27 100111011 6
30 011110101 6
41 101110110 6
52 111100101 6 match 0
63 111001111 7
74 111111101 8

06 100111110 6
17 011011011 6
20 111111111 a
31 111110110 7
42 011000110 4
53 101101111 7
64 111111111 a
75 111111111 a

07 100111010 5
10 011001101 5
21 100111111 7
32 011110100 5
43 101001111 6
54 111111101 8
65 111011011 7
76 111111101 8

Matching output
0 70 50 72 52
1 absent
2 absent
3 absent
4 absent
5 absent
6 absent
7 absent

Left
70 01x
50 61x
72 03x
52 63x
Best: OR-NOT70: 1

Right
none
Best: none

XOR-NOT
01 000001100 2
12 000001101 3
23 000110100 3
34 101001101 5
45 011011000 4
56 101011001 5
67 111011001 6
70 100100000 2

02 111111110 8
13 111000110 5
24 010000110 3
35 001101010 4
46 001111110 6
57 101111111 8
60 100000110 3
71 011010011 5

03 000110101 4
14 101110100 5
25 110100001 4
36 011001100 4
47 001011000 3
50 110100000 3
61 011110101 6
72 100100001 3 match 6

04 010000111 4
15 001010011 4
26 100000111 4
37 011101010 5
40 010000111 4
51 001010011 4
62 100000111 4
73 011101010 5

05 110100000 3
16 011110101 6
27 100100001 3 match 6
30 000110101 4
41 101110100 5
52 110100001 4
63 011001100 4
74 001011000 3

06 100000110 3
17 011010011 5
20 111111110 8
31 111000110 5
42 010000110 3
53 001101010 4
64 001111110 6
75 101111111 8

07 100100000 2
10 000001100 2
21 000001101 3
32 000110100 3
43 101001101 5
54 011011000 4
65 101011001 5
76 111011001 6

Matching output
0 absent
1 absent
2 absent
3 absent
4 absent
5 absent
6 72 27
7 absent

Left
none
Best: none

Right
none
Best: none

Selecting

Lefts
Identity I7: 1
NOT none
Constant none
AND none
OR OR57: 1
XOR none
AND-NOT none
OR-NOT OR-NOT70: 1
XOR-NOT none

Rights
Identity none
NOT none
Constant none
AND AND36 25 14 03: 4
OR none
XOR none
AND-NOT AND-NOT12: 1
OR-NOT none
XOR-NOT none

Left longest: 1
Right longest: 4

Right winner: Identity no, NOT no, Constant no, AND yes, OR no, XOR no, AND-NOT no, OR-NOT no, XOR-NOT no
Left winner: Identity yes, NOT no, Constant no, AND no, OR no, XOR no, AND-NOT no, OR-NOT no, XOR-NOT no

Best right: AND36 25 14 03: 4
Best left: I7: 1

Truncated right: AND36 25 14 03: 4
Truncated left: I7: 1

Tentative from right
7 AND36
6 AND25
5 AND14
4 AND03
3 pending
2 pending
1 pending
0 pending

Tentative
0 I7
1 pending
2 pending
3 pending
4 AND03
5 AND14
6 AND25
7 AND36

Preferred from right
7 AND36
6 AND25
5 AND14
4 AND03
3 ?72
2 ?61
1 ?50
0 I7

Preferred from left
0 I7
1 ?50
2 ?61
3 ?72
4 AND03
5 AND14
6 AND25
7 AND36

Preferred
0 I7
1 ?50 ?05
2 ?61 ?16
3 ?72 ?27
4 AND03
5 AND14
6 AND25
7 AND36

Matching
0 I7
1 ?50 ?05 - Identity absent, NOT absent, Constant C0, AND absent, OR absent, XOR absent, AND-NOT absent, OR-NOT absent, XOR-NOT absent
2 ?61 ?16 - Identity absent, NOT absent, Constant C0, AND absent, OR absent, XOR absent, AND-NOT absent, OR-NOT absent, XOR-NOT absent
3 ?72 ?27 - Identity absent, NOT absent, Constant C0, AND absent, OR absent, XOR absent, AND-NOT absent, OR-NOT absent, XOR-NOT absent
4 AND03
5 AND14
6 AND25
7 AND36

Perfect match
Identity no
NOT no
Constant yes
AND no
OR no
XOR no
AND-NOT no
OR-NOT no
XOR-NOT no

Matched
0 I7
1 C0
2 C0
3 C0
4 AND03
5 AND14
6 AND25
7 AND36

Selected
0 I7
1 C0
2 C0
3 C0
4 AND03
5 AND14
6 AND25
7 AND36

Applying to 00110000
Input
0 0
1 0
2 1
3 1
4 0
5 0
6 0
7 0
Output
0 I7 = 0
1 C0 = 0
2 C0 = 0
3 C0 = 0
4 AND03 = AND(0,1) = 0
5 AND14 = AND(0,0) = 0
6 AND25 = AND(1,0) = 0
7 AND36 = AND(1,0) = 0

I will now return the answer in \boxed{}
The answer in \boxed is
\boxed{00000000}