We need to deduce the transformation by matching the example outputs.
I will put my final answer inside \boxed{}.

Output 0: 00000101
0 0
1 0
2 0
3 0
4 0
5 1
6 0
7 1

Output 1: 00000010
0 0
1 0
2 0
3 0
4 0
5 0
6 1
7 0

Output 2: 00000001
0 0
1 0
2 0
3 0
4 0
5 0
6 0
7 1

Output 3: 10000011
0 1
1 0
2 0
3 0
4 0
5 0
6 1
7 1

Output 4: 01000011
0 0
1 1
2 0
3 0
4 0
5 0
6 1
7 1

Output 5: 10000101
0 1
1 0
2 0
3 0
4 0
5 1
6 0
7 1

Output 6: 11000100
0 1
1 1
2 0
3 0
4 0
5 1
6 0
7 0

Output 7: 10000110
0 1
1 0
2 0
3 0
4 0
5 1
6 1
7 0

Output 8: 00000110
0 0
1 0
2 0
3 0
4 0
5 1
6 1
7 0

Output 9: 00000001
0 0
1 0
2 0
3 0
4 0
5 0
6 0
7 1

Output bit columns (with bitsum as hash)
0 0001011100 4
1 0000101000 2
2 0000000000 a
3 0000000000 a
4 0000000000 a
5 1000011110 5
6 0101100110 5
7 1011110001 6

Input 0: 10111100
0 1
1 0
2 1
3 1
4 1
5 1
6 0
7 0

Input 1: 01010100
0 0
1 1
2 0
3 1
4 0
5 1
6 0
7 0

Input 2: 00101000
0 0
1 0
2 1
3 0
4 1
5 0
6 0
7 0

Input 3: 01100010
0 0
1 1
2 1
3 0
4 0
5 0
6 1
7 0

Input 4: 01101101
0 0
1 1
2 1
3 0
4 1
5 1
6 0
7 1

Input 5: 10110110
0 1
1 0
2 1
3 1
4 0
5 1
6 1
7 0

Input 6: 10010011
0 1
1 0
2 0
3 1
4 0
5 0
6 1
7 1

Input 7: 11001110
0 1
1 1
2 0
3 0
4 1
5 1
6 1
7 0

Input 8: 11011000
0 1
1 1
2 0
3 1
4 1
5 0
6 0
7 0

Input 9: 00111100
0 0
1 0
2 1
3 1
4 1
5 1
6 0
7 0

When matching output
x: not in operator
y: wrong position

Identity
0 1000011110 5 match 5
1 0101100110 5 match 6
2 1011110001 6 match 7
3 1100011011 6
4 1010100111 6
5 1100110101 6
6 0001011100 4 match 0
7 0000101000 2 match 1

Matching output
0 6
1 7
2 absent
3 absent
4 absent
5 0
6 1
7 2

Left
6 7 0y
Best: I6 7: 2

Right
2 1 0 7y
Best: I2 1 0: 3

NOT
0 0111100001 5
1 1010011001 5
2 0100001110 4
3 0011100100 4
4 0101011000 4
5 0011001010 4
6 1110100011 6
7 1111010111 8

Matching output
0 absent
1 absent
2 absent
3 absent
4 absent
5 absent
6 absent
7 absent

Left
none
Best: none

Right
none
Best: none

Constant
0 0000000000 a match 2 3 4
1 1111111111 a

Matching output
0 absent
1 absent
2 C0
3 C0
4 C0
5 absent
6 absent
7 absent

Left
none
Best: none

Right
none
Best: none

AND
01 10 0000000110 2
12 21 0001100000 2
23 32 1000010001 3
34 43 1000000011 3
45 54 1000100101 4
56 65 0000010100 2
67 76 0000001000 1
70 07 0000001000 1

02 20 1000010000 2
13 31 0100000010 2
24 42 1010100001 4
35 53 1100010001 4
46 64 0000000100 1
57 75 0000100000 1
60 06 0000011100 3
71 17 0000100000 1

03 30 1000011010 4
14 41 0000100110 3
25 52 1000110001 4
36 63 0000011000 2
47 74 0000100000 1
50 05 1000010100 3
61 16 0001000100 2
72 27 0000100000 1

04 40 1000000110 3
15 51 0100100100 3
26 62 0001010000 2
37 73 0000001000 1

Matching output
0 absent
1 absent
2 absent
3 absent
4 absent
5 absent
6 absent
7 absent

Left
none
Best: none

Right
none
Best: none

OR
01 10 1101111110 8
12 21 1111110111 9
23 32 1111111011 9
34 43 1110111111 9
45 54 1110110111 8
56 65 1101111101 8
67 76 0001111100 5
70 07 1000111110 6

02 20 1011111111 9
13 31 1101111111 9
24 42 1011110111 8
35 53 1100111111 8
46 64 1011111111 9
57 75 1100111101 7
60 06 1001011110 6
71 17 0101101110 6

03 30 1100011111 7
14 41 1111100111 8
25 52 1111110101 8
36 63 1101011111 8
47 74 1010101111 7
50 05 1100111111 8
61 16 0101111110 7
72 27 1011111001 7

04 40 1010111111 8
15 51 1101110111 8
26 62 1011111101 8
37 73 1100111011 7

Matching output
0 absent
1 absent
2 absent
3 absent
4 absent
5 absent
6 absent
7 absent

Left
none
Best: none

Right
none
Best: none

XOR
01 10 1101111000 6
12 21 1110010111 7
23 32 0111101010 6
34 43 0110111100 6
45 54 0110010010 4
56 65 1101101001 6
67 76 0001110100 4
70 07 1000110110 5

02 20 0011101111 7
13 31 1001111101 7
24 42 0001010110 4
35 53 0000101110 4
46 64 1011111011 8
57 75 1100011101 6
60 06 1001000010 3
71 17 0101001110 5

03 30 0100000101 3
14 41 1111000001 5
25 52 0111000100 4
36 63 1101000111 6
47 74 1010001111 6
50 05 0100101011 5
61 16 0100111010 5
72 27 1011011001 6

04 40 0010111001 5
15 51 1001010011 5
26 62 1010101101 6
37 73 1100110011 6

Matching output
0 absent
1 absent
2 absent
3 absent
4 absent
5 absent
6 absent
7 absent

Left
none
Best: none

Right
none
Best: none

AND-NOT
01 1000011000 3
12 0100000110 3
23 0011100000 3
34 0100011000 3
45 0010000010 2
56 1100100001 4
67 0001010100 3
70 0000100000 1

02 0000001110 3
13 0001100100 3
24 0001010000 2
35 0000001010 2
46 1010100011 5
57 1100010101 5
60 0001000000 1
71 0000001000 1

03 0000000100 1
14 0101000000 2
25 0011000000 2
36 1100000011 4
47 1010000111 5
50 0100100001 3
61 0000011000 2
72 0000001000 1

04 0000011000 2
15 0001000010 2
26 1010100001 4
37 1100010011 5
40 0010100001 3
51 1000010001 3
62 0000001100 2
73 0000100000 1

05 0000001010 2
16 0100100010 3
27 1011010001 5
30 0100000001 2
41 1010000001 3
52 0100000100 2
63 0001000100 2
74 0000001000 1

06 1000000010 2
17 0101000110 4
20 0011100001 4
31 1000011001 4
42 0000000110 2
53 0000100100 2
64 0001011000 3
75 0000001000 1

07 1000010110 4
10 0101100000 3
21 1010010001 4
32 0100001010 3
43 0010100100 3
54 0100010000 2
65 0001001000 2
76 0000100000 1

Matching output
0 absent
1 absent
2 absent
3 absent
4 absent
5 absent
6 absent
7 absent

Left
none
Best: none

Right
none
Best: none

OR-NOT
01 1010011111 7
12 0101101110 6
23 1011110101 7
34 1101011011 7
45 1011101111 8
56 1110110111 8
67 1111011111 9
70 0111101001 6

02 1100011110 6
13 0111100110 6
24 1111111001 8
35 1111011011 8
46 1110100111 7
57 1111110111 9
60 0111111101 8
71 1010111001 6

03 1011111110 8
14 0101111110 7
25 1011111011 8
36 1110111011 8
47 1111110111 9
50 1111110101 8
61 1011011101 7
72 0100101110 5

04 1101011110 7
15 0111101110 7
26 1111110011 8
37 1111011111 9
40 1111100111 8
51 1110111101 8
62 0101011110 6
73 0011101100 5

05 1011011110 7
16 1111100111 8
27 1111110111 9
30 1111111011 9
41 1010111111 8
52 1100111111 8
63 0011111100 6
74 0101111000 5

06 1110111111 9
17 1111110111 9
20 1111110001 7
31 1110011011 7
42 1110101111 8
53 1111110101 8
64 0101011100 5
75 0011101010 5

07 1111011111 9
10 0111100111 7
21 1011111001 7
32 1100011111 7
43 1011100111 7
54 1101111101 8
65 0011011110 6
76 1110101011 7

Matching output
0 absent
1 absent
2 absent
3 absent
4 absent
5 absent
6 absent
7 absent

Left
none
Best: none

Right
none
Best: none

XOR-NOT
01 0010000111 4
12 0001101000 3
23 1000010101 4
34 1001000011 4
45 1001101101 6
56 0010010110 4
67 1110001011 6
70 0111001001 5

02 1100010000 3
13 0110000010 3
24 1110101001 6
35 1111010001 6
46 0100000100 2
57 0011100010 4
60 0110111101 7
71 1010110001 5

03 1011111010 7
14 0000111110 5
25 1000111011 6
36 0010111000 4
47 0101110000 4
50 1011010100 5
61 1011000101 5
72 0100100110 4

04 1101000110 5
15 0110101100 5
26 0101010010 4
37 0011001100 4
40 1101000110 5
51 0110101100 5
62 0101010010 4
73 0011001100 4

05 1011010100 5
16 1011000101 5
27 0100100110 4
30 1011111010 7
41 0000111110 5
52 1000111011 6
63 0010111000 4
74 0101110000 4

06 0110111101 7
17 1010110001 5
20 1100010000 3
31 0110000010 3
42 1110101001 6
53 1111010001 6
64 0100000100 2
75 0011100010 4

07 0111001001 5
10 0010000111 4
21 0001101000 3
32 1000010101 4
43 1001000011 4
54 1001101101 6
65 0010010110 4
76 1110001011 6

Matching output
0 absent
1 absent
2 absent
3 absent
4 absent
5 absent
6 absent
7 absent

Left
none
Best: none

Right
none
Best: none

Selecting

Lefts
Identity I6 7: 2
NOT none
Constant none
AND none
OR none
XOR none
AND-NOT none
OR-NOT none
XOR-NOT none

Rights
Identity I2 1 0: 3
NOT none
Constant none
AND none
OR none
XOR none
AND-NOT none
OR-NOT none
XOR-NOT none

Left longest: 2
Right longest: 3

Right winner: Identity yes, NOT no, Constant no, AND no, OR no, XOR no, AND-NOT no, OR-NOT no, XOR-NOT no
Left winner: Identity yes, NOT no, Constant no, AND no, OR no, XOR no, AND-NOT no, OR-NOT no, XOR-NOT no

Best right: I2 1 0: 3
Best left: I6 7: 2

Truncated right: I2 1 0: 3
Truncated left: I6 7: 2

Tentative from right
7 I2
6 I1
5 I0
4 pending
3 pending
2 pending
1 pending
0 pending

Tentative
0 I6
1 I7
2 pending
3 pending
4 pending
5 I0
6 I1
7 I2

Preferred from right
7 I2
6 I1
5 I0
4 ??7
3 ??6
2 ??5
1 I7
0 I6

Preferred from left
0 I6
1 I7
2 ?05
3 ?16
4 ?27
5 I0
6 I1
7 I2

Preferred
0 I6
1 I7
2 ?05 ?50
3 ?16 ?61
4 ?27 ?72
5 I0
6 I1
7 I2

Matching
0 I6
1 I7
2 ?05 ?50 - Identity absent, NOT absent, Constant C0, AND absent, OR absent, XOR absent, AND-NOT absent, OR-NOT absent, XOR-NOT absent
3 ?16 ?61 - Identity absent, NOT absent, Constant C0, AND absent, OR absent, XOR absent, AND-NOT absent, OR-NOT absent, XOR-NOT absent
4 ?27 ?72 - Identity absent, NOT absent, Constant C0, AND absent, OR absent, XOR absent, AND-NOT absent, OR-NOT absent, XOR-NOT absent
5 I0
6 I1
7 I2

Perfect match
Identity no
NOT no
Constant yes
AND no
OR no
XOR no
AND-NOT no
OR-NOT no
XOR-NOT no

Matched
0 I6
1 I7
2 C0
3 C0
4 C0
5 I0
6 I1
7 I2

Selected
0 I6
1 I7
2 C0
3 C0
4 C0
5 I0
6 I1
7 I2

Applying to 10011000
Input
0 1
1 0
2 0
3 1
4 1
5 0
6 0
7 0
Output
0 I6 = 0
1 I7 = 0
2 C0 = 0
3 C0 = 0
4 C0 = 0
5 I0 = 1
6 I1 = 0
7 I2 = 0

I will now return the answer in \boxed{}
The answer in \boxed is
\boxed{00000100}