We need to deduce the transformation by matching the example outputs.
I will put my final answer inside \boxed{}.

Output 0: 11000010
0 1
1 1
2 0
3 0
4 0
5 0
6 1
7 0

Output 1: 01011111
0 0
1 1
2 0
3 1
4 1
5 1
6 1
7 1

Output 2: 11110110
0 1
1 1
2 1
3 1
4 0
5 1
6 1
7 0

Output 3: 00011101
0 0
1 0
2 0
3 1
4 1
5 1
6 0
7 1

Output 4: 10011001
0 1
1 0
2 0
3 1
4 1
5 0
6 0
7 1

Output 5: 01011110
0 0
1 1
2 0
3 1
4 1
5 1
6 1
7 0

Output 6: 11000111
0 1
1 1
2 0
3 0
4 0
5 1
6 1
7 1

Output 7: 01100011
0 0
1 1
2 1
3 0
4 0
5 0
6 1
7 1

Output 8: 00000011
0 0
1 0
2 0
3 0
4 0
5 0
6 1
7 1

Output 9: 10100011
0 1
1 0
2 1
3 0
4 0
5 0
6 1
7 1

Output bit columns (with bitsum as hash)
0 1010101001 5
1 1110011100 6
2 0010000101 3
3 0111110000 5
4 0101110000 4
5 0111011000 5
6 1110011111 8
7 0101101111 7

Input 0: 11101101
0 1
1 1
2 1
3 0
4 1
5 1
6 0
7 1

Input 1: 00100001
0 0
1 0
2 1
3 0
4 0
5 0
6 0
7 1

Input 2: 01101100
0 0
1 1
2 1
3 0
4 1
5 1
6 0
7 0

Input 3: 10111010
0 1
1 0
2 1
3 1
4 1
5 0
6 1
7 0

Input 4: 00010001
0 0
1 0
2 0
3 1
4 0
5 0
6 0
7 1

Input 5: 10101000
0 1
1 0
2 1
3 0
4 1
5 0
6 0
7 0

Input 6: 10100111
0 1
1 0
2 1
3 0
4 0
5 1
6 1
7 1

Input 7: 01010111
0 0
1 1
2 0
3 1
4 0
5 1
6 1
7 1

Input 8: 00000111
0 0
1 0
2 0
3 0
4 0
5 1
6 1
7 1

Input 9: 11110110
0 1
1 1
2 1
3 1
4 0
5 1
6 1
7 0

When matching output
x: not in operator
y: wrong position

Identity
0 1001011001 5
1 1010000101 4
2 1111011001 7
3 0001100101 4
4 1011010000 4
5 1010001111 6
6 0001001111 5
7 1100101110 6

Matching output
0 absent
1 absent
2 absent
3 absent
4 absent
5 absent
6 absent
7 absent

Left
none
Best: none

Right
none
Best: none

NOT
0 0110100110 5
1 0101111010 6
2 0000100110 3
3 1110011010 6
4 0100101111 6
5 0101110000 4 match 4
6 1110110000 5
7 0011010001 4

Matching output
0 absent
1 absent
2 absent
3 absent
4 5
5 absent
6 absent
7 absent

Left
none
Best: none

Right
none
Best: none

Constant
0 0000000000 a
1 1111111111 a

Matching output
0 absent
1 absent
2 absent
3 absent
4 absent
5 absent
6 absent
7 absent

Left
none
Best: none

Right
none
Best: none

AND
01 10 1000000001 2
12 21 1010000001 3
23 32 0001000001 2
34 43 0001000000 1
45 54 1010000000 2
56 65 0000001111 4
67 76 0000001110 3
70 07 1000001000 2

02 20 1001011001 5
13 31 0000000101 2
24 42 1011010000 4
35 53 0000000101 2
46 64 0001000000 1
57 75 1000001110 4
60 06 0001001001 3
71 17 1000000100 2

03 30 0001000001 2
14 41 1010000000 2
25 52 1010001001 4
36 63 0001000101 3
47 74 1000000000 1
50 05 1000001001 3
61 16 0000000101 2
72 27 1100001000 3

04 40 1001010000 3
15 51 1010000101 4
26 62 0001001001 3
37 73 0000100100 2

Matching output
0 absent
1 absent
2 absent
3 absent
4 absent
5 absent
6 absent
7 absent

Left
none
Best: none

Right
none
Best: none

OR
01 10 1011011101 7
12 21 1111011101 8
23 32 1111111101 9
34 43 1011110101 7
45 54 1011011111 8
56 65 1011001111 7
67 76 1101101111 8
70 07 1101111111 9

02 20 1111011001 7
13 31 1011100101 6
24 42 1111011001 7
35 53 1011101111 8
46 64 1011011111 8
57 75 1110101111 8
60 06 1001011111 7
71 17 1110101111 8

03 30 1001111101 7
14 41 1011010101 6
25 52 1111011111 9
36 63 0001101111 6
47 74 1111111110 9
50 05 1011011111 8
61 16 1011001111 7
72 27 1111111111 a

04 40 1011011001 6
15 51 1010001111 6
26 62 1111011111 9
37 73 1101101111 8

Matching output
0 absent
1 absent
2 absent
3 absent
4 absent
5 absent
6 absent
7 absent

Left
none
Best: none

Right
none
Best: none

XOR
01 10 0011011100 5
12 21 0101011100 5
23 32 1110111100 7
34 43 1010110101 6
45 54 0001011111 6
56 65 1011000000 3
67 76 1101100001 5
70 07 0101110111 7

02 20 0110000000 2
13 31 1011100000 4
24 42 0100001001 3
35 53 1011101010 6
46 64 1010011111 7
57 75 0110100001 4
60 06 1000010110 4
71 17 0110101011 6

03 30 1000111100 5
14 41 0001010101 4
25 52 0101010110 5
36 63 0000101010 3
47 74 0111111110 8
50 05 0011010110 5
61 16 1011001010 5
72 27 0011110111 7

04 40 0010001001 3
15 51 0000001010 2
26 62 1110010110 6
37 73 1101001011 6

Matching output
0 absent
1 absent
2 absent
3 absent
4 absent
5 absent
6 absent
7 absent

Left
none
Best: none

Right
none
Best: none

AND-NOT
01 0001011000 3
12 0000000100 1
23 1110011000 5
34 0000100101 3
45 0001010000 2
56 1010000000 2
67 0001000001 2
70 0100100110 4

02 0000000000 a
13 1010000000 2
24 0100001001 3
35 0001100000 2
46 1010010000 3
57 0010000001 2
60 0000000110 2
71 0100101010 4

03 1000011000 3
14 0000000101 2
25 0101010000 3
36 0000100000 1
47 0011010000 3
50 0010000110 3
61 0001001010 3
72 0000100110 3

04 0000001001 2
15 0000000000 a
26 1110010000 4
37 0001000001 2
40 0010000000 1
51 0000001010 2
62 0000000110 2
73 1100001010 4

05 0001010000 2
16 1010000000 2
27 0011010001 4
30 0000100100 2
41 0001010000 2
52 0000000110 2
63 0000001010 2
74 0100101110 5

06 1000010000 2
17 0010000001 2
20 0110000000 2
31 0001100000 2
42 0000000000 a
53 1010001010 4
64 0000001111 4
75 0100100000 2

07 0001010001 3
10 0010000100 2
21 0101011000 4
32 0000100100 2
43 1010010000 3
54 0000001111 4
65 0001000000 1
76 1100100000 3

Matching output
0 absent
1 absent
2 absent
3 absent
4 absent
5 absent
6 absent
7 absent

Left
none
Best: none

Right
none
Best: none

OR-NOT
01 1101111011 8
12 1010100111 6
23 1111011011 8
34 0101101111 7 match 7
45 1111110000 6
56 1110111111 9
67 0011011111 7
70 1110101110 7

02 1001111111 8
13 1110011111 8 match 6
24 1111111111 a
35 0101110101 6
46 1111110000 6
57 1011011111 8
60 0111101111 8
71 1101111110 8

03 1111011011 8
14 1110101111 8
25 1111111001 8
36 1111110101 8
47 1011010001 5
50 1110101111 8
61 0101111111 8
72 1100101110 6

04 1101111111 9
15 1111110101 8
26 1111111001 8
37 0011110101 6
40 1111110110 8
51 1111111111 a
62 0001101111 6
73 1110111110 8

05 1101111001 7
16 1110110101 7
27 1111011001 7
30 0111100111 7
41 1111111010 8
52 1010101111 7
63 1111011111 9
74 1100101111 7

06 1111111001 8
17 1011010101 6
20 1111111111 a
31 0101111111 8
42 1011110110 7
53 1110011111 8 match 6
64 0101101111 7 match 7
75 1101111110 8

07 1011011001 6
10 1110100111 7
21 1111111011 9
32 0001100111 5
43 1111011010 7
54 1110101111 8
65 0101111111 8
76 1110111110 8

Matching output
0 absent
1 absent
2 absent
3 absent
4 absent
5 absent
6 13 53
7 34 64

Left
none
Best: none

Right
34 23x
64 53 42x
Best: OR-NOT64 53: 2

XOR-NOT
01 1100100011 5
12 1010100011 5
23 0001000011 3
34 0101001010 4
45 1110100000 4
56 0100111111 7
67 0010011110 5
70 1010001000 3

02 1001111111 8
13 0100011111 6
24 1011110110 7
35 0100010101 4
46 0101100000 3
57 1001011110 6
60 0111101001 6
71 1001010100 4

03 0111000011 5
14 1110101010 6
25 1010101001 5 match 0
36 1111010101 7
47 1000000001 2
50 1100101001 5
61 0100110101 5
72 1100001000 3

04 1101110110 7
15 1111110101 8
26 0001101001 4
37 0010110100 4
40 1101110110 7
51 1111110101 8
62 0001101001 4
73 0010110100 4

05 1100101001 5
16 0100110101 5
27 1100001000 3
30 0111000011 5
41 1110101010 6
52 1010101001 5 match 0
63 1111010101 7
74 1000000001 2

06 0111101001 6
17 1001010100 4
20 1001111111 8
31 0100011111 6
42 1011110110 7
53 0100010101 4
64 0101100000 3
75 1001011110 6

07 1010001000 3
10 1100100011 5
21 1010100011 5
32 0001000011 3
43 0101001010 4
54 1110100000 4
65 0100111111 7
76 0010011110 5

Matching output
0 25 52
1 absent
2 absent
3 absent
4 absent
5 absent
6 absent
7 absent

Left
25 36x
52 63x
Best: XOR-NOT25: 1

Right
none
Best: none

Selecting

Lefts
Identity none
NOT none
Constant none
AND none
OR none
XOR none
AND-NOT none
OR-NOT none
XOR-NOT XOR-NOT25: 1

Rights
Identity none
NOT none
Constant none
AND none
OR none
XOR none
AND-NOT none
OR-NOT OR-NOT64 53: 2
XOR-NOT none

Left longest: 1
Right longest: 2

Right winner: Identity no, NOT no, Constant no, AND no, OR no, XOR no, AND-NOT no, OR-NOT yes, XOR-NOT no
Left winner: Identity no, NOT no, Constant no, AND no, OR no, XOR no, AND-NOT no, OR-NOT no, XOR-NOT yes

Best right: OR-NOT64 53: 2
Best left: XOR-NOT25: 1

Truncated right: OR-NOT64 53: 2
Truncated left: XOR-NOT25: 1

Tentative from right
7 OR-NOT64
6 OR-NOT53
5 pending
4 pending
3 pending
2 pending
1 pending
0 pending

Tentative
0 XOR-NOT25
1 pending
2 pending
3 pending
4 pending
5 pending
6 OR-NOT53
7 OR-NOT64

Preferred from right
7 OR-NOT64
6 OR-NOT53
5 ?42
4 ?31
3 ?20
2 ?17
1 ?06
0 XOR-NOT25

Preferred from left
0 XOR-NOT25
1 ?06
2 ?17
3 ?20
4 ?31
5 ?42
6 OR-NOT53
7 OR-NOT64

Preferred
0 XOR-NOT25
1 ?06 ?60
2 ?17 ?71
3 ?20 ?02
4 ?31 ?13
5 ?42 ?24
6 OR-NOT53
7 OR-NOT64

Matching
0 XOR-NOT25
1 ?06 ?60 - Identity absent, NOT absent, Constant absent, AND absent, OR absent, XOR absent, AND-NOT absent, OR-NOT absent, XOR-NOT absent
2 ?17 ?71 - Identity absent, NOT absent, Constant absent, AND absent, OR absent, XOR absent, AND-NOT absent, OR-NOT absent, XOR-NOT absent
3 ?20 ?02 - Identity absent, NOT absent, Constant absent, AND absent, OR absent, XOR absent, AND-NOT absent, OR-NOT absent, XOR-NOT absent
4 ?31 ?13 - Identity absent, NOT absent, Constant absent, AND absent, OR absent, XOR absent, AND-NOT absent, OR-NOT absent, XOR-NOT absent
5 ?42 ?24 - Identity absent, NOT absent, Constant absent, AND absent, OR absent, XOR absent, AND-NOT absent, OR-NOT absent, XOR-NOT absent
6 OR-NOT53
7 OR-NOT64

Perfect match
Identity no
NOT no
Constant no
AND no
OR no
XOR no
AND-NOT no
OR-NOT no
XOR-NOT no

Matched
0 XOR-NOT25
1 none
2 none
3 none
4 none
5 none
6 OR-NOT53
7 OR-NOT64

Selected
0 XOR-NOT25
1 default 1
2 default 1
3 default 1
4 NOT5
5 default 1
6 OR-NOT53
7 OR-NOT64

Applying to 00010000
Input
0 0
1 0
2 0
3 1
4 0
5 0
6 0
7 0
Output
0 XOR-NOT25 = XOR(0,NOT(0)) = 1
1 default 1 = 1
2 default 1 = 1
3 default 1 = 1
4 NOT5 = NOT(0) = 1
5 default 1 = 1
6 OR-NOT53 = OR(0,NOT(1)) = 0
7 OR-NOT64 = OR(0,NOT(0)) = 1

I will now return the answer in \boxed{}
The answer in \boxed{–} is \boxed{11111101}