We need to deduce the transformation by matching the example outputs.
I will put my final answer inside \boxed{}.

Output 0: 00011100
0 0
1 0
2 0
3 1
4 1
5 1
6 0
7 0

Output 1: 10101001
0 1
1 0
2 1
3 0
4 1
5 0
6 0
7 1

Output 2: 10111001
0 1
1 0
2 1
3 1
4 1
5 0
6 0
7 1

Output 3: 01110011
0 0
1 1
2 1
3 1
4 0
5 0
6 1
7 1

Output 4: 01000110
0 0
1 1
2 0
3 0
4 0
5 1
6 1
7 0

Output 5: 01111011
0 0
1 1
2 1
3 1
4 1
5 0
6 1
7 1

Output 6: 10010000
0 1
1 0
2 0
3 1
4 0
5 0
6 0
7 0

Output 7: 10000000
0 1
1 0
2 0
3 0
4 0
5 0
6 0
7 0

Output 8: 00010000
0 0
1 0
2 0
3 1
4 0
5 0
6 0
7 0

Output bit columns (with bitsum as hash)
0 011000110 4
1 000111000 3
2 011101000 4
3 101101101 6
4 111001000 4
5 100010000 2
6 000111000 3
7 011101000 4

Input 0: 01000101
0 0
1 1
2 0
3 0
4 0
5 1
6 0
7 1

Input 1: 00101011
0 0
1 0
2 1
3 0
4 1
5 0
6 1
7 1

Input 2: 00101111
0 0
1 0
2 1
3 0
4 1
5 1
6 1
7 1

Input 3: 11011010
0 1
1 1
2 0
3 1
4 1
5 0
6 1
7 0

Input 4: 11010111
0 1
1 1
2 0
3 1
4 0
5 1
6 1
7 1

Input 5: 11011000
0 1
1 1
2 0
3 1
4 1
5 0
6 0
7 0

Input 6: 11100011
0 1
1 1
2 1
3 0
4 0
5 0
6 1
7 1

Input 7: 10100101
0 1
1 0
2 1
3 0
4 0
5 1
6 0
7 1

Input 8: 01000110
0 0
1 1
2 0
3 0
4 0
5 1
6 1
7 0

When matching output
x: not in operator
y: wrong position

Identity
0 000111110 5
1 100111101 6
2 011000110 4 match 0
3 000111000 3 match 1 6
4 011101000 4 match 2 7
5 101010011 5
6 011110101 6
7 111010110 6

Matching output
0 2
1 3
2 4
3 absent
4 absent
5 absent
6 3
7 4

Left
2 3 4 5x
Best: I2 3 4: 3

Right
4 3 2y
Best: I4 3: 2

NOT
0 111000001 4
1 011000010 3
2 100111001 5
3 111000111 6
4 100010111 5
5 010101100 4
6 100001010 3
7 000101001 3

Matching output
0 absent
1 absent
2 absent
3 absent
4 absent
5 absent
6 absent
7 absent

Left
none
Best: none

Right
none
Best: none

Constant
0 000000000 a
1 111111111 a

Matching output
0 absent
1 absent
2 absent
3 absent
4 absent
5 absent
6 absent
7 absent

Left
none
Best: none

Right
none
Best: none

AND
01 10 000111100 4
12 21 000000100 1
23 32 000000000 a
34 43 000101000 2
45 54 001000000 1
56 65 001010001 3
67 76 011010100 4
70 07 000010110 3

02 20 000000110 2
13 31 000111000 3 match 1 6
24 42 011000000 2
35 53 000010000 1
46 64 011100000 3
57 75 101010010 4
60 06 000110100 3
71 17 100010100 3

03 30 000111000 3 match 1 6
14 41 000101000 2
25 52 001000010 2
36 63 000110000 2
47 74 011000000 2
50 05 000010010 2
61 16 000110101 4
72 27 011000110 4 match 0

04 40 000101000 2
15 51 100010001 3
26 62 011000100 3
37 73 000010000 1

Matching output
0 72 27
1 13 31 03 30
2 absent
3 absent
4 absent
5 absent
6 13 31 03 30
7 absent

Left
72 03 14x
27 30 41x
Best: AND72 03: 2

Right
none
Best: none

OR
01 10 100111111 7
12 21 111111111 a
23 32 011111110 7
34 43 011111000 5
45 54 111111011 8
56 65 111110111 8
67 76 111110111 8
70 07 111111110 8

02 20 011111110 7
13 31 100111101 6
24 42 011101110 6
35 53 101111011 7
46 64 011111101 7
57 75 111010111 7
60 06 011111111 8
71 17 111111111 a

03 30 000111110 5
14 41 111111101 8
25 52 111010111 7
36 63 011111101 7
47 74 111111110 8
50 05 101111111 8
61 16 111111101 8
72 27 111010110 6

04 40 011111110 7
15 51 101111111 8
26 62 011110111 7
37 73 111111110 8

Matching output
0 absent
1 absent
2 absent
3 absent
4 absent
5 absent
6 absent
7 absent

Left
none
Best: none

Right
none
Best: none

XOR
01 10 100000011 3
12 21 111111011 8
23 32 011111110 7
34 43 011010000 3
45 54 110111011 7
56 65 110100110 5
67 76 100100011 4
70 07 111101000 5

02 20 011111000 5
13 31 100000101 3
24 42 000101110 4
35 53 101101011 6
46 64 000011101 4
57 75 010000101 3
60 06 011001011 5
71 17 011101011 6

03 30 000000110 2
14 41 111010101 6
25 52 110010101 5
36 63 011001101 5
47 74 100111110 6
50 05 101101101 6 match 3
61 16 111001000 4 match 4
72 27 100010000 2 match 5

04 40 011010110 5
15 51 001101110 5
26 62 000110011 4
37 73 111101110 7

Matching output
0 absent
1 absent
2 absent
3 50 05
4 61 16
5 72 27
6 absent
7 absent

Left
none
Best: none

Right
none
Best: none

AND-NOT
01 000000010 1
12 100111001 5
23 011000110 4 match 0
34 000010000 1
45 010101000 3
56 100000010 2
67 000100001 2
70 111000000 3

02 000111000 3 match 1 6
13 100000101 3
24 000000110 2
35 000101000 2
46 000001000 1
57 000000001 1
60 011000001 3
71 011000010 3

03 000000110 2
14 100010101 4
25 010000100 2
36 000001000 1
47 000101000 2
50 101000001 3
61 011000000 2
72 100010000 2 match 5

04 000010110 3
15 000101100 3
26 000000010 1
37 000101000 2
40 011000000 2
51 001000010 2
62 000110001 3
73 111000110 5

05 000101100 3
16 100001000 2
27 000000000 a
30 000000000 a
41 011000000 2
52 100010001 3
63 011000101 4
74 100010110 4

06 000001010 2
17 000101001 3
20 011000000 2
31 000000000 a
42 000101000 2
53 101000011 4
64 000010101 3
75 010000100 2

07 000101000 2
10 100000001 2
21 011000010 3
32 000111000 3 match 1 6
43 011000000 2
54 100010011 4
65 010100100 3
76 100000010 2

Matching output
0 23
1 02 32
2 absent
3 absent
4 absent
5 72
6 02 32
7 absent

Left
23 34x
Best: AND-NOT23: 1

Right
none
Best: none

OR-NOT
01 011111110 7
12 100111101 6
23 111000111 6
34 100111111 7
45 011101100 5
56 101011011 6
67 011111101 7
70 111010111 7

02 100111111 7
13 111111111 a
24 111010111 7
35 010111100 5
46 111101010 6
57 101111011 7
60 111110101 7
71 111010110 6

03 111111111 a
14 100111111 7
25 011101110 6
36 100111010 5
47 011101001 5
50 111010011 6
61 011110111 7
72 111111111 a

04 100111111 7
15 110111101 7
26 111001110 6
37 000111001 4
40 111101001 6
51 111010011 6
62 111111101 8
73 111010111 7

05 010111110 6
16 100111111 7
27 011101111 7
30 111111001 7
41 011101010 5
52 101111011 7
63 111110111 8
74 111010111 7

06 100111110 6
17 100111101 6
20 111000111 6
31 011111010 6
42 111111001 7
53 111010111 7
64 111110111 8
75 111111110 8

07 000111111 6
10 111111101 8
21 011000110 4 match 0
32 100111001 5
43 111101111 8
54 101010111 6
65 011111101 7
76 111011110 7

Matching output
0 21
1 absent
2 absent
3 absent
4 absent
5 absent
6 absent
7 absent

Left
21 32x
Best: OR-NOT21: 1

Right
none
Best: none

XOR-NOT
01 011111100 6
12 000000100 1
23 100000001 2
34 100101111 6
45 001000100 2
56 001011001 4
67 011011100 5
70 000010111 4

02 100000111 4
13 011111010 6
24 111010001 5
35 010010100 3
46 111100010 5
57 101111010 6
60 100110100 4
71 100010100 3

03 111111001 7
14 000101010 3
25 001101010 4
36 100110010 4
47 011000001 3
50 010010010 3
61 000110111 5
72 011101111 7

04 100101001 4
15 110010001 4
26 111001100 5
37 000010001 2
40 100101001 4
51 110010001 4
62 111001100 5
73 000010001 2

05 010010010 3
16 000110111 5
27 011101111 7
30 111111001 7
41 000101010 3
52 001101010 4
63 100110010 4
74 011000001 3

06 100110100 4
17 100010100 3
20 100000111 4
31 011111010 6
42 111010001 5
53 010010100 3
64 111100010 5
75 101111010 6

07 000010111 4
10 011111100 6
21 000000100 1
32 100000001 2
43 100101111 6
54 001000100 2
65 001011001 4
76 011011100 5

Matching output
0 absent
1 absent
2 absent
3 absent
4 absent
5 absent
6 absent
7 absent

Left
none
Best: none

Right
none
Best: none

Selecting

Lefts
Identity I2 3 4: 3
NOT none
Constant none
AND AND72 03: 2
OR none
XOR none
AND-NOT AND-NOT23: 1
OR-NOT OR-NOT21: 1
XOR-NOT none

Rights
Identity I4 3: 2
NOT none
Constant none
AND none
OR none
XOR none
AND-NOT none
OR-NOT none
XOR-NOT none

Left longest: 3
Right longest: 2

Left winner: Identity yes, NOT no, Constant no, AND no, OR no, XOR no, AND-NOT no, OR-NOT no, XOR-NOT no
Right winner: Identity yes, NOT no, Constant no, AND no, OR no, XOR no, AND-NOT no, OR-NOT no, XOR-NOT no

Best left: I2 3 4: 3
Best right: I4 3: 2

Truncated left: I2 3 4: 3
Truncated right: I4 3: 2

Tentative from right
7 I4
6 I3
5 pending
4 pending
3 pending
2 pending
1 pending
0 pending

Tentative
0 I2
1 I3
2 I4
3 pending
4 pending
5 pending
6 I3
7 I4

Preferred from left
0 I2
1 I3
2 I4
3 ?5?
4 ?6?
5 ?7?
6 I3
7 I4

Preferred from right
7 I4
6 I3
5 ?72
4 ?61
3 ?50
2 I4
1 I3
0 I2

Preferred
0 I2
1 I3
2 I4
3 ?50 ?05
4 ?61 ?16
5 ?72 ?27
6 I3
7 I4

Matching
0 I2
1 I3
2 I4
3 ?50 ?05 - Identity absent, NOT absent, Constant absent, AND absent, OR absent, XOR50, AND-NOT absent, OR-NOT absent, XOR-NOT absent
4 ?61 ?16 - Identity absent, NOT absent, Constant absent, AND absent, OR absent, XOR61, AND-NOT absent, OR-NOT absent, XOR-NOT absent
5 ?72 ?27 - Identity absent, NOT absent, Constant absent, AND absent, OR absent, XOR72, AND-NOT72, OR-NOT absent, XOR-NOT absent
6 I3
7 I4

Perfect match
Identity no
NOT no
Constant no
AND no
OR no
XOR yes
AND-NOT no
OR-NOT no
XOR-NOT no

Matched
0 I2
1 I3
2 I4
3 XOR50
4 XOR61
5 XOR72
6 I3
7 I4

Selected
0 I2
1 I3
2 I4
3 XOR50
4 XOR61
5 XOR72
6 I3
7 I4

Applying to 01101001
Input
0 0
1 1
2 1
3 0
4 1
5 0
6 0
7 1
Output
0 I2 = 1
1 I3 = 0
2 I4 = 1
3 XOR50 = XOR(0,0) = 0
4 XOR61 = XOR(0,1) = 1
5 XOR72 = XOR(1,1) = 0
6 I3 = 0
7 I4 = 1

I will now return the answer in \boxed{}
The answer in \boxed is
\boxed{10101001}