We need to deduce the transformation by matching the example outputs.
I will put my final answer inside \boxed{}.

Output 0: 10001111
0 1
1 0
2 0
3 0
4 1
5 1
6 1
7 1

Output 1: 11111100
0 1
1 1
2 1
3 1
4 1
5 1
6 0
7 0

Output 2: 11101011
0 1
1 1
2 1
3 0
4 1
5 0
6 1
7 1

Output 3: 11101110
0 1
1 1
2 1
3 0
4 1
5 1
6 1
7 0

Output 4: 00011101
0 0
1 0
2 0
3 1
4 1
5 1
6 0
7 1

Output 5: 10011110
0 1
1 0
2 0
3 1
4 1
5 1
6 1
7 0

Output 6: 01111000
0 0
1 1
2 1
3 1
4 1
5 0
6 0
7 0

Output 7: 00010111
0 0
1 0
2 0
3 1
4 0
5 1
6 1
7 1

Output bit columns (with bitsum as hash)
0 11110100 5
1 01110010 4
2 01110010 4
3 01001111 5
4 11111110 7
5 11011101 6
6 10110101 5
7 10101001 4

Input 0: 11110000
0 1
1 1
2 1
3 1
4 0
5 0
6 0
7 0

Input 1: 11000111
0 1
1 1
2 0
3 0
4 0
5 1
6 1
7 1

Input 2: 00101000
0 0
1 0
2 1
3 0
4 1
5 0
6 0
7 0

Input 3: 10100010
0 1
1 0
2 1
3 0
4 0
5 0
6 1
7 0

Input 4: 11000100
0 1
1 1
2 0
3 0
4 0
5 1
6 0
7 0

Input 5: 01001010
0 0
1 1
2 0
3 0
4 1
5 0
6 1
7 0

Input 6: 10001110
0 1
1 0
2 0
3 0
4 1
5 1
6 1
7 0

Input 7: 00010011
0 0
1 0
2 0
3 1
4 0
5 0
6 1
7 1

When matching output
x: not in operator
y: wrong position

Identity
0 11011010 5
1 11001100 4
2 10110000 3
3 10000001 2
4 00100110 3
5 01001010 3
6 01010111 5
7 01000001 2

Matching output
0 absent
1 absent
2 absent
3 absent
4 absent
5 absent
6 absent
7 absent

Left
none
Best: none

Right
none
Best: none

NOT
0 00100101 3
1 00110011 4
2 01001111 5 match 3
3 01111110 6
4 11011001 5
5 10110101 5 match 6
6 10101000 3
7 10111110 6

Matching output
0 absent
1 absent
2 absent
3 2
4 absent
5 absent
6 5
7 absent

Left
none
Best: none

Right
none
Best: none

Constant
0 00000000 a
1 11111111 a

Matching output
0 absent
1 absent
2 absent
3 absent
4 absent
5 absent
6 absent
7 absent

Left
none
Best: none

Right
none
Best: none

AND
01 10 11001000 3
12 21 10000000 1
23 32 10000000 1
34 43 00000000 a
45 54 00000010 1
56 65 01000010 2
67 76 01000001 2
70 07 01000000 1

02 20 10010000 2
13 31 10000000 1
24 42 00100000 1
35 53 00000000 a
46 64 00000110 2
57 75 01000000 1
60 06 01010010 3
71 17 01000000 1

03 30 10000000 1
14 41 00000100 1
25 52 00000000 a
36 63 00000001 1
47 74 00000000 a
50 05 01001010 3
61 16 01000100 2
72 27 00000000 a

04 40 00000010 1
15 51 01001000 2
26 62 00010000 1
37 73 00000001 1

Matching output
0 absent
1 absent
2 absent
3 absent
4 absent
5 absent
6 absent
7 absent

Left
none
Best: none

Right
none
Best: none

OR
01 10 11011110 6
12 21 11111100 6
23 32 10110001 4
34 43 10100111 5
45 54 01101110 5
56 65 01011111 6
67 76 01010111 5
70 07 11011011 6

02 20 11111010 6
13 31 11001101 5
24 42 10110110 5
35 53 11001011 5
46 64 01110111 6
57 75 01001011 4
60 06 11011111 7
71 17 11001101 5

03 30 11011011 6
14 41 11101110 6
25 52 11111010 6
36 63 11010111 6
47 74 01100111 5
50 05 11011010 5
61 16 11011111 7
72 27 11110001 5

04 40 11111110 7 match 4
15 51 11001110 5
26 62 11110111 7
37 73 11000001 3

Matching output
0 absent
1 absent
2 absent
3 absent
4 04 40
5 absent
6 absent
7 absent

Left
none
Best: none

Right
none
Best: none

XOR
01 10 00010110 3
12 21 01111100 5
23 32 00110001 3
34 43 10100111 5
45 54 01101100 4
56 65 00011101 4
67 76 00010110 3
70 07 10011011 5

02 20 01101010 4
13 31 01001101 4
24 42 10010110 4
35 53 11001011 5
46 64 01110001 4
57 75 00001011 3
60 06 10001101 4
71 17 10001101 4

03 30 01011011 5
14 41 11101010 5
25 52 11111010 6
36 63 11010110 5
47 74 01100111 5
50 05 10010000 2
61 16 10011011 5
72 27 11110001 5

04 40 11111100 6
15 51 10000110 3
26 62 11100111 6
37 73 11000000 2

Matching output
0 absent
1 absent
2 absent
3 absent
4 absent
5 absent
6 absent
7 absent

Left
none
Best: none

Right
none
Best: none

AND-NOT
01 00010010 2
12 01001100 3
23 00110000 2
34 10000001 2
45 00100100 2
56 00001000 1
67 00010110 3
70 00000001 1

02 01001010 3
13 01001100 3
24 10010000 2
35 10000001 2
46 00100000 1
57 00001010 2
60 00000101 2
71 00000001 1

03 01011010 4
14 11001000 3
25 10110000 3
36 10000000 1
47 00100110 3
50 00000000 a
61 00010011 3
72 01000001 2

04 11011000 4
15 10000100 2
26 10100000 2
37 10000000 1
40 00100100 2
51 00000010 1
62 01000111 4
73 01000000 1

05 10010000 2
16 10001000 2
27 10110000 3
30 00000001 1
41 00100010 2
52 01001010 3
63 01010110 4
74 01000001 2

06 10001000 2
17 10001100 3
20 00100000 1
31 00000001 1
42 00000110 2
53 01001010 3
64 01010001 3
75 00000001 1

07 10011010 4
10 00000100 1
21 00110000 2
32 00000001 1
43 00100110 3
54 01001000 2
65 00010101 3
76 00000000 a

Matching output
0 absent
1 absent
2 absent
3 absent
4 absent
5 absent
6 absent
7 absent

Left
none
Best: none

Right
none
Best: none

OR-NOT
01 11111011 7
12 11001111 6
23 11111110 7 match 4
34 11011001 5
45 10110111 6
56 11101010 5
67 11111111 a
70 01100101 4

02 11011111 7
13 11111110 7 match 4
24 11111001 6
35 10110101 5 match 6
46 10101110 5
57 11111110 7 match 4
60 01110111 6
71 01110011 5

03 11111110 7 match 4
14 11011101 6 match 5
25 10110101 5 match 6
36 10101001 4 match 7
47 10111110 6
50 01101111 6
61 01110111 6
72 01001111 5 match 3

04 11011011 6
15 11111101 7
26 10111000 4
37 10111111 7
40 00100111 4
51 01111011 6
62 01011111 6
73 01111111 7

05 11111111 a
16 11101100 5
27 10111110 6
30 10100101 4
41 00110111 5
52 01001111 5 match 3
63 01111111 7
74 11011001 5

06 11111010 6
17 11111110 7 match 4
20 10110101 5 match 6
31 10110011 5
42 01101111 6
53 01111110 6
64 11011111 7
75 11110101 6

07 11111110 7 match 4
10 11101101 6
21 10110011 5
32 11001111 6
43 01111110 6
54 11011011 6
65 11110111 7
76 11101001 5

Matching output
0 absent
1 absent
2 absent
3 72 52
4 23 13 57 03 17 07
5 14
6 35 25 20
7 36

Left
none
Best: none

Right
36 25 14 03 72 61x
Best: OR-NOT36 25 14 03 72: 5

XOR-NOT
01 11101001 5
12 10000011 3
23 11001110 5
34 01011000 3
45 10010011 4
56 11100010 4
67 11101001 5
70 01100100 3

02 10010101 4
13 10110010 4
24 01101001 4
35 00110100 3
46 10001110 4
57 11110100 5 match 0
60 01110010 4 match 1 2
71 01110010 4 match 1 2

03 10100100 3
14 00010101 3
25 00000101 2
36 00101001 3
47 10011000 3
50 01101111 6
61 01100100 3
72 00001110 3

04 00000011 2
15 01111001 5
26 00011000 2
37 00111111 6
40 00000011 2
51 01111001 5
62 00011000 2
73 00111111 6

05 01101111 6
16 01100100 3
27 00001110 3
30 10100100 3
41 00010101 3
52 00000101 2
63 00101001 3
74 10011000 3

06 01110010 4 match 1 2
17 01110010 4 match 1 2
20 10010101 4
31 10110010 4
42 01101001 4
53 00110100 3
64 10001110 4
75 11110100 5 match 0

07 01100100 3
10 11101001 5
21 10000011 3
32 11001110 5
43 01011000 3
54 10010011 4
65 11100010 4
76 11101001 5

Matching output
0 57 75
1 60 71 06 17
2 60 71 06 17
3 absent
4 absent
5 absent
6 absent
7 absent

Left
57 60 71 02x
75 06 17 20x
Best: XOR-NOT57 60 71: 3

Right
none
Best: none

Selecting

Lefts
Identity none
NOT none
Constant none
AND none
OR none
XOR none
AND-NOT none
OR-NOT none
XOR-NOT XOR-NOT57 60 71: 3

Rights
Identity none
NOT none
Constant none
AND none
OR none
XOR none
AND-NOT none
OR-NOT OR-NOT36 25 14 03 72: 5
XOR-NOT none

Left longest: 3
Right longest: 5

Right winner: Identity no, NOT no, Constant no, AND no, OR no, XOR no, AND-NOT no, OR-NOT yes, XOR-NOT no
Left winner: Identity no, NOT no, Constant no, AND no, OR no, XOR no, AND-NOT no, OR-NOT no, XOR-NOT yes

Best right: OR-NOT36 25 14 03 72: 5
Best left: XOR-NOT57 60 71: 3

Truncated right: OR-NOT36 25 14 03 72: 5
Truncated left: XOR-NOT57 60 71: 3

Tentative from right
7 OR-NOT36
6 OR-NOT25
5 OR-NOT14
4 OR-NOT03
3 OR-NOT72
2 pending
1 pending
0 pending

Tentative
0 XOR-NOT57
1 XOR-NOT60
2 XOR-NOT71
3 OR-NOT72
4 OR-NOT03
5 OR-NOT14
6 OR-NOT25
7 OR-NOT36

Preferred from right
7 OR-NOT36
6 OR-NOT25
5 OR-NOT14
4 OR-NOT03
3 OR-NOT72
2 XOR-NOT71
1 XOR-NOT60
0 XOR-NOT57

Preferred from left
0 XOR-NOT57
1 XOR-NOT60
2 XOR-NOT71
3 OR-NOT72
4 OR-NOT03
5 OR-NOT14
6 OR-NOT25
7 OR-NOT36

Preferred
0 XOR-NOT57
1 XOR-NOT60
2 XOR-NOT71
3 OR-NOT72
4 OR-NOT03
5 OR-NOT14
6 OR-NOT25
7 OR-NOT36

Matching
0 XOR-NOT57
1 XOR-NOT60
2 XOR-NOT71
3 OR-NOT72
4 OR-NOT03
5 OR-NOT14
6 OR-NOT25
7 OR-NOT36

Perfect match
Identity no
NOT no
Constant no
AND no
OR no
XOR no
AND-NOT no
OR-NOT no
XOR-NOT no

Matched
0 XOR-NOT57
1 XOR-NOT60
2 XOR-NOT71
3 OR-NOT72
4 OR-NOT03
5 OR-NOT14
6 OR-NOT25
7 OR-NOT36

Selected
0 XOR-NOT57
1 XOR-NOT60
2 XOR-NOT71
3 OR-NOT72
4 OR-NOT03
5 OR-NOT14
6 OR-NOT25
7 OR-NOT36

Applying to 01101110
Input
0 0
1 1
2 1
3 0
4 1
5 1
6 1
7 0
Output
0 XOR-NOT57 = XOR(1,NOT(0)) = 0
1 XOR-NOT60 = XOR(1,NOT(0)) = 0
2 XOR-NOT71 = XOR(0,NOT(1)) = 0
3 OR-NOT72 = OR(0,NOT(1)) = 0
4 OR-NOT03 = OR(0,NOT(0)) = 1
5 OR-NOT14 = OR(1,NOT(1)) = 1
6 OR-NOT25 = OR(1,NOT(1)) = 1
7 OR-NOT36 = OR(0,NOT(1)) = 0

I will now return the answer in \boxed{}
The answer in \boxed is
\boxed{00001110}