We need to deduce the transformation by matching the example outputs.
I will put my final answer inside \boxed{}.

Output 0: 01110101
0 0
1 1
2 1
3 1
4 0
5 1
6 0
7 1

Output 1: 10101011
0 1
1 0
2 1
3 0
4 1
5 0
6 1
7 1

Output 2: 11101101
0 1
1 1
2 1
3 0
4 1
5 1
6 0
7 1

Output 3: 01110101
0 0
1 1
2 1
3 1
4 0
5 1
6 0
7 1

Output 4: 10011000
0 1
1 0
2 0
3 1
4 1
5 0
6 0
7 0

Output 5: 01010111
0 0
1 1
2 0
3 1
4 0
5 1
6 1
7 1

Output 6: 01000111
0 0
1 1
2 0
3 0
4 0
5 1
6 1
7 1

Output 7: 11001111
0 1
1 1
2 0
3 0
4 1
5 1
6 1
7 1

Output 8: 01110110
0 0
1 1
2 1
3 1
4 0
5 1
6 1
7 0

Output 9: 10011000
0 1
1 0
2 0
3 1
4 1
5 0
6 0
7 0

Output bit columns (with bitsum as hash)
0 0110100101 5
1 1011011110 7
2 1111000010 5
3 1001110011 6
4 0110100101 5
5 1011011110 7
6 0100011110 5
7 1111011100 7

Input 0: 11111101
0 1
1 1
2 1
3 1
4 1
5 1
6 0
7 1

Input 1: 01010000
0 0
1 1
2 0
3 1
4 0
5 0
6 0
7 0

Input 2: 11011001
0 1
1 1
2 0
3 1
4 1
5 0
6 0
7 1

Input 3: 10001010
0 1
1 0
2 0
3 0
4 1
5 0
6 1
7 0

Input 4: 01111110
0 0
1 1
2 1
3 1
4 1
5 1
6 1
7 0

Input 5: 10110001
0 1
1 0
2 1
3 1
4 0
5 0
6 0
7 1

Input 6: 10100100
0 1
1 0
2 1
3 0
4 0
5 1
6 0
7 0

Input 7: 10100110
0 1
1 0
2 1
3 0
4 0
5 1
6 1
7 0

Input 8: 01010111
0 0
1 1
2 0
3 1
4 0
5 1
6 1
7 1

Input 9: 01011100
0 0
1 1
2 0
3 1
4 1
5 1
6 0
7 0

When matching output
x: not in operator
y: wrong position

Identity
0 1011011100 6
1 1110100011 6
2 1000111100 5
3 1110110011 7
4 1011100001 5
5 1000101111 6
6 0001100110 4
7 1010010010 4

Matching output
0 absent
1 absent
2 absent
3 absent
4 absent
5 absent
6 absent
7 absent

Left
none
Best: none

Right
none
Best: none

NOT
0 0100100011 4
1 0001011100 4
2 0111000011 5
3 0001001100 3
4 0100011110 5 match 6
5 0111010000 4
6 1110011001 6
7 0101101101 6

Matching output
0 absent
1 absent
2 absent
3 absent
4 absent
5 absent
6 4
7 absent

Left
none
Best: none

Right
none
Best: none

Constant
0 0000000000 a
1 1111111111 a

Matching output
0 absent
1 absent
2 absent
3 absent
4 absent
5 absent
6 absent
7 absent

Left
none
Best: none

Right
none
Best: none

AND
01 10 1010000000 2
12 21 1000100000 2
23 32 1000110000 3
34 43 1010100001 4
45 54 1000100001 3
56 65 0000100110 3
67 76 0000000010 1
70 07 1010010000 3

02 20 1000011100 4
13 31 1110100011 6
24 42 1000100000 2
35 53 1000100011 4
46 64 0001100000 2
57 75 1000000010 2
60 06 0001000100 2
71 17 1010000010 3

03 30 1010010000 3
14 41 1010100001 4
25 52 1000101100 4
36 63 0000100010 2
47 74 1010000000 2
50 05 1000001100 3
61 16 0000100010 2
72 27 1000010000 2

04 40 1011000000 3
15 51 1000100011 4
26 62 0000100100 2
37 73 1010010010 4

Matching output
0 absent
1 absent
2 absent
3 absent
4 absent
5 absent
6 absent
7 absent

Left
none
Best: none

Right
none
Best: none

OR
01 10 1111111111 a
12 21 1110111111 9
23 32 1110111111 9
34 43 1111110011 8
45 54 1011101111 8
56 65 1001101111 7
67 76 1011110110 7
70 07 1011011110 7 match 1 5

02 20 1011111100 7
13 31 1110110011 7
24 42 1011111101 8
35 53 1110111111 9
46 64 1011100111 7
57 75 1010111111 8
60 06 1011111110 8
71 17 1110110011 7

03 30 1111111111 a
14 41 1111100011 7
25 52 1000111111 7
36 63 1111110111 9
47 74 1011110011 7
50 05 1011111111 9
61 16 1111100111 8
72 27 1010111110 7

04 40 1011111101 8
15 51 1110101111 8
26 62 1001111110 7
37 73 1110110011 7

Matching output
0 absent
1 70 07
2 absent
3 absent
4 absent
5 70 07
6 absent
7 absent

Left
none
Best: none

Right
none
Best: none

XOR
01 10 0101111111 8
12 21 0110011111 7
23 32 0110001111 6
34 43 0101010010 4
45 54 0011001110 5
56 65 1001001001 4
67 76 1011110100 6
70 07 0001001110 4

02 20 0011100000 3
13 31 0000010000 1
24 42 0011011101 6
35 53 0110011100 5
46 64 1010000111 5
57 75 0010111101 6
60 06 1010111010 6
71 17 0100110001 4

03 30 0101101111 7
14 41 0101000010 3
25 52 0000010011 3
36 63 1111010101 7
47 74 0001110011 5
50 05 0011110011 6
61 16 1111000101 6
72 27 0010101110 5

04 40 0000111101 5
15 51 0110001100 4
26 62 1001011010 5
37 73 0100100001 3

Matching output
0 absent
1 absent
2 absent
3 absent
4 absent
5 absent
6 absent
7 absent

Left
none
Best: none

Right
none
Best: none

AND-NOT
01 0001011100 4
12 0110000011 4
23 0000001100 2
34 0100010010 3
45 0011000000 2
56 1000001001 3
67 0001100100 3
70 0000000010 1

02 0011000000 2
13 0000000000 a
24 0000011100 3
35 0110010000 3
46 1010000001 3
57 0000101101 4
60 0000100010 2
71 0000010000 1

03 0001001100 3
14 0100000010 2
25 0000010000 1
36 1110010001 5
47 0001100001 3
50 0000100011 3
61 0001000100 2
72 0010000010 2

04 0000011100 3
15 0110000000 2
26 1000011000 3
37 0100100001 3
40 0000100001 2
51 0000001100 2
62 0001000010 2
73 0000000000 a

05 0011010000 3
16 1110000001 4
27 0000101100 3
30 0100100011 4
41 0001000000 1
52 0000000011 2
63 0001000100 2
74 0000010010 2

06 1010011000 4
17 0100100001 3
20 0000100000 1
31 0000010000 1
42 0011000001 3
53 0000001100 2
64 0000000110 2
75 0010010000 2

07 0001001100 3
10 0100100011 4
21 0000011100 3
32 0110000011 4
43 0001000000 1
54 0000001110 3
65 0001000000 1
76 1010010000 3

Matching output
0 absent
1 absent
2 absent
3 absent
4 absent
5 absent
6 absent
7 absent

Left
none
Best: none

Right
none
Best: none

OR-NOT
01 1011011100 6
12 1111100011 7
23 1001111100 6
34 1110111111 9
45 1111110001 7
56 1110111111 9
67 0101101111 7
70 1110110011 7

02 1111011111 9
13 1111101111 9
24 1100111110 7
35 1111110011 8
46 1111111001 8
57 1101101111 8
60 0101100111 6
71 1011011110 7 match 1 5

03 1011011100 6
14 1110111111 9
25 1111111100 8
36 1110111011 8
47 1111101101 8
50 1100101111 7
61 0001111110 6
72 1111010011 7

04 1111011110 8
15 1111110011 8
26 1110111101 8
37 1111111111 a
40 1111100011 7
51 1001111111 8
62 0111100111 7
73 1011011110 7 match 1 5

05 1111011100 7 match 7
16 1110111011 8
27 1101111101 8
30 1110110011 7
41 1011111101 8
52 1111101111 9
63 0001101110 5
74 1110011110 7

06 1111011101 8
17 1111101111 9
20 1100111111 8
31 1111111111 a
42 1111100011 7
53 1001101111 7
64 0101111110 7
75 1111010010 6

07 1111111101 9
10 1110100011 6
21 1001111100 6
32 1111110011 8
43 1011101101 7
54 1100111111 8
65 0111110110 7
76 1110011011 7

Matching output
0 absent
1 71 73
2 absent
3 absent
4 absent
5 71 73
6 absent
7 05

Left
none
Best: none

Right
05 74x
Best: OR-NOT05: 1

XOR-NOT
01 1010000000 2
12 1001100000 3
23 1001110000 4
34 1010101101 6
45 1100110001 5
56 0110110110 6
67 0100001011 4
70 1110110001 6

02 1100011111 7
13 1111101111 9
24 1100100010 4
35 1001100011 5
46 0101111000 5
57 1101000010 4
60 0101000101 4
71 1011001110 6

03 1010010000 3
14 1010111101 7
25 1111101100 7
36 0000101010 3
47 1110001100 5
50 1100001100 4
61 0000111010 4
72 1101010001 5

04 1111000010 5 match 2
15 1001110011 6 match 3
26 0110100101 5 match 0 4
37 1011011110 7 match 1 5
40 1111000010 5 match 2
51 1001110011 6 match 3
62 0110100101 5 match 0 4
73 1011011110 7 match 1 5

05 1100001100 4
16 0000111010 4
27 1101010001 5
30 1010010000 3
41 1010111101 7
52 1111101100 7
63 0000101010 3
74 1110001100 5

06 0101000101 4
17 1011001110 6
20 1100011111 7
31 1111101111 9
42 1100100010 4
53 1001100011 5
64 0101111000 5
75 1101000010 4

07 1110110001 6
10 1010000000 2
21 1001100000 3
32 1001110000 4
43 1010101101 6
54 1100110001 5
65 0110110110 6
76 0100001011 4

Matching output
0 26 62
1 37 73
2 04 40
3 15 51
4 26 62
5 37 73
6 absent
7 absent

Left
26 37 40 51 62 73 04y
62 73 04 15 26 37 40y
Best: XOR-NOT26 37 40 51 62 73: 6

Right
none
Best: none

Selecting

Lefts
Identity none
NOT none
Constant none
AND none
OR none
XOR none
AND-NOT none
OR-NOT none
XOR-NOT XOR-NOT26 37 40 51 62 73: 6

Rights
Identity none
NOT none
Constant none
AND none
OR none
XOR none
AND-NOT none
OR-NOT OR-NOT05: 1
XOR-NOT none

Left longest: 6
Right longest: 1

Left winner: Identity no, NOT no, Constant no, AND no, OR no, XOR no, AND-NOT no, OR-NOT no, XOR-NOT yes
Right winner: Identity no, NOT no, Constant no, AND no, OR no, XOR no, AND-NOT no, OR-NOT yes, XOR-NOT no

Best left: XOR-NOT26 37 40 51 62 73: 6
Best right: OR-NOT05: 1

Truncated left: XOR-NOT26 37 40 51 62 73: 6
Truncated right: OR-NOT05: 1

Tentative from right
7 OR-NOT05
6 pending
5 pending
4 pending
3 pending
2 pending
1 pending
0 pending

Tentative
0 XOR-NOT26
1 XOR-NOT37
2 XOR-NOT40
3 XOR-NOT51
4 XOR-NOT62
5 XOR-NOT73
6 pending
7 OR-NOT05

Preferred from left
0 XOR-NOT26
1 XOR-NOT37
2 XOR-NOT40
3 XOR-NOT51
4 XOR-NOT62
5 XOR-NOT73
6 ?04
7 OR-NOT05

Preferred from right
7 OR-NOT05
6 ?04
5 XOR-NOT73
4 XOR-NOT62
3 XOR-NOT51
2 XOR-NOT40
1 XOR-NOT37
0 XOR-NOT26

Preferred
0 XOR-NOT26
1 XOR-NOT37
2 XOR-NOT40
3 XOR-NOT51
4 XOR-NOT62
5 XOR-NOT73
6 ?04 ?40
7 OR-NOT05

Matching
0 XOR-NOT26
1 XOR-NOT37
2 XOR-NOT40
3 XOR-NOT51
4 XOR-NOT62
5 XOR-NOT73
6 ?04 ?40 - Identity absent, NOT NOT4, Constant absent, AND absent, OR absent, XOR absent, AND-NOT absent, OR-NOT absent, XOR-NOT absent
7 OR-NOT05

Perfect match
Identity no
NOT yes
Constant no
AND no
OR no
XOR no
AND-NOT no
OR-NOT no
XOR-NOT no

Matched
0 XOR-NOT26
1 XOR-NOT37
2 XOR-NOT40
3 XOR-NOT51
4 XOR-NOT62
5 XOR-NOT73
6 NOT4
7 OR-NOT05

Selected
0 XOR-NOT26
1 XOR-NOT37
2 XOR-NOT40
3 XOR-NOT51
4 XOR-NOT62
5 XOR-NOT73
6 NOT4
7 OR-NOT05

Applying to 10011100
Input
0 1
1 0
2 0
3 1
4 1
5 1
6 0
7 0
Output
0 XOR-NOT26 = XOR(0,NOT(0)) = 1
1 XOR-NOT37 = XOR(1,NOT(0)) = 0
2 XOR-NOT40 = XOR(1,NOT(1)) = 1
3 XOR-NOT51 = XOR(1,NOT(0)) = 0
4 XOR-NOT62 = XOR(0,NOT(0)) = 1
5 XOR-NOT73 = XOR(0,NOT(1)) = 0
6 NOT4 = NOT(1) = 0
7 OR-NOT05 = OR(1,NOT(1)) = 1

I will now return the answer in \boxed{}
The answer in \boxed is
\boxed{10101001}