We need to deduce the transformation by matching the example outputs.
I will put my final answer inside \boxed{}.

Output 0: 10101000
0 1
1 0
2 1
3 0
4 1
5 0
6 0
7 0

Output 1: 00000010
0 0
1 0
2 0
3 0
4 0
5 0
6 1
7 0

Output 2: 10111111
0 1
1 0
2 1
3 1
4 1
5 1
6 1
7 1

Output 3: 01010110
0 0
1 1
2 0
3 1
4 0
5 1
6 1
7 0

Output 4: 10101001
0 1
1 0
2 1
3 0
4 1
5 0
6 0
7 1

Output 5: 01111010
0 0
1 1
2 1
3 1
4 1
5 0
6 1
7 0

Output 6: 00010100
0 0
1 0
2 0
3 1
4 0
5 1
6 0
7 0

Output 7: 11010100
0 1
1 1
2 0
3 1
4 0
5 1
6 0
7 0

Output 8: 01111111
0 0
1 1
2 1
3 1
4 1
5 1
6 1
7 1

Output 9: 11101000
0 1
1 1
2 1
3 0
4 1
5 0
6 0
7 0

Output bit columns (with bitsum as hash)
0 1010100101 5
1 0001010111 5
2 1010110011 6
3 0011011110 6
4 1010110011 6
5 0011001110 5
6 0111010010 5
7 0010100010 3

Input 0: 00101010
0 0
1 0
2 1
3 0
4 1
5 0
6 1
7 0

Input 1: 10000000
0 1
1 0
2 0
3 0
4 0
5 0
6 0
7 0

Input 2: 11001011
0 1
1 1
2 0
3 0
4 1
5 0
6 1
7 1

Input 3: 10010101
0 1
1 0
2 0
3 1
4 0
5 1
6 0
7 1

Input 4: 01001010
0 0
1 1
2 0
3 0
4 1
5 0
6 1
7 0

Input 5: 10010110
0 1
1 0
2 0
3 1
4 0
5 1
6 1
7 0

Input 6: 00000001
0 0
1 0
2 0
3 0
4 0
5 0
6 0
7 1

Input 7: 00110001
0 0
1 0
2 1
3 1
4 0
5 0
6 0
7 1

Input 8: 11010011
0 1
1 1
2 0
3 1
4 0
5 0
6 1
7 1

Input 9: 00111010
0 0
1 0
2 1
3 1
4 1
5 0
6 1
7 0

When matching output
x: not in operator
y: wrong position

Identity
0 0111010010 5 match 6
1 0010100010 3 match 7
2 1000000101 3
3 0001010111 5 match 1
4 1010100001 4
5 0001010000 2
6 1010110011 6 match 2 4
7 0011001110 5 match 5

Matching output
0 absent
1 3
2 6
3 absent
4 6
5 7
6 0
7 1

Left
none
Best: none

Right
1 0 7 6 5x
Best: I1 0 7 6: 4

NOT
0 1000101101 5
1 1101011101 7
2 0111111010 7
3 1110101000 5
4 0101011110 6
5 1110101111 8
6 0101001100 4
7 1100110001 5

Matching output
0 absent
1 absent
2 absent
3 absent
4 absent
5 absent
6 absent
7 absent

Left
none
Best: none

Right
none
Best: none

Constant
0 0000000000 a
1 1111111111 a

Matching output
0 absent
1 absent
2 absent
3 absent
4 absent
5 absent
6 absent
7 absent

Left
none
Best: none

Right
none
Best: none

AND
01 10 0010000010 2
12 21 0000000000 a
23 32 0000000101 2
34 43 0000000001 1
45 54 0000000000 a
56 65 0000010000 1
67 76 0010000010 2
70 07 0011000010 3

02 20 0000000000 a
13 31 0000000010 1
24 42 1000000001 2
35 53 0001010000 2
46 64 1010100001 4
57 75 0001000000 1
60 06 0010010010 3
71 17 0010000010 2

03 30 0001010010 3
14 41 0010100000 2
25 52 0000000000 a
36 63 0000010011 3
47 74 0010000000 1
50 05 0001010000 2
61 16 0010100010 3 match 7
72 27 0000000100 1

04 40 0010000000 1
15 51 0000000000 a
26 62 1000000001 2
37 73 0001000110 3

Matching output
0 absent
1 absent
2 absent
3 absent
4 absent
5 absent
6 absent
7 61 16

Left
none
Best: none

Right
61 50x
16 05x
Best: AND61: 1

OR
01 10 0111110010 6
12 21 1010100111 6
23 32 1001010111 6
34 43 1011110111 8
45 54 1011110001 6
56 65 1011110011 7
67 76 1011111111 9
70 07 0111011110 7

02 20 1111010111 8
13 31 0011110111 7
24 42 1010100101 5 match 0
35 53 0001010111 5 match 1
46 64 1010110011 6 match 2 4
57 75 0011011110 6 match 3
60 06 1111110011 8
71 17 0011101110 6

03 30 0111010111 7
14 41 1010100011 5
25 52 1001010101 5
36 63 1011110111 8
47 74 1011101111 8
50 05 0111010010 5 match 6
61 16 1010110011 6 match 2 4
72 27 1011001111 7

04 40 1111110011 8
15 51 0011110010 5
26 62 1010110111 7
37 73 0011011111 7

Matching output
0 24 42
1 35 53
2 46 64 61 16
3 57 75
4 46 64 61 16
5 absent
6 50 05
7 absent

Left
24 35 46 57 60x
42 53 64 75 06x
Best: OR24 35 46 57: 4

Right
none
Best: none

XOR
01 10 0101110000 4
12 21 1010100111 6
23 32 1001010010 4
34 43 1011110110 7
45 54 1011110001 6
56 65 1011100011 6
67 76 1001111101 7
70 07 0100011100 4

02 20 1111010111 8
13 31 0011110101 6
24 42 0010100100 3
35 53 0000000111 3
46 64 0000010010 2
57 75 0010011110 5
60 06 1101100001 5
71 17 0001101100 4

03 30 0110000101 4
14 41 1000000011 3
25 52 1001010101 5
36 63 1011100100 5
47 74 1001101111 7
50 05 0110000010 3
61 16 1000010001 3
72 27 1011001011 6

04 40 1101110011 7
15 51 0011110010 5
26 62 0010110110 5
37 73 0010011001 4

Matching output
0 absent
1 absent
2 absent
3 absent
4 absent
5 absent
6 absent
7 absent

Left
none
Best: none

Right
none
Best: none

AND-NOT
01 0101010000 3
12 0010100010 3 match 7
23 1000000000 1
34 0001010110 4
45 1010100001 4
56 0001000000 1
67 1000110001 4
70 0000001100 2

02 0111010010 5 match 6
13 0010100000 2
24 0000000100 1
35 0000000111 3
46 0000000000 a
57 0000010000 1
60 1000100001 3
71 0001001100 3

03 0110000000 2
14 0000000010 1
25 1000000101 3
36 0001000100 2
47 1000100001 3
50 0000000000 a
61 1000010001 3
72 0011001010 4

04 0101010010 4
15 0010100010 3 match 7
26 0000000100 1
37 0000010001 2
40 1000100001 3
51 0001010000 2
62 0010110010 4
73 0010001000 2

05 0110000010 3
16 0000000000 a
27 1000000001 2
30 0000000101 2
41 1000000001 2
52 0001010000 2
63 1010100000 3
74 0001001110 4

06 0101000000 2
17 0000100000 1
20 1000000101 3
31 0001010101 4
42 0010100000 2
53 0000000000 a
64 0000010010 2
75 0010001110 4

07 0100010000 2
10 0000100000 1
21 1000000101 3
32 0001010010 3
43 1010100000 3
54 0001010000 2
65 1010100011 5
76 0001001100 3

Matching output
0 absent
1 absent
2 absent
3 absent
4 absent
5 absent
6 02
7 12 15

Left
none
Best: none

Right
12 01x
15 04x
Best: AND-NOT12: 1

OR-NOT
01 1111011111 9
12 0111111010 7
23 1110101101 7
34 0101011111 7
45 1110101111 8
56 0101011100 5
67 1110110011 7
70 1011101111 8

02 0111111010 7
13 1110101010 6
24 1101011111 8
35 1111111111 a
46 1111101101 8
57 1101110001 6
60 1010111111 8
71 1111011111 9

03 1111111010 8
14 0111111110 8
25 1110101111 8
36 0101011111 7
47 1110110001 6
50 1001111101 7
61 1111111111 a
72 0111111110 8

04 0111011110 7
15 1110101111 8
26 1101001101 6
37 1101110111 8
40 1010101101 6
51 1101011101 7
62 1111111011 9
73 1111101110 8

05 1111111111 a
16 0111101110 7
27 1100110101 6
30 1001111111 8
41 1111111101 9
52 0111111010 7
63 1110111011 8
74 0111011110 7

06 0111011110 7
17 1110110011 7
20 1000101101 5
31 1101011111 8
42 1111111011 9
53 1111111000 7
64 1111111111 a
75 1111101111 9

07 1111110011 8
10 1010101111 7
21 1101011101 7
32 0111111111 9
43 1110101001 6
54 0101011110 6
65 1110111111 9
76 0111001110 6

Matching output
0 absent
1 absent
2 absent
3 absent
4 absent
5 absent
6 absent
7 absent

Left
none
Best: none

Right
none
Best: none

XOR-NOT
01 1010001111 6
12 0101011000 4
23 0110101101 6
34 0100001001 3
45 0100001110 4
56 0100011100 4
67 0110000010 3
70 1011100011 6

02 0000101000 2
13 1100001010 4
24 1101011011 7
35 1111111000 7
46 1111101101 8
57 1101100001 5
60 0010011110 5
71 1110010011 6

03 1001111010 6
14 0111111100 7
25 0110101010 5
36 0100011011 5
47 0110010000 3
50 1001111101 7
61 0111101110 7
72 0100110100 4

04 0010001100 3
15 1100001101 5
26 1101001001 5
37 1101100110 6
40 0010001100 3
51 1100001101 5
62 1101001001 5
73 1101100110 6

05 1001111101 7
16 0111101110 7
27 0100110100 4
30 1001111010 6
41 0111111100 7
52 0110101010 5
63 0100011011 5
74 0110010000 3

06 0010011110 5
17 1110010011 6
20 0000101000 2
31 1100001010 4
42 1101011011 7
53 1111111000 7
64 1111101101 8
75 1101100001 5

07 1011100011 6
10 1010001111 6
21 0101011000 4
32 0110101101 6
43 0100001001 3
54 0100001110 4
65 0100011100 4
76 0110000010 3

Matching output
0 absent
1 absent
2 absent
3 absent
4 absent
5 absent
6 absent
7 absent

Left
none
Best: none

Right
none
Best: none

Selecting

Lefts
Identity none
NOT none
Constant none
AND none
OR OR24 35 46 57: 4
XOR none
AND-NOT none
OR-NOT none
XOR-NOT none

Rights
Identity I1 0 7 6: 4
NOT none
Constant none
AND AND61: 1
OR none
XOR none
AND-NOT AND-NOT12: 1
OR-NOT none
XOR-NOT none

Left longest: 4
Right longest: 4

Left winner: Identity no, NOT no, Constant no, AND no, OR yes, XOR no, AND-NOT no, OR-NOT no, XOR-NOT no
Right winner: Identity yes, NOT no, Constant no, AND no, OR no, XOR no, AND-NOT no, OR-NOT no, XOR-NOT no

Best left: OR24 35 46 57: 4
Best right: I1 0 7 6: 4

Truncated left: OR24 35 46 57: 4
Truncated right: I1 0 7 6: 4

Tentative from right
7 I1
6 I0
5 I7
4 I6
3 pending
2 pending
1 pending
0 pending

Tentative
0 OR24
1 OR35
2 OR46
3 OR57
4 I6
5 I7
6 I0
7 I1

Preferred from left
0 OR24
1 OR35
2 OR46
3 OR57
4 I6
5 I7
6 I0
7 I1

Preferred from right
7 I1
6 I0
5 I7
4 I6
3 OR57
2 OR46
1 OR35
0 OR24

Preferred
0 OR24
1 OR35
2 OR46
3 OR57
4 I6
5 I7
6 I0
7 I1

Matching
0 OR24
1 OR35
2 OR46
3 OR57
4 I6
5 I7
6 I0
7 I1

Perfect match
Identity no
NOT no
Constant no
AND no
OR no
XOR no
AND-NOT no
OR-NOT no
XOR-NOT no

Matched
0 OR24
1 OR35
2 OR46
3 OR57
4 I6
5 I7
6 I0
7 I1

Selected
0 OR24
1 OR35
2 OR46
3 OR57
4 I6
5 I7
6 I0
7 I1

Applying to 11100110
Input
0 1
1 1
2 1
3 0
4 0
5 1
6 1
7 0
Output
0 OR24 = OR(1,0) = 1
1 OR35 = OR(0,1) = 1
2 OR46 = OR(0,1) = 1
3 OR57 = OR(1,0) = 1
4 I6 = 1
5 I7 = 0
6 I0 = 1
7 I1 = 1

I will now return the answer in \boxed{}
The answer in \boxed is
\boxed{11111011}