We need to deduce the transformation by matching the example outputs.
I will put my final answer inside \boxed{}.

Output 0: 11100001
0 1
1 1
2 1
3 0
4 0
5 0
6 0
7 1

Output 1: 10010101
0 1
1 0
2 0
3 1
4 0
5 1
6 0
7 1

Output 2: 11111000
0 1
1 1
2 1
3 1
4 1
5 0
6 0
7 0

Output 3: 10001101
0 1
1 0
2 0
3 0
4 1
5 1
6 0
7 1

Output 4: 10010001
0 1
1 0
2 0
3 1
4 0
5 0
6 0
7 1

Output 5: 10110111
0 1
1 0
2 1
3 1
4 0
5 1
6 1
7 1

Output 6: 10010011
0 1
1 0
2 0
3 1
4 0
5 0
6 1
7 1

Output 7: 11011001
0 1
1 1
2 0
3 1
4 1
5 0
6 0
7 1

Output bit columns (with bitsum as hash)
0 11111111 a
1 10100001 3
2 10100100 3
3 01101111 6
4 00110001 3
5 01010100 3
6 00000110 2
7 11011111 7

Input 0: 00111100
0 0
1 0
2 1
3 1
4 1
5 1
6 0
7 0

Input 1: 11010110
0 1
1 1
2 0
3 1
4 0
5 1
6 1
7 0

Input 2: 00001110
0 0
1 0
2 0
3 0
4 1
5 1
6 1
7 0

Input 3: 11100100
0 1
1 1
2 1
3 0
4 0
5 1
6 0
7 0

Input 4: 11011100
0 1
1 1
2 0
3 1
4 1
5 1
6 0
7 0

Input 5: 10010010
0 1
1 0
2 0
3 1
4 0
5 0
6 1
7 0

Input 6: 11011010
0 1
1 1
2 0
3 1
4 1
5 0
6 1
7 0

Input 7: 01001100
0 0
1 1
2 0
3 0
4 1
5 1
6 0
7 0

When matching output
x: not in operator
y: wrong position

Identity
0 01011110 5
1 01011011 5
2 10010000 2
3 11001110 5
4 10101011 5
5 11111001 6
6 01100110 4
7 00000000 a

Matching output
0 absent
1 absent
2 absent
3 absent
4 absent
5 absent
6 absent
7 absent

Left
none
Best: none

Right
none
Best: none

NOT
0 10100001 3 match 1
1 10100100 3 match 2
2 01101111 6 match 3
3 00110001 3 match 4
4 01010100 3 match 5
5 00000110 2 match 6
6 10011001 4
7 11111111 a match 0

Matching output
0 7
1 0
2 1
3 2
4 3
5 4
6 5
7 absent

Left
7 0 1 2 3 4 5 6x
Best: NOT7 0 1 2 3 4 5: 7

Right
none
Best: none

Constant
0 00000000 a
1 11111111 a match 0

Matching output
0 C1
1 absent
2 absent
3 absent
4 absent
5 absent
6 absent
7 absent

Left
1
Best: C1: 1

Right
none
Best: none

AND
01 10 01011010 4
12 21 00010000 1
23 32 10000000 1
34 43 10001010 3
45 54 10101001 4
56 65 01100000 2
67 76 00000000 a
70 07 00000000 a

02 20 00010000 1
13 31 01001010 3
24 42 10000000 1
35 53 11001000 3
46 64 00100010 2
57 75 00000000 a
60 06 01000110 3
71 17 00000000 a

03 30 01001110 4
14 41 00001011 3
25 52 10010000 2
36 63 01000110 3
47 74 00000000 a
50 05 01011000 3
61 16 01000010 2
72 27 00000000 a

04 40 00001010 2
15 51 01011001 4
26 62 00000000 a
37 73 00000000 a

Matching output
0 absent
1 absent
2 absent
3 absent
4 absent
5 absent
6 absent
7 absent

Left
none
Best: none

Right
none
Best: none

OR
01 10 01011111 6
12 21 11011011 6
23 32 11011110 6
34 43 11101111 7
45 54 11111011 7
56 65 11111111 a match 0
67 76 01100110 4
70 07 01011110 5

02 20 11011110 6
13 31 11011111 7 match 7
24 42 10111011 6
35 53 11111111 a match 0
46 64 11101111 7
57 75 11111001 6
60 06 01111110 6
71 17 01011011 5

03 30 11011110 6
14 41 11111011 7
25 52 11111001 6
36 63 11101110 6
47 74 10101011 5
50 05 11111111 a match 0
61 16 01111111 7
72 27 10010000 2

04 40 11111111 a match 0
15 51 11111011 7
26 62 11110110 6
37 73 11001110 5

Matching output
0 56 65 35 53 50 05 04 40
1 absent
2 absent
3 absent
4 absent
5 absent
6 absent
7 13 31

Left
56 67x
65 76x
35 46x
53 64x
50 61x
05 16x
04 15x
40 51x
Best: OR56: 1

Right
13 02x
31 20x
Best: OR13: 1

XOR
01 10 00000101 2
12 21 11001011 5
23 32 01011110 5
34 43 01100101 4
45 54 01010010 3
56 65 10011111 6
67 76 01100110 4
70 07 01011110 5

02 20 11001110 5
13 31 10010101 4
24 42 00111011 5
35 53 00110111 5
46 64 11001101 5
57 75 11111001 6
60 06 00111000 3
71 17 01011011 5

03 30 10010000 2
14 41 11110000 4
25 52 01101001 4
36 63 10101000 3
47 74 10101011 5
50 05 10100111 5
61 16 00111101 5
72 27 10010000 2

04 40 11110101 6
15 51 10100010 3
26 62 11110110 6
37 73 11001110 5

Matching output
0 absent
1 absent
2 absent
3 absent
4 absent
5 absent
6 absent
7 absent

Left
none
Best: none

Right
none
Best: none

AND-NOT
01 00000100 1
12 01001011 4
23 00010000 1
34 01000100 2
45 00000010 1
56 10011001 4
67 01100110 4
70 00000000 a

02 01001110 4
13 00010001 2
24 00010000 1
35 00000110 2 match 6
46 10001001 3
57 11111001 6
60 00100000 1
71 00000000 a

03 00010000 1
14 01010000 2
25 00000000 a
36 10001000 2
47 10101011 5
50 10100001 3 match 1
61 00100100 2
72 00000000 a

04 01010100 3 match 5
15 00000010 1
26 10010000 2
37 11001110 5
40 10100001 3 match 1
51 10100000 2
62 01100110 4
73 00000000 a

05 00000110 2 match 6
16 00011001 3
27 10010000 2
30 10000000 1
41 10100000 2
52 01101001 4
63 00100000 1
74 00000000 a

06 00011000 2
17 01011011 5
20 10000000 1
31 10000100 2
42 00101011 4
53 00110001 3 match 4
64 01000100 2
75 00000000 a

07 01011110 5
10 00000001 1
21 10000000 1
32 01001110 4
43 00100001 2
54 01010000 2
65 00000110 2 match 6
76 00000000 a

Matching output
0 absent
1 50 40
2 absent
3 absent
4 53
5 04
6 35 05 65
7 absent

Left
none
Best: none

Right
none
Best: none

OR-NOT
01 11111110 7
12 01111111 7
23 10110001 4
34 11011110 6
45 10101111 6
56 11111001 6
67 11111111 a match 0
70 10100001 3 match 1

02 01111111 7
13 01111011 6
24 11010100 4
35 11001110 5
46 10111011 6
57 11111111 a match 0
60 11100111 6
71 10100100 3 match 2

03 01111111 7
14 01011111 6
25 10010110 4
36 11011111 7 match 7
47 11111111 a match 0
50 11111001 6
61 11100110 5
72 01101111 6 match 3

04 01011110 5
15 01011111 6
26 10011001 4
37 11111111 a match 0
40 10101011 5
51 11111101 7
62 01101111 6 match 3
73 00110001 3 match 4

05 01011110 5
16 11011011 6
27 11111111 a match 0
30 11101111 7
41 10101111 6
52 11111111 a match 0
63 01110111 6
74 01010100 3 match 5

06 11011111 7 match 7
17 11111111 a match 0
20 10110001 4
31 11101110 6
42 11101111 7
53 11111001 6
64 01110110 5
75 00000110 2 match 6

07 11111111 a match 0
10 11111011 7
21 10110100 4
32 11101111 7
43 10111011 6
54 11111101 7
65 01100110 4
76 10011001 4

Matching output
0 67 57 47 37 27 52 17 07
1 70
2 71
3 72 62
4 73
5 74
6 75
7 36 06

Left
67 70 01x
57 60x
47 50x
37 40x
27 30x
52 63x
17 20x
07 10x
Best: OR-NOT67 70: 2

Right
36 25x
06 75 64x
Best: OR-NOT06 75: 2

XOR-NOT
01 11111010 6
12 00110100 3
23 10100001 3 match 1
34 10011010 4
45 10101101 5
56 01100000 2
67 10011001 4
70 10100001 3 match 1

02 00110001 3 match 4
13 01101010 4
24 11000100 3
35 11001000 3
46 00110010 3
57 00000110 2 match 6
60 11000111 5
71 10100100 3 match 2

03 01101111 6 match 3
14 00001111 4
25 10010110 4
36 01010111 5
47 01010100 3 match 5
50 01011000 3
61 11000010 3
72 01101111 6 match 3

04 00001010 2
15 01011101 5
26 00001001 2
37 00110001 3 match 4
40 00001010 2
51 01011101 5
62 00001001 2
73 00110001 3 match 4

05 01011000 3
16 11000010 3
27 01101111 6 match 3
30 01101111 6 match 3
41 00001111 4
52 10010110 4
63 01010111 5
74 01010100 3 match 5

06 11000111 5
17 10100100 3 match 2
20 00110001 3 match 4
31 01101010 4
42 11000100 3
53 11001000 3
64 00110010 3
75 00000110 2 match 6

07 10100001 3 match 1
10 11111010 6
21 00110100 3
32 10100001 3 match 1
43 10011010 4
54 10101101 5
65 01100000 2
76 10011001 4

Matching output
0 absent
1 23 70 07 32
2 71 17
3 03 72 27 30
4 02 37 73 20
5 47 74
6 57 75
7 absent

Left
none
Best: none

Right
none
Best: none

Selecting

Lefts
Identity none
NOT NOT7 0 1 2 3 4 5: 7
Constant C1: 1
AND none
OR OR56: 1
XOR none
AND-NOT none
OR-NOT OR-NOT67 70: 2
XOR-NOT none

Rights
Identity none
NOT none
Constant none
AND none
OR OR13: 1
XOR none
AND-NOT none
OR-NOT OR-NOT06 75: 2
XOR-NOT none

Left longest: 7
Right longest: 2

Left winner: Identity no, NOT yes, Constant no, AND no, OR no, XOR no, AND-NOT no, OR-NOT no, XOR-NOT no
Right winner: Identity no, NOT no, Constant no, AND no, OR no, XOR no, AND-NOT no, OR-NOT yes, XOR-NOT no

Best left: NOT7 0 1 2 3 4 5: 7
Best right: OR-NOT06 75: 2

Truncated left: NOT7 0 1 2 3 4 5: 7
Truncated right: OR-NOT06: 1 truncated

Tentative from right
7 OR-NOT06
6 pending
5 pending
4 pending
3 pending
2 pending
1 pending
0 pending

Tentative
0 NOT7
1 NOT0
2 NOT1
3 NOT2
4 NOT3
5 NOT4
6 NOT5
7 OR-NOT06

Preferred from left
0 NOT7
1 NOT0
2 NOT1
3 NOT2
4 NOT3
5 NOT4
6 NOT5
7 OR-NOT06

Preferred from right
7 OR-NOT06
6 NOT5
5 NOT4
4 NOT3
3 NOT2
2 NOT1
1 NOT0
0 NOT7

Preferred
0 NOT7
1 NOT0
2 NOT1
3 NOT2
4 NOT3
5 NOT4
6 NOT5
7 OR-NOT06

Matching
0 NOT7
1 NOT0
2 NOT1
3 NOT2
4 NOT3
5 NOT4
6 NOT5
7 OR-NOT06

Perfect match
Identity no
NOT no
Constant no
AND no
OR no
XOR no
AND-NOT no
OR-NOT no
XOR-NOT no

Matched
0 NOT7
1 NOT0
2 NOT1
3 NOT2
4 NOT3
5 NOT4
6 NOT5
7 OR-NOT06

Selected
0 NOT7
1 NOT0
2 NOT1
3 NOT2
4 NOT3
5 NOT4
6 NOT5
7 OR-NOT06

Applying to 00100111
Input
0 0
1 0
2 1
3 0
4 0
5 1
6 1
7 1
Output
0 NOT7 = NOT(1) = 0
1 NOT0 = NOT(0) = 1
2 NOT1 = NOT(0) = 1
3 NOT2 = NOT(1) = 0
4 NOT3 = NOT(0) = 1
5 NOT4 = NOT(0) = 1
6 NOT5 = NOT(1) = 0
7 OR-NOT06 = OR(0,NOT(1)) = 0

I will now return the answer in \boxed{}
The answer in \boxed is
\boxed{01101100}