We need to deduce the transformation by matching the example outputs.
I will put my final answer inside \boxed{}.

Output 0: 01011000
0 0
1 1
2 0
3 1
4 1
5 0
6 0
7 0

Output 1: 00000011
0 0
1 0
2 0
3 0
4 0
5 0
6 1
7 1

Output 2: 00000111
0 0
1 0
2 0
3 0
4 0
5 1
6 1
7 1

Output 3: 00101001
0 0
1 0
2 1
3 0
4 1
5 0
6 0
7 1

Output 4: 00000000
0 0
1 0
2 0
3 0
4 0
5 0
6 0
7 0

Output 5: 01110000
0 0
1 1
2 1
3 1
4 0
5 0
6 0
7 0

Output 6: 00101100
0 0
1 0
2 1
3 0
4 1
5 1
6 0
7 0

Output bit columns (with bitsum as hash)
0 0000000 a
1 1000010 2
2 0001011 3
3 1000010 2
4 1001001 3
5 0010001 2
6 0110000 2
7 0111000 3

Input 0: 10110000
0 1
1 0
2 1
3 1
4 0
5 0
6 0
7 0

Input 1: 01100110
0 0
1 1
2 1
3 0
4 0
5 1
6 1
7 0

Input 2: 11001110
0 1
1 1
2 0
3 0
4 1
5 1
6 1
7 0

Input 3: 01110010
0 0
1 1
2 1
3 1
4 0
5 0
6 1
7 0

Input 4: 00000000
0 0
1 0
2 0
3 0
4 0
5 0
6 0
7 0

Input 5: 11100000
0 1
1 1
2 1
3 0
4 0
5 0
6 0
7 0

Input 6: 11011000
0 1
1 1
2 0
3 1
4 1
5 0
6 0
7 0

When matching output
x: not in operator
y: wrong position

Identity
0 1010011 4
1 0111011 5
2 1101010 4
3 1001001 3 match 4
4 0010001 2 match 5
5 0110000 2 match 6
6 0111000 3 match 7
7 0000000 a match 0

Matching output
0 7
1 absent
2 absent
3 absent
4 3
5 4
6 5
7 6

Left
7 0x
Best: I7: 1

Right
6 5 4 3 2x
Best: I6 5 4 3: 4

NOT
0 0101100 3
1 1000100 2
2 0010101 3
3 0110110 4
4 1101110 5
5 1001111 5
6 1000111 4
7 1111111 a

Matching output
0 absent
1 absent
2 absent
3 absent
4 absent
5 absent
6 absent
7 absent

Left
none
Best: none

Right
none
Best: none

Constant
0 0000000 a match 0
1 1111111 a

Matching output
0 C0
1 absent
2 absent
3 absent
4 absent
5 absent
6 absent
7 absent

Left
0
Best: C0: 1

Right
none
Best: none

AND
01 10 0010011 3
12 21 0101010 3
23 32 1001000 2
34 43 0000001 1
45 54 0010000 1
56 65 0110000 2 match 6
67 76 0000000 a match 0
70 07 0000000 a match 0

02 20 1000010 2 match 1 3
13 31 0001001 2
24 42 0000000 a match 0
35 53 0000000 a match 0
46 64 0010000 1
57 75 0000000 a match 0
60 06 0010000 1
71 17 0000000 a match 0

03 30 1000001 2
14 41 0010001 2 match 5
25 52 0100000 1
36 63 0001000 1
47 74 0000000 a match 0
50 05 0010000 1
61 16 0111000 3 match 7
72 27 0000000 a match 0

04 40 0010001 2 match 5
15 51 0110000 2 match 6
26 62 0101000 2
37 73 0000000 a match 0

Matching output
0 67 76 70 07 24 42 35 53 57 75 71 17 47 74 72 27 37 73
1 02 20
2 absent
3 02 20
4 absent
5 14 41 04 40
6 56 65 15 51
7 61 16

Left
67 70y
76 07y
70 01x
07 10x
24 35y
42 53y
35 46x
53 64x
57 60x
75 06x
71 02 13x
17 20 31x
47 50x
74 05x
72 03x
27 30x
37 40y
73 04y
Best: AND71 02: 2

Right
61 50x
16 05x
Best: AND61: 1

OR
01 10 1111011 6
12 21 1111011 6
23 32 1101011 5
34 43 1011001 4
45 54 0110001 3
56 65 0111000 3 match 7
67 76 0111000 3 match 7
70 07 1010011 4

02 20 1111011 6
13 31 1111011 6
24 42 1111011 6
35 53 1111001 5
46 64 0111001 4
57 75 0110000 2 match 6
60 06 1111011 6
71 17 0111011 5

03 30 1011011 5
14 41 0111011 5
25 52 1111010 5
36 63 1111001 5
47 74 0010001 2 match 5
50 05 1110011 5
61 16 0111011 5
72 27 1101010 4

04 40 1010011 4
15 51 0111011 5
26 62 1111010 5
37 73 1001001 3 match 4

Matching output
0 absent
1 absent
2 absent
3 absent
4 37 73
5 47 74
6 57 75
7 56 65 67 76

Left
none
Best: none

Right
56 45x
65 54x
67 56y
76 65y
Best: OR56: 1

XOR
01 10 1101000 3
12 21 1010001 3
23 32 0100011 3
34 43 1011000 3
45 54 0100001 2
56 65 0001000 1
67 76 0111000 3 match 7
70 07 1010011 4

02 20 0111001 4
13 31 1110010 4
24 42 1111011 6
35 53 1111001 5
46 64 0101001 3
57 75 0110000 2 match 6
60 06 1101011 5
71 17 0111011 5

03 30 0011010 3
14 41 0101010 3
25 52 1011010 4
36 63 1110001 4
47 74 0010001 2 match 5
50 05 1100011 4
61 16 0000011 2
72 27 1101010 4

04 40 1000010 2 match 1 3
15 51 0001011 3 match 2
26 62 1010010 3
37 73 1001001 3 match 4

Matching output
0 absent
1 04 40
2 15 51
3 04 40
4 37 73
5 47 74
6 57 75
7 67 76

Left
none
Best: none

Right
67 56x
76 65x
Best: XOR67: 1

AND-NOT
01 1000000 1
12 0010001 2 match 5
23 0100010 2
34 1001000 2
45 0000001 1
56 0000000 a match 0
67 0111000 3 match 7
70 0000000 a match 0

02 0010001 2 match 5
13 0110010 3
24 1101010 4
35 1001001 3 match 4
46 0000001 1
57 0110000 2 match 6
60 0101000 2
71 0000000 a match 0

03 0010010 2
14 0101010 3
25 1001010 3
36 1000001 2
47 0010001 2 match 5
50 0100000 1
61 0000000 a match 0
72 0000000 a match 0

04 1000010 2 match 1 3
15 0001011 3 match 2
26 1000010 2 match 1 3
37 1001001 3 match 4
40 0000000 a match 0
51 0000000 a match 0
62 0010000 1
73 0000000 a match 0

05 1000011 3
16 0000011 2
27 1101010 4
30 0001000 1
41 0000000 a match 0
52 0010000 1
63 0110000 2 match 6
74 0000000 a match 0

06 1000011 3
17 0111011 5
20 0101000 2
31 1000000 1
42 0010001 2 match 5
53 0110000 2 match 6
64 0101000 2
75 0000000 a match 0

07 1010011 4
10 0101000 2
21 1000000 1
32 0000001 1
43 0010000 1
54 0100000 1
65 0001000 1
76 0000000 a match 0

Matching output
0 56 70 71 61 72 40 51 73 41 74 75 76
1 04 26
2 15
3 04 26
4 35 37
5 12 02 47 42
6 57 63 53
7 67

Left
56 67y
70 01x
71 02y
61 72y
72 03x
40 51y
51 62x
73 04 15 26 37 40y
41 52x
74 05x
75 06x
76 07x
Best: AND-NOT73 04 15 26 37: 5

Right
67 56y
Best: AND-NOT67: 1

OR-NOT
01 1010111 5
12 0111111 6
23 1111110 6
34 1101111 6
45 1011111 6
56 1110111 6
67 1111111 a
70 0101100 3

02 1010111 5
13 0111111 6
24 1101110 5
35 1001111 5
46 1010111 5
57 1111111 a
60 0111100 4
71 1000100 2

03 1110111 6
14 1111111 a
25 1101111 6
36 1001111 5
47 1111111 a
50 0111100 4
61 1111100 5
72 0010101 3

04 1111111 a
15 1111111 a
26 1101111 6
37 1111111 a
40 0111101 5
51 1110100 4
62 0111101 5
73 0110110 4

05 1011111 6
16 1111111 a
27 1111111 a
30 1101101 5
41 1010101 4
52 0110101 4
63 0111110 5
74 1101110 5

06 1010111 5
17 1111111 a
20 1101110 5
31 1001101 4
42 0010101 3
53 0110110 4
64 1111110 6
75 1001111 5

07 1111111 a
10 0111111 6
21 1101110 5
32 1011101 5
43 0110111 5
54 1111110 6
65 1111111 a
76 1000111 4

Matching output
0 absent
1 absent
2 absent
3 absent
4 absent
5 absent
6 absent
7 absent

Left
none
Best: none

Right
none
Best: none

XOR-NOT
01 0010111 4
12 0101110 4
23 1011100 4
34 0100111 4
45 1011110 5
56 1110111 6
67 1000111 4
70 0101100 3

02 1000110 3
13 0001101 3
24 0000100 1
35 0000110 2
46 1010110 4
57 1001111 5
60 0010100 2
71 1000100 2

03 1100101 4
14 1010101 4
25 0100101 3
36 0001110 3
47 1101110 5
50 0011100 3
61 1111100 5
72 0010101 3

04 0111101 5
15 1110100 4
26 0101101 4
37 0110110 4
40 0111101 5
51 1110100 4
62 0101101 4
73 0110110 4

05 0011100 3
16 1111100 5
27 0010101 3
30 1100101 4
41 1010101 4
52 0100101 3
63 0001110 3
74 1101110 5

06 0010100 2
17 1000100 2
20 1000110 3
31 0001101 3
42 0000100 1
53 0000110 2
64 1010110 4
75 1001111 5

07 0101100 3
10 0010111 4
21 0101110 4
32 1011100 4
43 0100111 4
54 1011110 5
65 1110111 6
76 1000111 4

Matching output
0 absent
1 absent
2 absent
3 absent
4 absent
5 absent
6 absent
7 absent

Left
none
Best: none

Right
none
Best: none

Selecting

Lefts
Identity I7: 1
NOT none
Constant C0: 1
AND AND71 02: 2
OR none
XOR none
AND-NOT AND-NOT73 04 15 26 37: 5
OR-NOT none
XOR-NOT none

Rights
Identity I6 5 4 3: 4
NOT none
Constant none
AND AND61: 1
OR OR56: 1
XOR XOR67: 1
AND-NOT AND-NOT67: 1
OR-NOT none
XOR-NOT none

Left longest: 5
Right longest: 4

Left winner: Identity no, NOT no, Constant no, AND no, OR no, XOR no, AND-NOT yes, OR-NOT no, XOR-NOT no
Right winner: Identity yes, NOT no, Constant no, AND no, OR no, XOR no, AND-NOT no, OR-NOT no, XOR-NOT no

Best left: AND-NOT73 04 15 26 37: 5
Best right: I6 5 4 3: 4

Truncated left: AND-NOT73 04 15 26 37: 5
Truncated right: I6 5 4: 3 truncated

Tentative from right
7 I6
6 I5
5 I4
4 pending
3 pending
2 pending
1 pending
0 pending

Tentative
0 AND-NOT73
1 AND-NOT04
2 AND-NOT15
3 AND-NOT26
4 AND-NOT37
5 I4
6 I5
7 I6

Preferred from left
0 AND-NOT73
1 AND-NOT04
2 AND-NOT15
3 AND-NOT26
4 AND-NOT37
5 I4
6 I5
7 I6

Preferred from right
7 I6
6 I5
5 I4
4 AND-NOT37
3 AND-NOT26
2 AND-NOT15
1 AND-NOT04
0 AND-NOT73

Preferred
0 AND-NOT73
1 AND-NOT04
2 AND-NOT15
3 AND-NOT26
4 AND-NOT37
5 I4
6 I5
7 I6

Matching
0 AND-NOT73
1 AND-NOT04
2 AND-NOT15
3 AND-NOT26
4 AND-NOT37
5 I4
6 I5
7 I6

Perfect match
Identity no
NOT no
Constant no
AND no
OR no
XOR no
AND-NOT no
OR-NOT no
XOR-NOT no

Matched
0 AND-NOT73
1 AND-NOT04
2 AND-NOT15
3 AND-NOT26
4 AND-NOT37
5 I4
6 I5
7 I6

Selected
0 AND-NOT73
1 AND-NOT04
2 AND-NOT15
3 AND-NOT26
4 AND-NOT37
5 I4
6 I5
7 I6

Applying to 01110001
Input
0 0
1 1
2 1
3 1
4 0
5 0
6 0
7 1
Output
0 AND-NOT73 = AND(1,NOT(1)) = 0
1 AND-NOT04 = AND(0,NOT(0)) = 0
2 AND-NOT15 = AND(1,NOT(0)) = 1
3 AND-NOT26 = AND(1,NOT(0)) = 1
4 AND-NOT37 = AND(1,NOT(1)) = 0
5 I4 = 0
6 I5 = 0
7 I6 = 0

I will now return the answer in \boxed{}
The answer in \boxed is
\boxed{00110000}