We need to deduce the transformation by matching the example outputs.
I will put my final answer inside \boxed{}.

Output 0: 10101101
0 1
1 0
2 1
3 0
4 1
5 1
6 0
7 1

Output 1: 11110011
0 1
1 1
2 1
3 1
4 0
5 0
6 1
7 1

Output 2: 01111110
0 0
1 1
2 1
3 1
4 1
5 1
6 1
7 0

Output 3: 10000011
0 1
1 0
2 0
3 0
4 0
5 0
6 1
7 1

Output 4: 11110111
0 1
1 1
2 1
3 1
4 0
5 1
6 1
7 1

Output 5: 11001101
0 1
1 1
2 0
3 0
4 1
5 1
6 0
7 1

Output 6: 01011100
0 0
1 1
2 0
3 1
4 1
5 1
6 0
7 0

Output 7: 10100011
0 1
1 0
2 1
3 0
4 0
5 0
6 1
7 1

Output 8: 01100100
0 0
1 1
2 1
3 0
4 0
5 1
6 0
7 0

Output bit columns (with bitsum as hash)
0 110111010 6
1 011011101 6
2 111010011 6
3 011010100 4
4 101001100 4
5 101011101 6
6 011110010 5
7 110111010 6

Input 0: 01010110
0 0
1 1
2 0
3 1
4 0
5 1
6 1
7 0

Input 1: 11111000
0 1
1 1
2 1
3 1
4 1
5 0
6 0
7 0

Input 2: 10111110
0 1
1 0
2 1
3 1
4 1
5 1
6 1
7 0

Input 3: 11000000
0 1
1 1
2 0
3 0
4 0
5 0
6 0
7 0

Input 4: 01111011
0 0
1 1
2 1
3 1
4 1
5 0
6 1
7 1

Input 5: 11100111
0 1
1 1
2 1
3 0
4 0
5 1
6 1
7 1

Input 6: 00101110
0 0
1 0
2 1
3 0
4 1
5 1
6 1
7 0

Input 7: 01010001
0 0
1 1
2 0
3 1
4 0
5 0
6 0
7 1

Input 8: 10110011
0 1
1 0
2 1
3 1
4 0
5 0
6 1
7 1

When matching output
x: not in operator
y: wrong position

Identity
0 011101001 5
1 110111010 6 match 0 7
2 011011101 6 match 1
3 111010011 6 match 2
4 011010100 4 match 3
5 101001100 4 match 4
6 101011101 6 match 5
7 000011011 4

Matching output
0 1
1 2
2 3
3 4
4 5
5 6
6 absent
7 1

Left
1 2 3 4 5 6 7x
Best: I1 2 3 4 5 6: 6

Right
1 0x
Best: I1: 1

NOT
0 100010110 4
1 001000101 3
2 100100010 3
3 000101100 3
4 100101011 5
5 010110011 5
6 010100010 3
7 111100100 5

Matching output
0 absent
1 absent
2 absent
3 absent
4 absent
5 absent
6 absent
7 absent

Left
none
Best: none

Right
none
Best: none

Constant
0 000000000 a
1 111111111 a

Matching output
0 absent
1 absent
2 absent
3 absent
4 absent
5 absent
6 absent
7 absent

Left
none
Best: none

Right
none
Best: none

AND
01 10 010101000 3
12 21 010011000 3
23 32 011010001 4
34 43 011010000 3
45 54 001000100 2
56 65 101001100 4 match 4
67 76 000011001 3
70 07 000001001 2

02 20 011001001 4
13 31 110010010 4
24 42 011010100 4 match 3
35 53 101000000 2
46 64 001010100 3
57 75 000001000 1
60 06 001001001 3
71 17 000011010 3

03 30 011000001 3
14 41 010010000 2
25 52 001001100 3
36 63 101010001 4
47 74 000010000 1
50 05 001001000 2
61 16 100011000 3
72 27 000011001 3

04 40 011000000 2
15 51 100001000 2
26 62 001011101 5
37 73 000010011 3

Matching output
0 absent
1 absent
2 absent
3 24 42
4 56 65
5 absent
6 absent
7 absent

Left
none
Best: none

Right
none
Best: none

OR
01 10 111111011 8
12 21 111111111 a
23 32 111011111 8
34 43 111010111 7
45 54 111011100 6
56 65 101011101 6 match 5
67 76 101011111 7
70 07 011111011 7

02 20 011111101 7
13 31 111111011 8
24 42 011011101 6 match 1
35 53 111011111 8
46 64 111011101 7
57 75 101011111 7
60 06 111111101 8
71 17 110111011 7

03 30 111111011 8
14 41 111111110 8
25 52 111011101 7
36 63 111011111 8
47 74 011011111 7
50 05 111101101 7
61 16 111111111 a
72 27 011011111 7

04 40 011111101 7
15 51 111111110 8
26 62 111011101 7
37 73 111011011 7

Matching output
0 absent
1 24 42
2 absent
3 absent
4 absent
5 56 65
6 absent
7 absent

Left
none
Best: none

Right
none
Best: none

XOR
01 10 101010011 5
12 21 101100111 6
23 32 100001110 4
34 43 100000111 4
45 54 110011000 4
56 65 000010001 2
67 76 101000110 4
70 07 011110010 5 match 6

02 20 000110100 3
13 31 001101001 4
24 42 000001001 2
35 53 010011111 6
46 64 110001001 4
57 75 101010111 6
60 06 110110100 5
71 17 110100001 4

03 30 100111010 5
14 41 101101110 6
25 52 110010001 4
36 63 010001110 4
47 74 011001111 6
50 05 110100101 5
61 16 011100111 6
72 27 011000110 4

04 40 000111101 5
15 51 011110110 6
26 62 110000000 2
37 73 111001000 4

Matching output
0 absent
1 absent
2 absent
3 absent
4 absent
5 absent
6 70 07
7 absent

Left
none
Best: none

Right
none
Best: none

AND-NOT
01 001000001 2
12 100100010 3
23 000001100 2
34 100000011 3
45 010010000 2
56 000000000 a
67 101000100 3
70 000010010 2

02 000100000 1
13 000101000 2
24 000001001 2
35 010010011 4
46 010000000 1
57 101000100 3
60 100010100 3
71 000000001 1

03 000101000 2
14 100101010 4
25 010010001 3
36 010000010 2
47 011000100 3
50 100000100 2
61 001000101 3
72 000000010 1

04 000101001 3
15 010110010 4
26 010000000 1
37 111000000 3
40 000010100 2
51 001000100 2
62 100000000 1
73 000001000 1

05 010100001 3
16 010100010 3
27 011000100 3
30 100010010 3
41 001000100 2
52 100000000 1
63 000001100 2
74 000001011 3

06 010100000 2
17 110100000 3
20 000010100 2
31 001000001 2
42 000000000 a
53 000001100 2
64 100001001 3
75 000010011 3

07 011100000 3
10 100010010 3
21 001000101 3
32 100000010 2
43 000000100 1
54 100001000 2
65 000010001 2
76 000000010 1

Matching output
0 absent
1 absent
2 absent
3 absent
4 absent
5 absent
6 absent
7 absent

Left
none
Best: none

Right
none
Best: none

OR-NOT
01 011101101 6
12 110111010 6 match 0 7
23 011111101 7
34 111111011 8
45 011110111 7
56 111101110 7
67 111111101 8
70 100011111 6

02 111101011 7
13 110111110 7
24 111111111 a
35 111110011 7
46 011110110 6
57 111101100 6
60 101011111 7
71 001011111 6

03 011101101 6
14 110111011 7
25 011111111 8
36 111110011 7
47 111110100 6
50 101011110 6
61 101011101 6 match 5
72 100111011 6

04 111101011 7
15 110111011 7
26 011111111 8
37 111110111 8
40 111010110 6
51 101001101 5
62 101111111 8
73 000111111 6

05 011111011 7
16 110111010 6 match 0 7
27 111111101 8
30 111010111 7
41 011010101 5
52 101101110 6
63 101111101 7
74 100111011 6

06 011101011 6
17 111111110 8
20 111011111 8
31 111010111 7
42 111110110 7
53 101101100 5
64 101111111 8
75 010111011 6

07 111101101 7
10 110111110 7
21 011011101 6 match 1
32 111110011 7
43 011111100 6
54 101101111 7
65 111111111 a
76 010111011 6

Matching output
0 12 16
1 21
2 absent
3 absent
4 absent
5 61
6 absent
7 12 16

Left
12 23x
16 27x
Best: OR-NOT12: 1

Right
12 01x
16 05x
Best: OR-NOT12: 1

XOR-NOT
01 010101100 4
12 010011000 3
23 011110001 5
34 011111000 5
45 001100111 5
56 111101110 7
67 010111001 5
70 100001101 4

02 111001011 6
13 110010110 5
24 111110110 7
35 101100000 3
46 001110110 5
57 010101000 3
60 001001011 4
71 001011110 5

03 011000101 4
14 010010001 3
25 001101110 5
36 101110001 5
47 100110000 3
50 001011010 4
61 100011000 3
72 100111001 5

04 111000010 4
15 100001001 3
26 001111111 7
37 000110111 5
40 111000010 4
51 100001001 3
62 001111111 7
73 000110111 5

05 001011010 4
16 100011000 3
27 100111001 5
30 011000101 4
41 010010001 3
52 001101110 5
63 101110001 5
74 100110000 3

06 001001011 4
17 001011110 5
20 111001011 6
31 110010110 5
42 111110110 7
53 101100000 3
64 001110110 5
75 010101000 3

07 100001101 4
10 010101100 4
21 010011000 3
32 011110001 5
43 011111000 5
54 001100111 5
65 111101110 7
76 010111001 5

Matching output
0 absent
1 absent
2 absent
3 absent
4 absent
5 absent
6 absent
7 absent

Left
none
Best: none

Right
none
Best: none

Selecting

Lefts
Identity I1 2 3 4 5 6: 6
NOT none
Constant none
AND none
OR none
XOR none
AND-NOT none
OR-NOT OR-NOT12: 1
XOR-NOT none

Rights
Identity I1: 1
NOT none
Constant none
AND none
OR none
XOR none
AND-NOT none
OR-NOT OR-NOT12: 1
XOR-NOT none

Left longest: 6
Right longest: 1

Left winner: Identity yes, NOT no, Constant no, AND no, OR no, XOR no, AND-NOT no, OR-NOT no, XOR-NOT no
Right winner: Identity yes, NOT no, Constant no, AND no, OR no, XOR no, AND-NOT no, OR-NOT no, XOR-NOT no

Best left: I1 2 3 4 5 6: 6
Best right: I1: 1

Truncated left: I1 2 3 4 5 6: 6
Truncated right: I1: 1

Tentative from right
7 I1
6 pending
5 pending
4 pending
3 pending
2 pending
1 pending
0 pending

Tentative
0 I1
1 I2
2 I3
3 I4
4 I5
5 I6
6 pending
7 I1

Preferred from left
0 I1
1 I2
2 I3
3 I4
4 I5
5 I6
6 ?7?
7 I1

Preferred from right
7 I1
6 ?70
5 I6
4 I5
3 I4
2 I3
1 I2
0 I1

Preferred
0 I1
1 I2
2 I3
3 I4
4 I5
5 I6
6 ?70 ?07
7 I1

Matching
0 I1
1 I2
2 I3
3 I4
4 I5
5 I6
6 ?70 ?07 - Identity absent, NOT absent, Constant absent, AND absent, OR absent, XOR70, AND-NOT absent, OR-NOT absent, XOR-NOT absent
7 I1

Perfect match
Identity no
NOT no
Constant no
AND no
OR no
XOR yes
AND-NOT no
OR-NOT no
XOR-NOT no

Matched
0 I1
1 I2
2 I3
3 I4
4 I5
5 I6
6 XOR70
7 I1

Selected
0 I1
1 I2
2 I3
3 I4
4 I5
5 I6
6 XOR70
7 I1

Applying to 10111011
Input
0 1
1 0
2 1
3 1
4 1
5 0
6 1
7 1
Output
0 I1 = 0
1 I2 = 1
2 I3 = 1
3 I4 = 1
4 I5 = 0
5 I6 = 1
6 XOR70 = XOR(1,1) = 0
7 I1 = 0

I will now return the answer in \boxed{}
The answer in \boxed is
\boxed{01110100}