We need to deduce the transformation by matching the example outputs.
I will put my final answer inside \boxed{}.

Output 0: 00010011
0 0
1 0
2 0
3 1
4 0
5 0
6 1
7 1

Output 1: 01110010
0 0
1 1
2 1
3 1
4 0
5 0
6 1
7 0

Output 2: 00011000
0 0
1 0
2 0
3 1
4 1
5 0
6 0
7 0

Output 3: 10101001
0 1
1 0
2 1
3 0
4 1
5 0
6 0
7 1

Output 4: 00111000
0 0
1 0
2 1
3 1
4 1
5 0
6 0
7 0

Output 5: 11110110
0 1
1 1
2 1
3 1
4 0
5 1
6 1
7 0

Output 6: 11101011
0 1
1 1
2 1
3 0
4 1
5 0
6 1
7 1

Output 7: 00100011
0 0
1 0
2 1
3 0
4 0
5 0
6 1
7 1

Output 8: 01101011
0 0
1 1
2 1
3 0
4 1
5 0
6 1
7 1

Output 9: 10010101
0 1
1 0
2 0
3 1
4 0
5 1
6 0
7 1

Output bit columns (with bitsum as hash)
0 0001011001 4
1 0100011010 4
2 0101111110 7
3 1110110001 6
4 0011101010 5
5 0000010001 2
6 1100011110 6
7 1001001111 6

Input 0: 11000011
0 1
1 1
2 0
3 0
4 0
5 0
6 1
7 1

Input 1: 00000011
0 0
1 0
2 0
3 0
4 0
5 0
6 1
7 1

Input 2: 00111110
0 0
1 0
2 1
3 1
4 1
5 1
6 1
7 0

Input 3: 11001100
0 1
1 1
2 0
3 0
4 1
5 1
6 0
7 0

Input 4: 01111110
0 0
1 1
2 1
3 1
4 1
5 1
6 1
7 0

Input 5: 00000010
0 0
1 0
2 0
3 0
4 0
5 0
6 1
7 0

Input 6: 10110011
0 1
1 0
2 1
3 1
4 0
5 0
6 1
7 1

Input 7: 01111000
0 0
1 1
2 1
3 1
4 1
5 0
6 0
7 0

Input 8: 11111010
0 1
1 1
2 1
3 1
4 1
5 0
6 1
7 0

Input 9: 00111101
0 0
1 0
2 1
3 1
4 1
5 1
6 0
7 1

When matching output
x: not in operator
y: wrong position

Identity
0 1001001010 4
1 1001100110 5
2 0010101111 6
3 0010101111 6
4 0011100111 6
5 0011100001 4
6 1110111010 7
7 1100001001 4

Matching output
0 absent
1 absent
2 absent
3 absent
4 absent
5 absent
6 absent
7 absent

Left
none
Best: none

Right
none
Best: none

NOT
0 0110110101 6
1 0110011001 5
2 1101010000 4
3 1101010000 4
4 1100011000 4
5 1100011110 6 match 6
6 0001000101 3
7 0011110110 6

Matching output
0 absent
1 absent
2 absent
3 absent
4 absent
5 absent
6 5
7 absent

Left
none
Best: none

Right
none
Best: none

Constant
0 0000000000 a
1 1111111111 a

Matching output
0 absent
1 absent
2 absent
3 absent
4 absent
5 absent
6 absent
7 absent

Left
none
Best: none

Right
none
Best: none

AND
01 10 1001000010 3
12 21 0000100110 3
23 32 0010101111 6
34 43 0010100111 5
45 54 0011100001 4
56 65 0010100000 2
67 76 1100001000 3
70 07 1000001000 2

02 20 0000001010 2
13 31 0000100110 3
24 42 0010100111 5
35 53 0010100001 3
46 64 0010100010 3
57 75 0000000001 1
60 06 1000001010 3
71 17 1000000000 1

03 30 0000001010 2
14 41 0001100110 4
25 52 0010100001 3
36 63 0010101010 4
47 74 0000000001 1
50 05 0001000000 1
61 16 1000100010 3
72 27 0000001001 2

04 40 0001000010 2
15 51 0001100000 2
26 62 0010101010 4
37 73 0000001001 2

Matching output
0 absent
1 absent
2 absent
3 absent
4 absent
5 absent
6 absent
7 absent

Left
none
Best: none

Right
none
Best: none

OR
01 10 1001101110 6
12 21 1011101111 8
23 32 0010101111 6
34 43 0011101111 7
45 54 0011100111 6
56 65 1111111011 9
67 76 1110111011 8
70 07 1101001011 6

02 20 1011101111 8
13 31 1011101111 8
24 42 0011101111 7
35 53 0011101111 7
46 64 1111111111 a
57 75 1111101001 7
60 06 1111111010 8
71 17 1101101111 8

03 30 1011101111 8
14 41 1011100111 7
25 52 0011101111 7
36 63 1110111111 9
47 74 1111101111 9
50 05 1011101011 7
61 16 1111111110 9
72 27 1110101111 8

04 40 1011101111 8
15 51 1011100111 7
26 62 1110111111 9
37 73 1110101111 8

Matching output
0 absent
1 absent
2 absent
3 absent
4 absent
5 absent
6 absent
7 absent

Left
none
Best: none

Right
none
Best: none

XOR
01 10 0000101100 3
12 21 1011001001 5
23 32 0000000000 a
34 43 0001001000 2
45 54 0000000110 2
56 65 1101011011 7
67 76 0010110011 5
70 07 0101000011 4

02 20 1011100101 6
13 31 1011001001 5
24 42 0001001000 2
35 53 0001001110 4
46 64 1101011101 7
57 75 1111101000 6
60 06 0111110000 5
71 17 0101101111 7

03 30 1011100101 6
14 41 1010000001 3
25 52 0001001110 4
36 63 1100010101 5
47 74 1111101110 8
50 05 1010101011 6
61 16 0111011100 6
72 27 1110100110 6

04 40 1010101101 6
15 51 1010000111 5
26 62 1100010101 5
37 73 1110100110 6

Matching output
0 absent
1 absent
2 absent
3 absent
4 absent
5 absent
6 absent
7 absent

Left
none
Best: none

Right
none
Best: none

AND-NOT
01 0000001000 1
12 1001000000 2
23 0000000000 a
34 0000001000 1
45 0000000110 2
56 0001000001 2
67 0010110010 4
70 0100000001 2

02 1001000000 2
13 1001000000 2
24 0000001000 1
35 0000001110 3
46 0001000101 3
57 0011100000 3
60 0110110000 4
71 0100001001 3

03 1001000000 2
14 1000000000 1
25 0000001110 3
36 0000000101 2
47 0011100110 5
50 0010100001 3
61 0110011000 4
72 1100000000 2

04 1000001000 2
15 1000000110 3
26 0000000101 2
37 0010100110 4
40 0010100101 4
51 0010000001 2
62 1100010000 3
73 1100000000 2

05 1000001010 3
16 0001000100 2
27 0010100110 4
30 0010100101 4
41 0010000001 2
52 0001000000 1
63 1100010000 3
74 1100001000 3

06 0001000000 1
17 0001100110 4
20 0010100101 4
31 0010001001 3
42 0001000000 1
53 0001000000 1
64 1100011000 4
75 1100001000 3

07 0001000010 2
10 0000100100 2
21 0010001001 3
32 0000000000 a
43 0001000000 1
54 0000000000 a
65 1100011010 5
76 0000000001 1

Matching output
0 absent
1 absent
2 absent
3 absent
4 absent
5 absent
6 absent
7 absent

Left
none
Best: none

Right
none
Best: none

OR-NOT
01 1111011011 8
12 1101110110 7
23 1111111111 a
34 1110111111 9
45 1111111111 a
56 0011100101 5
67 1111111110 9
70 1110111101 8

02 1101011010 6
13 1101110110 7
24 1110111111 9
35 1110111111 9
46 0011100111 6
57 0011110111 7
60 1110111111 9
71 1110011001 6

03 1101011010 6
14 1101111110 8
25 1110111111 9
36 0011101111 7
47 0011110111 7
50 0111110101 7
61 1110111011 8
72 1101011001 6

04 1101011010 6
15 1101111110 8
26 0011101111 7
37 0011111111 8
40 0111110111 8
51 0111111001 7
62 1111111010 8
73 1101011001 6

05 1101011110 7
16 1001100111 6
27 0011111111 8
30 0110111111 8
41 0111111111 9
52 1111110001 7
63 1111111010 8
74 1100011001 5

06 1001001111 6 match 7
17 1011110110 7
20 0110111111 8
31 0110111111 8
42 1111110111 9
53 1111110001 7
64 1110111010 7
75 1100011111 7

07 1011111110 8
10 1111110111 9
21 0110111111 8
32 1111111111 a
43 1111110111 9
54 1111111001 8
65 1110111110 8
76 1101001101 6

Matching output
0 absent
1 absent
2 absent
3 absent
4 absent
5 absent
6 absent
7 06

Left
none
Best: none

Right
06 75x
Best: OR-NOT06: 1

XOR-NOT
01 1111010011 7
12 0100110110 5
23 1111111111 a
34 1110110111 8
45 1111111001 8
56 0010100100 3
67 1101001100 5
70 1010111100 6

02 0100011010 4 match 1
13 0100110110 5
24 1110110111 8
35 1110110001 6 match 3
46 0010100010 3
57 0000010111 4
60 1000001111 5
71 1010010000 3

03 0100011010 4 match 1
14 0101111110 7 match 2
25 1110110001 6 match 3
36 0011101010 5 match 4
47 0000010001 2 match 5
50 0101010100 4
61 1000100011 4
72 0001011001 4 match 0

04 0101010010 4
15 0101111000 5
26 0011101010 5 match 4
37 0001011001 4 match 0
40 0101010010 4
51 0101111000 5
62 0011101010 5 match 4
73 0001011001 4 match 0

05 0101010100 4
16 1000100011 4
27 0001011001 4 match 0
30 0100011010 4 match 1
41 0101111110 7 match 2
52 1110110001 6 match 3
63 0011101010 5 match 4
74 0000010001 2 match 5

06 1000001111 5
17 1010010000 3
20 0100011010 4 match 1
31 0100110110 5
42 1110110111 8
53 1110110001 6 match 3
64 0010100010 3
75 0000010111 4

07 1010111100 6
10 1111010011 7
21 0100110110 5
32 1111111111 a
43 1110110111 8
54 1111111001 8
65 0010100100 3
76 1101001100 5

Matching output
0 72 37 73 27
1 02 03 30 20
2 14 41
3 35 25 52 53
4 36 26 62 63
5 47 74
6 absent
7 absent

Left
72 03 14 25 36 47 50x
37 40x
73 04x
27 30 41 52 63 74 05x
Best: XOR-NOT72 03 14 25 36 47: 6

Right
none
Best: none

Selecting

Lefts
Identity none
NOT none
Constant none
AND none
OR none
XOR none
AND-NOT none
OR-NOT none
XOR-NOT XOR-NOT72 03 14 25 36 47: 6

Rights
Identity none
NOT none
Constant none
AND none
OR none
XOR none
AND-NOT none
OR-NOT OR-NOT06: 1
XOR-NOT none

Left longest: 6
Right longest: 1

Left winner: Identity no, NOT no, Constant no, AND no, OR no, XOR no, AND-NOT no, OR-NOT no, XOR-NOT yes
Right winner: Identity no, NOT no, Constant no, AND no, OR no, XOR no, AND-NOT no, OR-NOT yes, XOR-NOT no

Best left: XOR-NOT72 03 14 25 36 47: 6
Best right: OR-NOT06: 1

Truncated left: XOR-NOT72 03 14 25 36 47: 6
Truncated right: OR-NOT06: 1

Tentative from right
7 OR-NOT06
6 pending
5 pending
4 pending
3 pending
2 pending
1 pending
0 pending

Tentative
0 XOR-NOT72
1 XOR-NOT03
2 XOR-NOT14
3 XOR-NOT25
4 XOR-NOT36
5 XOR-NOT47
6 pending
7 OR-NOT06

Preferred from left
0 XOR-NOT72
1 XOR-NOT03
2 XOR-NOT14
3 XOR-NOT25
4 XOR-NOT36
5 XOR-NOT47
6 ?50
7 OR-NOT06

Preferred from right
7 OR-NOT06
6 ?50
5 XOR-NOT47
4 XOR-NOT36
3 XOR-NOT25
2 XOR-NOT14
1 XOR-NOT03
0 XOR-NOT72

Preferred
0 XOR-NOT72
1 XOR-NOT03
2 XOR-NOT14
3 XOR-NOT25
4 XOR-NOT36
5 XOR-NOT47
6 ?50 ?05
7 OR-NOT06

Matching
0 XOR-NOT72
1 XOR-NOT03
2 XOR-NOT14
3 XOR-NOT25
4 XOR-NOT36
5 XOR-NOT47
6 ?50 ?05 - Identity absent, NOT NOT5, Constant absent, AND absent, OR absent, XOR absent, AND-NOT absent, OR-NOT absent, XOR-NOT absent
7 OR-NOT06

Perfect match
Identity no
NOT yes
Constant no
AND no
OR no
XOR no
AND-NOT no
OR-NOT no
XOR-NOT no

Matched
0 XOR-NOT72
1 XOR-NOT03
2 XOR-NOT14
3 XOR-NOT25
4 XOR-NOT36
5 XOR-NOT47
6 NOT5
7 OR-NOT06

Selected
0 XOR-NOT72
1 XOR-NOT03
2 XOR-NOT14
3 XOR-NOT25
4 XOR-NOT36
5 XOR-NOT47
6 NOT5
7 OR-NOT06

Applying to 01000010
Input
0 0
1 1
2 0
3 0
4 0
5 0
6 1
7 0
Output
0 XOR-NOT72 = XOR(0,NOT(0)) = 1
1 XOR-NOT03 = XOR(0,NOT(0)) = 1
2 XOR-NOT14 = XOR(1,NOT(0)) = 0
3 XOR-NOT25 = XOR(0,NOT(0)) = 1
4 XOR-NOT36 = XOR(0,NOT(1)) = 0
5 XOR-NOT47 = XOR(0,NOT(0)) = 1
6 NOT5 = NOT(0) = 1
7 OR-NOT06 = OR(0,NOT(1)) = 0

I will now return the answer in \boxed{}
The answer in \boxed is
\boxed{11010110}