We need to deduce the transformation by matching the example outputs.
I will put my final answer inside \boxed{}.

Output 0: 00100111
0 0
1 0
2 1
3 0
4 0
5 1
6 1
7 1

Output 1: 11010011
0 1
1 1
2 0
3 1
4 0
5 0
6 1
7 1

Output 2: 11000110
0 1
1 1
2 0
3 0
4 0
5 1
6 1
7 0

Output 3: 11011011
0 1
1 1
2 0
3 1
4 1
5 0
6 1
7 1

Output 4: 11110111
0 1
1 1
2 1
3 1
4 0
5 1
6 1
7 1

Output 5: 11110101
0 1
1 1
2 1
3 1
4 0
5 1
6 0
7 1

Output 6: 10101101
0 1
1 0
2 1
3 0
4 1
5 1
6 0
7 1

Output bit columns (with bitsum as hash)
0 0111111 6
1 0111110 5
2 1000111 4
3 0101110 4
4 0001001 2
5 1010111 5
6 1111100 5
7 1101111 6

Input 0: 00001001
0 0
1 0
2 0
3 0
4 1
5 0
6 0
7 1

Input 1: 01000011
0 0
1 1
2 0
3 0
4 0
5 0
6 1
7 1

Input 2: 00011101
0 0
1 0
2 0
3 1
4 1
5 1
6 0
7 1

Input 3: 11000011
0 1
1 1
2 0
3 0
4 0
5 0
6 1
7 1

Input 4: 10000000
0 1
1 0
2 0
3 0
4 0
5 0
6 0
7 0

Input 5: 10100000
0 1
1 0
2 1
3 0
4 0
5 0
6 0
7 0

Input 6: 00100110
0 0
1 0
2 1
3 0
4 0
5 1
6 1
7 0

When matching output
x: not in operator
y: wrong position

Identity
0 0001110 3
1 0101000 2
2 0000011 2
3 0010000 1
4 1010000 2
5 0010001 2
6 0101001 3
7 1111000 4

Matching output
0 absent
1 absent
2 absent
3 absent
4 absent
5 absent
6 absent
7 absent

Left
none
Best: none

Right
none
Best: none

NOT
0 1110001 4
1 1010111 5 match 5
2 1111100 5 match 6
3 1101111 6 match 7
4 0101111 5
5 1101110 5
6 1010110 4
7 0000111 3

Matching output
0 absent
1 absent
2 absent
3 absent
4 absent
5 1
6 2
7 3

Left
none
Best: none

Right
3 2 1 0x
Best: NOT3 2 1: 3

Constant
0 0000000 a
1 1111111 a

Matching output
0 absent
1 absent
2 absent
3 absent
4 absent
5 absent
6 absent
7 absent

Left
none
Best: none

Right
none
Best: none

AND
01 10 0001000 1
12 21 0000000 a
23 32 0000000 a
34 43 0010000 1
45 54 0010000 1
56 65 0000001 1
67 76 0101000 2
70 07 0001000 1

02 20 0000010 1
13 31 0000000 a
24 42 0000000 a
35 53 0010000 1
46 64 0000000 a
57 75 0010000 1
60 06 0001000 1
71 17 0101000 2

03 30 0000000 a
14 41 0000000 a
25 52 0000001 1
36 63 0000000 a
47 74 1010000 2
50 05 0000000 a
61 16 0101000 2
72 27 0000000 a

04 40 0000000 a
15 51 0000000 a
26 62 0000001 1
37 73 0010000 1

Matching output
0 absent
1 absent
2 absent
3 absent
4 absent
5 absent
6 absent
7 absent

Left
none
Best: none

Right
none
Best: none

OR
01 10 0101110 4 match 3
12 21 0101011 4
23 32 0010011 3
34 43 1010000 2
45 54 1010001 3
56 65 0111001 4
67 76 1111001 5
70 07 1111110 6

02 20 0001111 4
13 31 0111000 3
24 42 1010011 4
35 53 0010001 2
46 64 1111001 5
57 75 1111001 5
60 06 0101111 5
71 17 1111000 4

03 30 0011110 4
14 41 1111000 4
25 52 0010011 3
36 63 0111001 4
47 74 1111000 4
50 05 0011111 5
61 16 0101001 3
72 27 1111011 6

04 40 1011110 5
15 51 0111001 4
26 62 0101011 4
37 73 1111000 4

Matching output
0 absent
1 absent
2 absent
3 01 10
4 absent
5 absent
6 absent
7 absent

Left
none
Best: none

Right
none
Best: none

XOR
01 10 0100110 3
12 21 0101011 4
23 32 0010011 3
34 43 1000000 1
45 54 1000001 2
56 65 0111000 3
67 76 1010001 3
70 07 1110110 5

02 20 0001101 3
13 31 0111000 3
24 42 1010011 4
35 53 0000001 1
46 64 1111001 5
57 75 1101001 4
60 06 0100111 4
71 17 1010000 2

03 30 0011110 4
14 41 1111000 4
25 52 0010010 2
36 63 0111001 4
47 74 0101000 2
50 05 0011111 5
61 16 0000001 1
72 27 1111011 6

04 40 1011110 5
15 51 0111001 4
26 62 0101010 3
37 73 1101000 3

Matching output
0 absent
1 absent
2 absent
3 absent
4 absent
5 absent
6 absent
7 absent

Left
none
Best: none

Right
none
Best: none

AND-NOT
01 0000110 2
12 0101000 2
23 0000011 2
34 0000000 a
45 1000000 1
56 0010000 1
67 0000001 1
70 1110000 3

02 0001100 2
13 0101000 2
24 0000011 2
35 0000000 a
46 1010000 2
57 0000001 1
60 0100001 2
71 1010000 2

03 0001110 3
14 0101000 2
25 0000010 1
36 0010000 1
47 0000000 a
50 0010001 2
61 0000001 1
72 1111000 4

04 0001110 3
15 0101000 2
26 0000010 1
37 0000000 a
40 1010000 2
51 0010001 2
62 0101000 2
73 1101000 3

05 0001110 3
16 0000000 a
27 0000011 2
30 0010000 1
41 1010000 2
52 0010000 1
63 0101001 3
74 0101000 2

06 0000110 2
17 0000000 a
20 0000001 1
31 0010000 1
42 1010000 2
53 0000001 1
64 0101001 3
75 1101000 3

07 0000110 2
10 0100000 1
21 0000011 2
32 0010000 1
43 1000000 1
54 0000001 1
65 0101000 2
76 1010000 2

Matching output
0 absent
1 absent
2 absent
3 absent
4 absent
5 absent
6 absent
7 absent

Left
none
Best: none

Right
none
Best: none

OR-NOT
01 1011111 6
12 1111100 5 match 6
23 1101111 6 match 7
34 0111111 6 match 0
45 1111110 6
56 1010111 5 match 5
67 0101111 5
70 1111001 5

02 1111110 6
13 1101111 6 match 7
24 0101111 5
35 1111110 6
46 1010110 4
57 0010111 4
60 1111001 5
71 1111111 a

03 1101111 6 match 7
14 0101111 5
25 1101111 6 match 7
36 1010110 4
47 1010111 5 match 5
50 1110001 4
61 1111111 a
72 1111100 5 match 6

04 0101111 5
15 1101110 5
26 1010111 5 match 5
37 0010111 4
40 1110001 4
51 1010111 5 match 5
62 1111101 6
73 1111111 a

05 1101110 5
16 1111110 6
27 0000111 3
30 1110001 4
41 1010111 5 match 5
52 1111101 6
63 1101111 6 match 7
74 1111111 a

06 1011110 5
17 0101111 5
20 1110011 5
31 1010111 5 match 5
42 1111100 5 match 6
53 1111111 a
64 0101111 5
75 1111110 6

07 0001111 4
10 1111001 5
21 1010111 5 match 5
32 1111100 5 match 6
43 1111111 a
54 0111111 6 match 0
65 1101111 6 match 7
76 1111110 6

Matching output
0 34 54
1 absent
2 absent
3 absent
4 absent
5 56 47 26 51 41 31 21
6 12 72 42 32
7 23 13 03 25 63 65

Left
34 45x
54 65y
Best: OR-NOT34: 1

Right
23 12 01x
13 02x
03 72 61x
25 14x
63 52x
65 54y
Best: OR-NOT23 12: 2

XOR-NOT
01 1011001 4
12 1010100 3
23 1101100 4
34 0111111 6 match 0
45 0111110 5 match 1
56 1000111 4 match 2
67 0101110 4 match 3
70 0001001 2 match 4

02 1110010 4
13 1000111 4 match 2
24 0101100 3
35 1111110 6
46 0000110 2
57 0010110 3
60 1011000 3
71 0101111 5

03 1100001 3
14 0000111 3
25 1101101 5
36 1000110 3
47 1010111 5 match 5
50 1100000 2
61 1111110 6
72 0000100 1

04 0100001 2
15 1000110 3
26 1010101 4
37 0010111 4
40 0100001 2
51 1000110 3
62 1010101 4
73 0010111 4

05 1100000 2
16 1111110 6
27 0000100 1
30 1100001 3
41 0000111 3
52 1101101 5
63 1000110 3
74 1010111 5 match 5

06 1011000 3
17 0101111 5
20 1110010 4
31 1000111 4 match 2
42 0101100 3
53 1111110 6
64 0000110 2
75 0010110 3

07 0001001 2 match 4
10 1011001 4
21 1010100 3
32 1101100 4
43 0111111 6 match 0
54 0111110 5 match 1
65 1000111 4 match 2
76 0101110 4 match 3

Matching output
0 34 43
1 45 54
2 56 13 31 65
3 67 76
4 70 07
5 47 74
6 absent
7 absent

Left
34 45 56 67 70 01x
43 54 65 76 07 10x
Best: XOR-NOT34 45 56 67 70: 5

Right
none
Best: none

Selecting

Lefts
Identity none
NOT none
Constant none
AND none
OR none
XOR none
AND-NOT none
OR-NOT OR-NOT34: 1
XOR-NOT XOR-NOT34 45 56 67 70: 5

Rights
Identity none
NOT NOT3 2 1: 3
Constant none
AND none
OR none
XOR none
AND-NOT none
OR-NOT OR-NOT23 12: 2
XOR-NOT none

Left longest: 5
Right longest: 3

Left winner: Identity no, NOT no, Constant no, AND no, OR no, XOR no, AND-NOT no, OR-NOT no, XOR-NOT yes
Right winner: Identity no, NOT yes, Constant no, AND no, OR no, XOR no, AND-NOT no, OR-NOT no, XOR-NOT no

Best left: XOR-NOT34 45 56 67 70: 5
Best right: NOT3 2 1: 3

Truncated left: XOR-NOT34 45 56 67 70: 5
Truncated right: NOT3 2 1: 3

Tentative from right
7 NOT3
6 NOT2
5 NOT1
4 pending
3 pending
2 pending
1 pending
0 pending

Tentative
0 XOR-NOT34
1 XOR-NOT45
2 XOR-NOT56
3 XOR-NOT67
4 XOR-NOT70
5 NOT1
6 NOT2
7 NOT3

Preferred from left
0 XOR-NOT34
1 XOR-NOT45
2 XOR-NOT56
3 XOR-NOT67
4 XOR-NOT70
5 NOT1
6 NOT2
7 NOT3

Preferred from right
7 NOT3
6 NOT2
5 NOT1
4 XOR-NOT70
3 XOR-NOT67
2 XOR-NOT56
1 XOR-NOT45
0 XOR-NOT34

Preferred
0 XOR-NOT34
1 XOR-NOT45
2 XOR-NOT56
3 XOR-NOT67
4 XOR-NOT70
5 NOT1
6 NOT2
7 NOT3

Matching
0 XOR-NOT34
1 XOR-NOT45
2 XOR-NOT56
3 XOR-NOT67
4 XOR-NOT70
5 NOT1
6 NOT2
7 NOT3

Perfect match
Identity no
NOT no
Constant no
AND no
OR no
XOR no
AND-NOT no
OR-NOT no
XOR-NOT no

Matched
0 XOR-NOT34
1 XOR-NOT45
2 XOR-NOT56
3 XOR-NOT67
4 XOR-NOT70
5 NOT1
6 NOT2
7 NOT3

Selected
0 XOR-NOT34
1 XOR-NOT45
2 XOR-NOT56
3 XOR-NOT67
4 XOR-NOT70
5 NOT1
6 NOT2
7 NOT3

Applying to 00111101
Input
0 0
1 0
2 1
3 1
4 1
5 1
6 0
7 1
Output
0 XOR-NOT34 = XOR(1,NOT(1)) = 1
1 XOR-NOT45 = XOR(1,NOT(1)) = 1
2 XOR-NOT56 = XOR(1,NOT(0)) = 0
3 XOR-NOT67 = XOR(0,NOT(1)) = 0
4 XOR-NOT70 = XOR(1,NOT(0)) = 0
5 NOT1 = NOT(0) = 1
6 NOT2 = NOT(1) = 0
7 NOT3 = NOT(1) = 0

I will now return the answer in \boxed{}
The answer in \boxed is
\boxed{11000100}