We need to deduce the transformation by matching the example outputs.
I will put my final answer inside \boxed{}.

Output 0: 00101100
0 0
1 0
2 1
3 0
4 1
5 1
6 0
7 0

Output 1: 11011111
0 1
1 1
2 0
3 1
4 1
5 1
6 1
7 1

Output 2: 00000000
0 0
1 0
2 0
3 0
4 0
5 0
6 0
7 0

Output 3: 01011100
0 0
1 1
2 0
3 1
4 1
5 1
6 0
7 0

Output 4: 01001110
0 0
1 1
2 0
3 0
4 1
5 1
6 1
7 0

Output 5: 00001100
0 0
1 0
2 0
3 0
4 1
5 1
6 0
7 0

Output 6: 11011011
0 1
1 1
2 0
3 1
4 1
5 0
6 1
7 1

Output bit columns (with bitsum as hash)
0 0100001 2
1 0101101 4
2 1000000 1
3 0101001 3
4 1101111 6
5 1101110 5
6 0100101 3
7 0100001 2

Input 0: 11101011
0 1
1 1
2 1
3 0
4 1
5 0
6 1
7 1

Input 1: 11111110
0 1
1 1
2 1
3 1
4 1
5 1
6 1
7 0

Input 2: 00010001
0 0
1 0
2 0
3 1
4 0
5 0
6 0
7 1

Input 3: 11010111
0 1
1 1
2 0
3 1
4 0
5 1
6 1
7 1

Input 4: 11110010
0 1
1 1
2 1
3 1
4 0
5 0
6 1
7 0

Input 5: 11100001
0 1
1 1
2 1
3 0
4 0
5 0
6 0
7 1

Input 6: 10111110
0 1
1 0
2 1
3 1
4 1
5 1
6 1
7 0

When matching output
x: not in operator
y: wrong position

Identity
0 1101111 6 match 4
1 1101110 5 match 5
2 1100111 5
3 0111101 5
4 1100001 3
5 0101001 3 match 3
6 1101101 5
7 1011010 4

Matching output
0 absent
1 absent
2 absent
3 5
4 0
5 1
6 absent
7 absent

Left
none
Best: none

Right
none
Best: none

NOT
0 0010000 1
1 0010001 2
2 0011000 2
3 1000010 2
4 0011110 4
5 1010110 4
6 0010010 2
7 0100101 3 match 6

Matching output
0 absent
1 absent
2 absent
3 absent
4 absent
5 absent
6 7
7 absent

Left
none
Best: none

Right
none
Best: none

Constant
0 0000000 a
1 1111111 a

Matching output
0 absent
1 absent
2 absent
3 absent
4 absent
5 absent
6 absent
7 absent

Left
none
Best: none

Right
none
Best: none

AND
01 10 1101110 5 match 5
12 21 1100110 4
23 32 0100101 3 match 6
34 43 0100001 2 match 0 7
45 54 0100001 2 match 0 7
56 65 0101001 3 match 3
67 76 1001000 2
70 07 1001010 3

02 20 1100111 5
13 31 0101100 3
24 42 1100001 3
35 53 0101001 3 match 3
46 64 1100001 3
57 75 0001000 1
60 06 1101101 5
71 17 1001010 3

03 30 0101101 4 match 1
14 41 1100000 2
25 52 0100001 2 match 0 7
36 63 0101101 4 match 1
47 74 1000000 1 match 2
50 05 0101001 3 match 3
61 16 1101100 4
72 27 1000010 2

04 40 1100001 3
15 51 0101000 2
26 62 1100101 4
37 73 0011000 2

Matching output
0 34 43 45 54 25 52
1 03 30 36 63
2 47 74
3 56 65 35 53 50 05
4 absent
5 01 10
6 23 32
7 34 43 45 54 25 52

Left
34 45y
43 54y
45 56y
54 65y
25 36 47 50 61x
52 63 74 05 16x
Best: AND25 36 47 50: 4

Right
34 23 12x
43 32 21x
45 34y
54 43y
25 14x
52 41x
Best: AND34 23: 2

OR
01 10 1101111 6 match 4
12 21 1101111 6 match 4
23 32 1111111 a
34 43 1111101 6
45 54 1101001 4
56 65 1101101 5
67 76 1111111 a
70 07 1111111 a

02 20 1101111 6 match 4
13 31 1111111 a
24 42 1100111 5
35 53 0111101 5
46 64 1101101 5
57 75 1111011 6
60 06 1101111 6 match 4
71 17 1111110 6

03 30 1111111 a
14 41 1101111 6 match 4
25 52 1101111 6 match 4
36 63 1111101 6
47 74 1111011 6
50 05 1101111 6 match 4
61 16 1101111 6 match 4
72 27 1111111 a

04 40 1101111 6 match 4
15 51 1101111 6 match 4
26 62 1101111 6 match 4
37 73 1111111 a

Matching output
0 absent
1 absent
2 absent
3 absent
4 01 10 12 21 02 20 60 06 14 41 25 52 50 05 61 16 04 40 15 51 26 62
5 absent
6 absent
7 absent

Left
none
Best: none

Right
none
Best: none

XOR
01 10 0000001 1
12 21 0001001 2
23 32 1011010 4
34 43 1011100 4
45 54 1001000 2
56 65 1000100 2
67 76 0110111 5
70 07 0110101 4

02 20 0001000 1
13 31 1010011 4
24 42 0000110 2
35 53 0010100 2
46 64 0001100 2
57 75 1110011 5
60 06 0000010 1
71 17 0110100 3

03 30 1010010 3
14 41 0001111 4
25 52 1001110 4
36 63 1010000 2
47 74 0111011 5
50 05 1000110 3
61 16 0000011 2
72 27 0111101 5

04 40 0001110 3
15 51 1000111 4
26 62 0001010 2
37 73 1100111 5

Matching output
0 absent
1 absent
2 absent
3 absent
4 absent
5 absent
6 absent
7 absent

Left
none
Best: none

Right
none
Best: none

AND-NOT
01 0000001 1
12 0001000 1
23 1000010 2
34 0011100 3
45 1000000 1 match 2
56 0000000 a
67 0100101 3 match 6
70 0010000 1

02 0001000 1
13 1000010 2
24 0000110 2
35 0010100 2
46 0000000 a
57 0100001 2 match 0 7
60 0000000 a
71 0010000 1

03 1000010 2
14 0001110 3
25 1000110 3
36 0010000 1
47 0100001 2 match 0 7
50 0000000 a
61 0000001 1
72 0011000 2

04 0001110 3
15 1000110 3
26 0000010 1
37 0100101 3 match 6
40 0000000 a
51 0000001 1
62 0001000 1
73 1000010 2

05 1000110 3
16 0000010 1
27 0100101 3 match 6
30 0010000 1
41 0000001 1
52 0001000 1
63 1000000 1 match 2
74 0011010 3

06 0000010 1
17 0100100 2
20 0000000 a
31 0010001 2
42 0000000 a
53 0000000 a
64 0001100 2
75 1010010 3

07 0100101 3 match 6
10 0000000 a
21 0000001 1
32 0011000 2
43 1000000 1 match 2
54 0001000 1
65 1000100 2
76 0010010 2

Matching output
0 57 47
1 absent
2 45 63 43
3 absent
4 absent
5 absent
6 67 37 27 07
7 57 47

Left
57 60x
47 50x
Best: AND-NOT57: 1

Right
57 46x
47 36x
Best: AND-NOT57: 1

OR-NOT
01 1111111 a
12 1111110 6
23 1100111 5
34 0111111 6
45 1110111 6
56 0111011 5
67 1101101 5
70 1011010 4

02 1111111 a
13 1101110 5 match 5
24 1111111 a
35 1111111 a
46 1110011 5
57 0101101 4 match 1
60 1111101 6
71 1011011 5

03 1101111 6 match 4
14 1111110 6
25 1110111 6
36 0111111 6
47 1100101 4
50 0111001 4
61 1111101 6
72 1011010 4

04 1111111 a
15 1111110 6
26 1110111 6
37 0111101 5
40 1110001 4
51 0111001 4
62 1111101 6
73 1011010 4

05 1111111 a
16 1111110 6
27 1100111 5
30 0111101 5
41 1110001 4
52 0111001 4
63 1101111 6 match 4
74 1011110 5

06 1111111 a
17 1101111 6 match 4
20 1110111 6
31 0111101 5
42 1111001 5
53 1101011 5
64 1111111 a
75 1011110 5

07 1101111 6 match 4
10 1111110 6
21 1110111 6
32 0111101 5
43 1100011 4
54 0111111 6
65 1111111 a
76 1011010 4

Matching output
0 absent
1 57
2 absent
3 absent
4 03 63 17 07
5 13
6 absent
7 absent

Left
none
Best: none

Right
none
Best: none

XOR-NOT
01 1111110 6
12 1110110 5
23 0100101 3 match 6
34 0100011 3
45 0110111 5
56 0111011 5
67 1001000 2
70 1001010 3

02 1110111 6
13 0101100 3
24 1111001 5
35 1101011 5
46 1110011 5
57 0001100 2
60 1111101 6
71 1001011 4

03 0101101 4 match 1
14 1110000 3
25 0110001 3
36 0101111 5
47 1000100 2
50 0111001 4
61 1111100 5
72 1000010 2

04 1110001 4
15 0111000 3
26 1110101 5
37 0011000 2
40 1110001 4
51 0111000 3
62 1110101 5
73 0011000 2

05 0111001 4
16 1111100 5
27 1000010 2
30 0101101 4 match 1
41 1110000 3
52 0110001 3
63 0101111 5
74 1000100 2

06 1111101 6
17 1001011 4
20 1110111 6
31 0101100 3
42 1111001 5
53 1101011 5
64 1110011 5
75 0001100 2

07 1001010 3
10 1111110 6
21 1110110 5
32 0100101 3 match 6
43 0100011 3
54 0110111 5
65 0111011 5
76 1001000 2

Matching output
0 absent
1 03 30
2 absent
3 absent
4 absent
5 absent
6 23 32
7 absent

Left
none
Best: none

Right
none
Best: none

Selecting

Lefts
Identity none
NOT none
Constant none
AND AND25 36 47 50: 4
OR none
XOR none
AND-NOT AND-NOT57: 1
OR-NOT none
XOR-NOT none

Rights
Identity none
NOT none
Constant none
AND AND34 23: 2
OR none
XOR none
AND-NOT AND-NOT57: 1
OR-NOT none
XOR-NOT none

Left longest: 4
Right longest: 2

Left winner: Identity no, NOT no, Constant no, AND yes, OR no, XOR no, AND-NOT no, OR-NOT no, XOR-NOT no
Right winner: Identity no, NOT no, Constant no, AND yes, OR no, XOR no, AND-NOT no, OR-NOT no, XOR-NOT no

Best left: AND25 36 47 50: 4
Best right: AND34 23: 2

Truncated left: AND25 36 47 50: 4
Truncated right: AND34 23: 2

Tentative from right
7 AND34
6 AND23
5 pending
4 pending
3 pending
2 pending
1 pending
0 pending

Tentative
0 AND25
1 AND36
2 AND47
3 AND50
4 pending
5 pending
6 AND23
7 AND34

Preferred from left
0 AND25
1 AND36
2 AND47
3 AND50
4 ?61
5 ?72
6 AND23
7 AND34

Preferred from right
7 AND34
6 AND23
5 ?72
4 ?61
3 AND50
2 AND47
1 AND36
0 AND25

Preferred
0 AND25
1 AND36
2 AND47
3 AND50
4 ?61 ?16
5 ?72 ?27
6 AND23
7 AND34

Matching
0 AND25
1 AND36
2 AND47
3 AND50
4 ?61 ?16 - Identity absent, NOT absent, Constant absent, AND absent, OR61, XOR absent, AND-NOT absent, OR-NOT absent, XOR-NOT absent
5 ?72 ?27 - Identity absent, NOT absent, Constant absent, AND absent, OR absent, XOR absent, AND-NOT absent, OR-NOT absent, XOR-NOT absent
6 AND23
7 AND34

Perfect match
Identity no
NOT no
Constant no
AND no
OR no
XOR no
AND-NOT no
OR-NOT no
XOR-NOT no

Matched
0 AND25
1 AND36
2 AND47
3 AND50
4 OR61
5 none
6 AND23
7 AND34

Selected
0 AND25
1 AND36
2 AND47
3 AND50
4 MAJ(0,1,4)
5 CH(0,1,2)
6 AND23
7 AND34

Applying to 01110000
Input
0 0
1 1
2 1
3 1
4 0
5 0
6 0
7 0
Output
0 AND25 = AND(1,0) = 0
1 AND36 = AND(1,0) = 0
2 AND47 = AND(0,0) = 0
3 AND50 = AND(0,0) = 0
4 MAJ(0,1,4) = MAJ(0,1,0) = 0
5 CH(0,1,2) = CH(0,1,1) = 1
6 AND23 = AND(1,1) = 1
7 AND34 = AND(1,0) = 0

I will now return the answer in \boxed{}
The answer in \boxed{–} is \boxed{00000110}