We need to deduce the transformation by matching the example outputs.
I will put my final answer inside \boxed{}.

Output 0: 01100100
0 0
1 1
2 1
3 0
4 0
5 1
6 0
7 0

Output 1: 11100001
0 1
1 1
2 1
3 0
4 0
5 0
6 0
7 1

Output 2: 11010101
0 1
1 1
2 0
3 1
4 0
5 1
6 0
7 1

Output 3: 10101101
0 1
1 0
2 1
3 0
4 1
5 1
6 0
7 1

Output 4: 11111001
0 1
1 1
2 1
3 1
4 1
5 0
6 0
7 1

Output 5: 01101110
0 0
1 1
2 1
3 0
4 1
5 1
6 1
7 0

Output 6: 11010001
0 1
1 1
2 0
3 1
4 0
5 0
6 0
7 1

Output 7: 10000101
0 1
1 0
2 0
3 0
4 0
5 1
6 0
7 1

Output 8: 00001010
0 0
1 0
2 0
3 0
4 1
5 0
6 1
7 0

Output 9: 00000000
0 0
1 0
2 0
3 0
4 0
5 0
6 0
7 0

Output bit columns (with bitsum as hash)
0 0111101100 6
1 1110111000 6
2 1101110000 5
3 0010101000 3
4 0001110010 4
5 1011010100 5
6 0000010010 2
7 0111101100 6

Input 0: 00110010
0 0
1 0
2 1
3 1
4 0
5 0
6 1
7 0

Input 1: 11110001
0 1
1 1
2 1
3 1
4 0
5 0
6 0
7 1

Input 2: 11101011
0 1
1 1
2 1
3 0
4 1
5 0
6 1
7 1

Input 3: 11010111
0 1
1 1
2 0
3 1
4 0
5 1
6 1
7 1

Input 4: 11111101
0 1
1 1
2 1
3 1
4 1
5 1
6 0
7 1

Input 5: 10110110
0 1
1 0
2 1
3 1
4 0
5 1
6 1
7 0

Input 6: 01101000
0 0
1 1
2 1
3 0
4 1
5 0
6 0
7 0

Input 7: 11000011
0 1
1 1
2 0
3 0
4 0
5 0
6 1
7 1

Input 8: 00000101
0 0
1 0
2 0
3 0
4 0
5 1
6 0
7 1

Input 9: 00000000
0 0
1 0
2 0
3 0
4 0
5 0
6 0
7 0

When matching output
x: not in operator
y: wrong position

Identity
0 0111110100 6
1 0111101100 6 match 0 7
2 1110111000 6 match 1
3 1101110000 5 match 2
4 0010101000 3 match 3
5 0001110010 4 match 4
6 1011010100 5 match 5
7 0111100110 6

Matching output
0 1
1 2
2 3
3 4
4 5
5 6
6 absent
7 1

Left
1 2 3 4 5 6 7x
Best: I1 2 3 4 5 6: 6

Right
1 0x
Best: I1: 1

NOT
0 1000001011 4
1 1000010011 4
2 0001000111 4
3 0010001111 5
4 1101010111 7
5 1110001101 6
6 0100101011 5
7 1000011001 4

Matching output
0 absent
1 absent
2 absent
3 absent
4 absent
5 absent
6 absent
7 absent

Left
none
Best: none

Right
none
Best: none

Constant
0 0000000000 a
1 1111111111 a

Matching output
0 absent
1 absent
2 absent
3 absent
4 absent
5 absent
6 absent
7 absent

Left
none
Best: none

Right
none
Best: none

AND
01 10 0111100100 5
12 21 0110101000 4
23 32 1100110000 4
34 43 0000100000 1
45 54 0000100000 1
56 65 0001010000 2
67 76 0011000100 3
70 07 0111100100 5

02 20 0110110000 4
13 31 0101100000 3
24 42 0010101000 3 match 3
35 53 0001110000 3
46 64 0010000000 1
57 75 0001100010 3
60 06 0011010100 4
71 17 0111100100 5

03 30 0101110000 4
14 41 0010101000 3 match 3
25 52 0000110000 2
36 63 1001010000 3
47 74 0010100000 2
50 05 0001110000 3
61 16 0011000100 3
72 27 0110100000 3

04 40 0010100000 2
15 51 0001100000 2
26 62 1010010000 3
37 73 0101100000 3

Matching output
0 absent
1 absent
2 absent
3 24 42 14 41
4 absent
5 absent
6 absent
7 absent

Left
none
Best: none

Right
none
Best: none

OR
01 10 0111111100 7
12 21 1111111100 8
23 32 1111111000 7
34 43 1111111000 7
45 54 0011111010 6
56 65 1011110110 7
67 76 1111110110 8
70 07 0111110110 7

02 20 1111111100 8
13 31 1111111100 8
24 42 1110111000 6 match 1
35 53 1101110010 6
46 64 1011111100 7
57 75 0111110110 7
60 06 1111110100 7
71 17 0111101110 7

03 30 1111110100 7
14 41 0111101100 6 match 0 7
25 52 1111111010 8
36 63 1111110100 7
47 74 0111101110 7
50 05 0111110110 7
61 16 1111111100 8
72 27 1111111110 9

04 40 0111111100 7
15 51 0111111110 8
26 62 1111111100 8
37 73 1111110110 8

Matching output
0 14 41
1 24 42
2 absent
3 absent
4 absent
5 absent
6 absent
7 14 41

Left
14 25x
41 52x
Best: OR14: 1

Right
14 03x
41 30x
Best: OR14: 1

XOR
01 10 0000011000 2
12 21 1001010100 4
23 32 0011001000 3
34 43 1111011000 6
45 54 0011011010 5
56 65 1010100110 5
67 76 1100110010 5
70 07 0000010010 2 match 6

02 20 1001001100 4
13 31 1010011100 5
24 42 1100010000 3
35 53 1100000010 3
46 64 1001111100 6
57 75 0110010100 4
60 06 1100100000 3
71 17 0000001010 2

03 30 1010000100 3
14 41 0101000100 3
25 52 1111001010 6
36 63 0110100100 4
47 74 0101001110 5
50 05 0110000110 4
61 16 1100111000 5
72 27 1001011110 6

04 40 0101011100 5
15 51 0110011110 6
26 62 0101101100 5
37 73 1010010110 5

Matching output
0 absent
1 absent
2 absent
3 absent
4 absent
5 absent
6 70 07
7 absent

Left
none
Best: none

Right
none
Best: none

AND-NOT
01 0000010000 1
12 0001000100 2
23 0010001000 2
34 1101010000 4
45 0010001000 2
56 0000100010 2
67 1000010000 2
70 0000000010 1

02 0001000100 2
13 0010001100 3
24 1100010000 3
35 1100000000 2
46 0000101000 2
57 0000010000 1
60 1000000000 1
71 0000000010 1

03 0010000100 2
14 0101000100 3
25 1110001000 4
36 0100100000 2
47 0000001000 1
50 0000000010 1
61 1000010000 2
72 0001000110 3

04 0101010100 4
15 0110001100 4
26 0100101000 3
37 1000010000 2
40 0000001000 1
51 0000010010 2 match 6
62 0001000100 2
73 0010000110 3

05 0110000100 3
16 0100101000 3
27 1000011000 3
30 1000000000 1
41 0000000000 a
52 0001000010 2
63 0010000100 2
74 0101000110 4

06 0100100000 2
17 0000001000 1
20 1000001000 2
31 1000010000 2
42 0000000000 a
53 0000000010 1
64 1001010100 4
75 0110000100 3

07 0000010000 1
10 0000001000 1
21 1000010000 2
32 0001000000 1
43 0010001000 2
54 0001010010 3
65 1010000100 3
76 0100100010 3

Matching output
0 absent
1 absent
2 absent
3 absent
4 absent
5 absent
6 51
7 absent

Left
none
Best: none

Right
none
Best: none

OR-NOT
01 1111110111 9
12 0111101111 8
23 1110111111 9
34 1101110111 8
45 1110101101 7
56 0101111011 7
67 1011011101 7
70 1111101111 9

02 0111110111 8
13 0111101111 8
24 1111111111 a
35 1111111101 9
46 0110101011 6
57 1001111011 7
60 1011011111 8
71 1111110111 9

03 0111111111 9
14 1111111111 a
25 1110111101 8
36 1101111011 8
47 1010111001 6
50 1001111011 7
61 1011010111 7
72 0111100111 7

04 1111110111 9
15 1111101101 8
26 1110111011 8
37 1101111001 7
40 1010101011 6
51 1001110011 6
62 1011010111 7
73 0111101111 8

05 1111111101 9
16 0111101111 8
27 1110111001 7
30 1101111011 8
41 1010111011 7
52 0001110111 6
63 1011011111 8
74 1111110111 9

06 0111111111 9
17 1111111101 9
20 1110111011 8
31 1101110011 7
42 0011101111 7
53 0011111111 8
64 1111010111 8
75 1111101111 9

07 1111111101 9
10 1111101111 9
21 1110111011 8
32 1101110111 8
43 0010101111 6
54 1101110111 8
65 1111011101 8
76 0111101111 8

Matching output
0 absent
1 absent
2 absent
3 absent
4 absent
5 absent
6 absent
7 absent

Left
none
Best: none

Right
none
Best: none

XOR-NOT
01 1111100111 8
12 0110101011 6
23 1100110111 7
34 0000100111 4
45 1100100101 5
56 0101011001 5
67 0011001101 5
70 1111101101 8

02 0110110011 6
13 0101100011 5
24 0011101111 7
35 0011111101 7
46 0110000011 4
57 1001101011 6
60 0011011111 7
71 1111110101 8

03 0101111011 7
14 1010111011 7
25 0000110101 4
36 1001011011 6
47 1010110001 5
50 1001111001 6
61 0011000111 5
72 0110100001 4

04 1010100011 5
15 1001100001 4
26 1010010011 5
37 0101101001 5
40 1010100011 5
51 1001100001 4
62 1010010011 5
73 0101101001 5

05 1001111001 6
16 0011000111 5
27 0110100001 4
30 0101111011 7
41 1010111011 7
52 0000110101 4
63 1001011011 6
74 1010110001 5

06 0011011111 7
17 1111110101 8
20 0110110011 6
31 0101100011 5
42 0011101111 7
53 0011111101 7
64 0110000011 4
75 1001101011 6

07 1111101101 8
10 1111100111 8
21 0110101011 6
32 1100110111 7
43 0000100111 4
54 1100100101 5
65 0101011001 5
76 0011001101 5

Matching output
0 absent
1 absent
2 absent
3 absent
4 absent
5 absent
6 absent
7 absent

Left
none
Best: none

Right
none
Best: none

Selecting

Lefts
Identity I1 2 3 4 5 6: 6
NOT none
Constant none
AND none
OR OR14: 1
XOR none
AND-NOT none
OR-NOT none
XOR-NOT none

Rights
Identity I1: 1
NOT none
Constant none
AND none
OR OR14: 1
XOR none
AND-NOT none
OR-NOT none
XOR-NOT none

Left longest: 6
Right longest: 1

Left winner: Identity yes, NOT no, Constant no, AND no, OR no, XOR no, AND-NOT no, OR-NOT no, XOR-NOT no
Right winner: Identity yes, NOT no, Constant no, AND no, OR no, XOR no, AND-NOT no, OR-NOT no, XOR-NOT no

Best left: I1 2 3 4 5 6: 6
Best right: I1: 1

Truncated left: I1 2 3 4 5 6: 6
Truncated right: I1: 1

Tentative from right
7 I1
6 pending
5 pending
4 pending
3 pending
2 pending
1 pending
0 pending

Tentative
0 I1
1 I2
2 I3
3 I4
4 I5
5 I6
6 pending
7 I1

Preferred from left
0 I1
1 I2
2 I3
3 I4
4 I5
5 I6
6 ?7?
7 I1

Preferred from right
7 I1
6 ?70
5 I6
4 I5
3 I4
2 I3
1 I2
0 I1

Preferred
0 I1
1 I2
2 I3
3 I4
4 I5
5 I6
6 ?70 ?07
7 I1

Matching
0 I1
1 I2
2 I3
3 I4
4 I5
5 I6
6 ?70 ?07 - Identity absent, NOT absent, Constant absent, AND absent, OR absent, XOR70, AND-NOT absent, OR-NOT absent, XOR-NOT absent
7 I1

Perfect match
Identity no
NOT no
Constant no
AND no
OR no
XOR yes
AND-NOT no
OR-NOT no
XOR-NOT no

Matched
0 I1
1 I2
2 I3
3 I4
4 I5
5 I6
6 XOR70
7 I1

Selected
0 I1
1 I2
2 I3
3 I4
4 I5
5 I6
6 XOR70
7 I1

Applying to 10001101
Input
0 1
1 0
2 0
3 0
4 1
5 1
6 0
7 1
Output
0 I1 = 0
1 I2 = 0
2 I3 = 0
3 I4 = 1
4 I5 = 1
5 I6 = 0
6 XOR70 = XOR(1,1) = 0
7 I1 = 0

I will now return the answer in \boxed{}
The answer in \boxed is
\boxed{00011000}