We need to deduce the transformation by matching the example outputs.
I will put my final answer inside \boxed{}.

Output 0: 00000000
0 0
1 0
2 0
3 0
4 0
5 0
6 0
7 0

Output 1: 00000000
0 0
1 0
2 0
3 0
4 0
5 0
6 0
7 0

Output 2: 00000000
0 0
1 0
2 0
3 0
4 0
5 0
6 0
7 0

Output 3: 00000000
0 0
1 0
2 0
3 0
4 0
5 0
6 0
7 0

Output 4: 00001100
0 0
1 0
2 0
3 0
4 1
5 1
6 0
7 0

Output 5: 00000101
0 0
1 0
2 0
3 0
4 0
5 1
6 0
7 1

Output 6: 00000000
0 0
1 0
2 0
3 0
4 0
5 0
6 0
7 0

Output 7: 00000000
0 0
1 0
2 0
3 0
4 0
5 0
6 0
7 0

Output 8: 00000000
0 0
1 0
2 0
3 0
4 0
5 0
6 0
7 0

Output 9: 00001000
0 0
1 0
2 0
3 0
4 1
5 0
6 0
7 0

Output bit columns (with bitsum as hash)
0 0000000000 a
1 0000000000 a
2 0000000000 a
3 0000000000 a
4 0000100001 2
5 0000110000 2
6 0000000000 a
7 0000010000 1

Input 0: 00001010
0 0
1 0
2 0
3 0
4 1
5 0
6 1
7 0

Input 1: 00001000
0 0
1 0
2 0
3 0
4 1
5 0
6 0
7 0

Input 2: 11000011
0 1
1 1
2 0
3 0
4 0
5 0
6 1
7 1

Input 3: 00001011
0 0
1 0
2 0
3 0
4 1
5 0
6 1
7 1

Input 4: 11110011
0 1
1 1
2 1
3 1
4 0
5 0
6 1
7 1

Input 5: 01011100
0 0
1 1
2 0
3 1
4 1
5 1
6 0
7 0

Input 6: 01000111
0 0
1 1
2 0
3 0
4 0
5 1
6 1
7 1

Input 7: 10001011
0 1
1 0
2 0
3 0
4 1
5 0
6 1
7 1

Input 8: 00010000
0 0
1 0
2 0
3 1
4 0
5 0
6 0
7 0

Input 9: 10100011
0 1
1 0
2 1
3 0
4 0
5 0
6 1
7 1

When matching output
x: not in operator
y: wrong position

Identity
0 0010100101 4
1 0010111000 4
2 0000100001 2 match 4
3 0000110010 3
4 1101010100 5
5 0000011000 2
6 1011101101 7
7 0011101101 6

Matching output
0 absent
1 absent
2 absent
3 absent
4 2
5 absent
6 absent
7 absent

Left
none
Best: none

Right
none
Best: none

NOT
0 1101011010 6
1 1101000111 6
2 1111011110 8
3 1111001101 7
4 0010101011 5
5 1111100111 8
6 0100010010 3
7 1100010010 4

Matching output
0 absent
1 absent
2 absent
3 absent
4 absent
5 absent
6 absent
7 absent

Left
none
Best: none

Right
none
Best: none

Constant
0 0000000000 a match 0 1 2 3 6
1 1111111111 a

Matching output
0 C0
1 C0
2 C0
3 C0
4 absent
5 absent
6 C0
7 absent

Left
0 0 0 0
Best: C0 0 0 0: 4

Right
none
Best: none

AND
01 10 0010100000 2
12 21 0000100000 1
23 32 0000100000 1
34 43 0000010000 1 match 7
45 54 0000010000 1 match 7
56 65 0000001000 1
67 76 0011101101 6
70 07 0010100101 4

02 20 0000100001 2 match 4
13 31 0000110000 2 match 5
24 42 0000000000 a match 0 1 2 3 6
35 53 0000010000 1 match 7
46 64 1001000100 3
57 75 0000001000 1
60 06 0010100101 4
71 17 0010101000 3

03 30 0000100000 1
14 41 0000010000 1 match 7
25 52 0000000000 a match 0 1 2 3 6
36 63 0000100000 1
47 74 0001000100 2
50 05 0000000000 a match 0 1 2 3 6
61 16 0010101000 3
72 27 0000100001 2 match 4

04 40 0000000100 1
15 51 0000011000 2
26 62 0000100001 2 match 4
37 73 0000100000 1

Matching output
0 24 42 25 52 50 05
1 24 42 25 52 50 05
2 24 42 25 52 50 05
3 24 42 25 52 50 05
4 02 20 72 27 26 62
5 13 31
6 24 42 25 52 50 05
7 34 43 45 54 35 53 14 41

Left
24 35y
42 53y
25 36x
52 63x
50 61x
05 16x
Best: AND24: 1

Right
34 23x
43 32x
45 34y
54 43y
35 24 13 02 71x
53 42 31 20 17x
14 03x
41 30x
Best: AND35 24 13 02: 4

OR
01 10 0010111101 6
12 21 0010111001 5
23 32 0000110011 4
34 43 1101110110 7
45 54 1101011100 6
56 65 1011111101 8
67 76 1011101101 7
70 07 0011101101 6

02 20 0010100101 4
13 31 0010111010 5
24 42 1101110101 7
35 53 0000111010 4
46 64 1111111101 9
57 75 0011111101 7
60 06 1011101101 7
71 17 0011111101 7

03 30 0010110111 6
14 41 1111111100 8
25 52 0000111001 4
36 63 1011111111 9
47 74 1111111101 9
50 05 0010111101 6
61 16 1011111101 8
72 27 0011101101 6

04 40 1111110101 8
15 51 0010111000 4
26 62 1011101101 7
37 73 0011111111 8

Matching output
0 absent
1 absent
2 absent
3 absent
4 absent
5 absent
6 absent
7 absent

Left
none
Best: none

Right
none
Best: none

XOR
01 10 0000011101 4
12 21 0010011001 4
23 32 0000010011 3
34 43 1101100110 6
45 54 1101001100 5
56 65 1011110101 7
67 76 1000000000 1
70 07 0001001000 2

02 20 0010000100 2
13 31 0010001010 3
24 42 1101110101 7
35 53 0000101010 3
46 64 0110111001 6
57 75 0011110101 6
60 06 1001001000 3
71 17 0001010101 4

03 30 0010010111 5
14 41 1111101100 7
25 52 0000111001 4
36 63 1011011111 8
47 74 1110111001 7
50 05 0010111101 6
61 16 1001010101 5
72 27 0011001100 4

04 40 1111110001 7
15 51 0010100000 2
26 62 1011001100 5
37 73 0011011111 7

Matching output
0 absent
1 absent
2 absent
3 absent
4 absent
5 absent
6 absent
7 absent

Left
none
Best: none

Right
none
Best: none

AND-NOT
01 0000000101 2
12 0010011000 3
23 0000000001 1
34 0000100010 2
45 1101000100 4
56 0000010000 1 match 7
67 1000000000 1
70 0001001000 2

02 0010000100 2
13 0010001000 2
24 0000100001 2 match 4
35 0000100010 2
46 0100010000 2
57 0000010000 1 match 7
60 1001001000 3
71 0001000101 3

03 0010000101 3
14 0010101000 3
25 0000100001 2 match 4
36 0000010010 2
47 1100010000 3
50 0000011000 2
61 1001000101 4
72 0011001100 4

04 0010100001 3
15 0010100000 2
26 0000000000 a match 0 1 2 3 6
37 0000010010 2
40 1101010000 4
51 0000000000 a match 0 1 2 3 6
62 1011001100 5
73 0011001101 5

05 0010100101 4
16 0000010000 1 match 7
27 0000000000 a match 0 1 2 3 6
30 0000010010 2
41 1101000100 4
52 0000011000 2
63 1011001101 6
74 0010101001 4

06 0000000000 a match 0 1 2 3 6
17 0000010000 1 match 7
20 0000000000 a match 0 1 2 3 6
31 0000000010 1
42 1101010100 5
53 0000001000 1
64 0010101001 4
75 0011100101 5

07 0000000000 a match 0 1 2 3 6
10 0000011000 2
21 0000000001 1
32 0000010010 2
43 1101000100 4
54 0000001000 1
65 1011100101 6
76 0000000000 a match 0 1 2 3 6

Matching output
0 26 51 27 06 20 07 76
1 26 51 27 06 20 07 76
2 26 51 27 06 20 07 76
3 26 51 27 06 20 07 76
4 24 25
5 absent
6 26 51 27 06 20 07 76
7 56 57 16 17

Left
26 37x
51 62x
27 30x
06 17y
20 31x
07 10x
76 07 10x
Best: AND-NOT76 07: 2

Right
56 45x
57 46x
16 05x
17 06 75x
Best: AND-NOT17 06: 2

OR-NOT
01 1111100111 8
12 1111111110 9
23 1111101101 8
34 0010111011 6
45 1111110111 9
56 0100011010 4
67 1111111111 a
70 1111111111 a

02 1111111111 a
13 1111111101 9
24 0010101011 5
35 1111110111 9
46 1101010110 6
57 1100011010 5
60 1111111111 a
71 1111101111 9

03 1111101101 8
14 0010111011 6
25 1111100111 8
36 0100110010 4
47 1101010110 6
50 1101011010 6
61 1111101111 9
72 1111111111 a

04 0010101111 6
15 1111111111 a
26 0100110011 5
37 1100110010 5
40 1101011110 7
51 1101011111 8
62 1111111111 a
73 1111101101 8

05 1111100111 8
16 0110111010 6
27 1100110011 6
30 1101111010 7
41 1101010111 7
52 1111011110 8
63 1111101101 8
74 0011101111 7

06 0110110111 7
17 1110111010 7
20 1101111011 8
31 1101110111 8
42 1111011110 8
53 1111011101 8
64 1011101111 8
75 1111101111 9

07 1110110111 8
10 1111111010 8
21 1101100111 7
32 1111111110 9
43 1111011101 8
54 0010111011 6
65 1111101111 9
76 0111111111 9

Matching output
0 absent
1 absent
2 absent
3 absent
4 absent
5 absent
6 absent
7 absent

Left
none
Best: none

Right
none
Best: none

XOR-NOT
01 1111100010 6
12 1101100110 6
23 1111101100 7
34 0010011001 4
45 0010110011 5
56 0100001010 3
67 0111111111 9
70 1110110111 8

02 1101111011 8
13 1101110101 7
24 0010001010 3
35 1111010101 7
46 1001000110 4
57 1100001010 4
60 0110110111 7
71 1110101010 6

03 1101101000 5
14 0000010011 3
25 1111000110 6
36 0100100000 2
47 0001000110 3
50 1101000010 4
61 0110101010 5
72 1100110011 6

04 0000001110 3
15 1101011111 8
26 0100110011 5
37 1100100000 3
40 0000001110 3
51 1101011111 8
62 0100110011 5
73 1100100000 3

05 1101000010 4
16 0110101010 5
27 1100110011 6
30 1101101000 5
41 0000010011 3
52 1111000110 6
63 0100100000 2
74 0001000110 3

06 0110110111 7
17 1110101010 6
20 1101111011 8
31 1101110101 7
42 0010001010 3
53 1111010101 7
64 1001000110 4
75 1100001010 4

07 1110110111 8
10 1111100010 6
21 1101100110 6
32 1111101100 7
43 0010011001 4
54 0010110011 5
65 0100001010 3
76 0111111111 9

Matching output
0 absent
1 absent
2 absent
3 absent
4 absent
5 absent
6 absent
7 absent

Left
none
Best: none

Right
none
Best: none

Selecting

Lefts
Identity none
NOT none
Constant C0 0 0 0: 4
AND AND24: 1
OR none
XOR none
AND-NOT AND-NOT76 07: 2
OR-NOT none
XOR-NOT none

Rights
Identity none
NOT none
Constant none
AND AND35 24 13 02: 4
OR none
XOR none
AND-NOT AND-NOT17 06: 2
OR-NOT none
XOR-NOT none

Left longest: 4
Right longest: 4

Left winner: Identity no, NOT no, Constant yes, AND no, OR no, XOR no, AND-NOT no, OR-NOT no, XOR-NOT no
Right winner: Identity no, NOT no, Constant no, AND yes, OR no, XOR no, AND-NOT no, OR-NOT no, XOR-NOT no

Best left: C0 0 0 0: 4
Best right: AND35 24 13 02: 4

Truncated left: C0 0 0 0: 4
Truncated right: AND35 24 13 02: 4

Tentative from right
7 AND35
6 AND24
5 AND13
4 AND02
3 pending
2 pending
1 pending
0 pending

Tentative
0 C0
1 C0
2 C0
3 C0
4 AND02
5 AND13
6 AND24
7 AND35

Preferred from left
0 C0
1 C0
2 C0
3 C0
4 AND02
5 AND13
6 AND24
7 AND35

Preferred from right
7 AND35
6 AND24
5 AND13
4 AND02
3 C0
2 C0
1 C0
0 C0

Preferred
0 C0
1 C0
2 C0
3 C0
4 AND02
5 AND13
6 AND24
7 AND35

Matching
0 C0
1 C0
2 C0
3 C0
4 AND02
5 AND13
6 AND24
7 AND35

Perfect match
Identity no
NOT no
Constant no
AND no
OR no
XOR no
AND-NOT no
OR-NOT no
XOR-NOT no

Matched
0 C0
1 C0
2 C0
3 C0
4 AND02
5 AND13
6 AND24
7 AND35

Selected
0 C0
1 C0
2 C0
3 C0
4 AND02
5 AND13
6 AND24
7 AND35

Applying to 10011100
Input
0 1
1 0
2 0
3 1
4 1
5 1
6 0
7 0
Output
0 C0 = 0
1 C0 = 0
2 C0 = 0
3 C0 = 0
4 AND02 = AND(1,0) = 0
5 AND13 = AND(0,1) = 0
6 AND24 = AND(0,1) = 0
7 AND35 = AND(1,1) = 1

I will now return the answer in \boxed{}
The answer in \boxed is
\boxed{00000001}