We need to deduce the transformation by matching the example outputs.
I will put my final answer inside \boxed{}.

Output 0: 10100001
0 1
1 0
2 1
3 0
4 0
5 0
6 0
7 1

Output 1: 10111011
0 1
1 0
2 1
3 1
4 1
5 0
6 1
7 1

Output 2: 00010101
0 0
1 0
2 0
3 1
4 0
5 1
6 0
7 1

Output 3: 00000010
0 0
1 0
2 0
3 0
4 0
5 0
6 1
7 0

Output 4: 00101100
0 0
1 0
2 1
3 0
4 1
5 1
6 0
7 0

Output 5: 01010101
0 0
1 1
2 0
3 1
4 0
5 1
6 0
7 1

Output 6: 01000110
0 0
1 1
2 0
3 0
4 0
5 1
6 1
7 0

Output 7: 10001010
0 1
1 0
2 0
3 0
4 1
5 0
6 1
7 0

Output bit columns (with bitsum as hash)
0 11000001 3
1 00000110 2
2 11001000 3
3 01100100 3
4 01001001 3
5 00101110 4
6 01010011 4
7 11100100 4

Input 0: 11010000
0 1
1 1
2 0
3 1
4 0
5 0
6 0
7 0

Input 1: 11010101
0 1
1 1
2 0
3 1
4 0
5 1
6 0
7 1

Input 2: 10111010
0 1
1 0
2 1
3 1
4 1
5 0
6 1
7 0

Input 3: 00000001
0 0
1 0
2 0
3 0
4 0
5 0
6 0
7 1

Input 4: 01110110
0 0
1 1
2 1
3 1
4 0
5 1
6 1
7 0

Input 5: 10101010
0 1
1 0
2 1
3 0
4 1
5 0
6 1
7 0

Input 6: 00100011
0 0
1 0
2 1
3 0
4 0
5 0
6 1
7 1

Input 7: 01011101
0 0
1 1
2 0
3 1
4 1
5 1
6 0
7 1

When matching output
x: not in operator
y: wrong position

Identity
0 11100100 4 match 7
1 11001001 4
2 00101110 4 match 5
3 11101001 5
4 00100101 3
5 01001001 3 match 4
6 00101110 4 match 5
7 01010011 4 match 6

Matching output
0 absent
1 absent
2 absent
3 absent
4 5
5 2 6
6 7
7 0

Left
none
Best: none

Right
0 7 6 5 4x
Best: I0 7 6 5: 4

NOT
0 00011011 4
1 00110110 4
2 11010001 4
3 00010110 3
4 11011010 5
5 10110110 5
6 11010001 4
7 10101100 4

Matching output
0 absent
1 absent
2 absent
3 absent
4 absent
5 absent
6 absent
7 absent

Left
none
Best: none

Right
none
Best: none

Constant
0 00000000 a
1 11111111 a

Matching output
0 absent
1 absent
2 absent
3 absent
4 absent
5 absent
6 absent
7 absent

Left
none
Best: none

Right
none
Best: none

AND
01 10 11000000 2
12 21 00001000 1
23 32 00101000 2
34 43 00100001 2
45 54 00000001 1
56 65 00001000 1
67 76 00000010 1
70 07 01000000 1

02 20 00100100 2
13 31 11001001 4
24 42 00100100 2
35 53 01001001 3 match 4
46 64 00100100 2
57 75 01000001 2
60 06 00100100 2
71 17 01000001 2

03 30 11100000 3
14 41 00000001 1
25 52 00001000 1
36 63 00101000 2
47 74 00000001 1
50 05 01000000 1
61 16 00001000 1
72 27 00000010 1

04 40 00100100 2
15 51 01001001 3 match 4
26 62 00101110 4 match 5
37 73 01000001 2

Matching output
0 absent
1 absent
2 absent
3 absent
4 35 53 15 51
5 26 62
6 absent
7 absent

Left
none
Best: none

Right
none
Best: none

OR
01 10 11101101 6
12 21 11101111 7
23 32 11101111 7
34 43 11101101 6
45 54 01101101 5
56 65 01101111 6
67 76 01111111 7
70 07 11110111 7

02 20 11101110 6
13 31 11101001 5
24 42 00101111 5
35 53 11101001 5
46 64 00101111 5
57 75 01011011 5
60 06 11101110 6
71 17 11011011 6

03 30 11101101 6
14 41 11101101 6
25 52 01101111 6
36 63 11101111 7
47 74 01110111 6
50 05 11101101 6
61 16 11101111 7
72 27 01111111 7

04 40 11100101 5
15 51 11001001 4
26 62 00101110 4 match 5
37 73 11111011 7

Matching output
0 absent
1 absent
2 absent
3 absent
4 absent
5 26 62
6 absent
7 absent

Left
none
Best: none

Right
none
Best: none

XOR
01 10 00101101 4
12 21 11100111 6
23 32 11000111 5
34 43 11001100 4
45 54 01101100 4
56 65 01100111 5
67 76 01111101 6
70 07 10110111 6

02 20 11001010 4
13 31 00100000 1
24 42 00001011 3
35 53 10100000 2
46 64 00001011 3
57 75 00011010 3
60 06 11001010 4
71 17 10011010 4

03 30 00001101 3
14 41 11101100 5
25 52 01100111 5
36 63 11000111 5
47 74 01110110 5
50 05 10101101 5
61 16 11100111 6
72 27 01111101 6

04 40 11000001 3 match 0
15 51 10000000 1
26 62 00000000 a
37 73 10111010 5

Matching output
0 04 40
1 absent
2 absent
3 absent
4 absent
5 absent
6 absent
7 absent

Left
04 15x
40 51x
Best: XOR04: 1

Right
none
Best: none

AND-NOT
01 00100100 2
12 11000001 3 match 0
23 00000110 2 match 1
34 11001000 3 match 2
45 00100100 2
56 01000001 2
67 00101100 3
70 00010011 3

02 11000000 2
13 00000000 a
24 00001010 2
35 10100000 2
46 00000001 1
57 00001000 1
60 00001010 2
71 00010010 2

03 00000100 1
14 11001000 3 match 2
25 00100110 3
36 11000001 3 match 0
47 00100100 2
50 00001001 2
61 00100110 3
72 01010001 3

04 11000000 2
15 10000000 1
26 00000000 a
37 10101000 3
40 00000001 1
51 00000000 a
62 00000000 a
73 00010010 2

05 10100100 3
16 11000001 3 match 0
27 00101100 3
30 00001001 2
41 00100100 2
52 01000001 2
63 00000110 2 match 1
74 01010010 3

06 11000000 2
17 10001000 2
20 00001010 2
31 00100000 1
42 00000001 1
53 00000000 a
64 00001010 2
75 00010010 2

07 10100100 3
10 00001001 2
21 00100110 3
32 11000001 3 match 0
43 00000100 1
54 01001000 2
65 00100110 3
76 01010001 3

Matching output
0 12 36 16 32
1 23 63
2 34 14
3 absent
4 absent
5 absent
6 absent
7 absent

Left
12 23 34 45x
36 47x
16 27x
32 43x
Best: AND-NOT12 23 34: 3

Right
none
Best: none

OR-NOT
01 11110110 6
12 11011001 5
23 00111110 5
34 11111011 7
45 10110111 6
56 11011001 5
67 10101110 5
70 01011011 5

02 11110101 6
13 11011111 7
24 11111110 7
35 11111111 a
46 11110101 6
57 11101101 6
60 00111111 6
71 01110111 6

03 11110110 6
14 11011011 6
25 10111110 6
36 11111001 6
47 10101101 5
50 01011011 5
61 00111110 5
72 11010011 5

04 11111110 7
15 11111111 a
26 11111111 a
37 11101101 6
40 00111111 6
51 01111111 7
62 11111111 a
73 01010111 5

05 11110110 6
16 11011001 5
27 10101110 5
30 11111011 7
41 00110111 5
52 11011001 5
63 00111110 5
74 11011011 6

06 11110101 6
17 11101101 6
20 00111111 6
31 11111111 a
42 11110101 6
53 01011111 6
64 11111110 7
75 11110111 7

07 11101100 5
10 11011011 6
21 00111110 5
32 11111001 6
43 00110111 5
54 11011011 6
65 10111110 6
76 11010011 5

Matching output
0 absent
1 absent
2 absent
3 absent
4 absent
5 absent
6 absent
7 absent

Left
none
Best: none

Right
none
Best: none

XOR-NOT
01 11010010 4
12 00011000 2
23 00111000 3
34 00110011 4
45 10010011 4
56 10011000 3
67 10000010 2
70 01001000 2

02 00110101 4
13 11011111 7
24 11110100 5
35 01011111 6
46 11110100 5
57 11100101 5
60 00110101 4
71 01100101 4

03 11110010 5
14 00010011 3
25 10011000 3
36 00111000 3
47 10001001 3
50 01010010 3
61 00011000 2
72 10000010 2

04 00111110 5
15 01111111 7
26 11111111 a
37 01000101 3
40 00111110 5
51 01111111 7
62 11111111 a
73 01000101 3

05 01010010 3
16 00011000 2
27 10000010 2
30 11110010 5
41 00010011 3
52 10011000 3
63 00111000 3
74 10001001 3

06 00110101 4
17 01100101 4
20 00110101 4
31 11011111 7
42 11110100 5
53 01011111 6
64 11110100 5
75 11100101 5

07 01001000 2
10 11010010 4
21 00011000 2
32 00111000 3
43 00110011 4
54 10010011 4
65 10011000 3
76 10000010 2

Matching output
0 absent
1 absent
2 absent
3 absent
4 absent
5 absent
6 absent
7 absent

Left
none
Best: none

Right
none
Best: none

Selecting

Lefts
Identity none
NOT none
Constant none
AND none
OR none
XOR XOR04: 1
AND-NOT AND-NOT12 23 34: 3
OR-NOT none
XOR-NOT none

Rights
Identity I0 7 6 5: 4
NOT none
Constant none
AND none
OR none
XOR none
AND-NOT none
OR-NOT none
XOR-NOT none

Left longest: 3
Right longest: 4

Right winner: Identity yes, NOT no, Constant no, AND no, OR no, XOR no, AND-NOT no, OR-NOT no, XOR-NOT no
Left winner: Identity no, NOT no, Constant no, AND no, OR no, XOR no, AND-NOT yes, OR-NOT no, XOR-NOT no

Best right: I0 7 6 5: 4
Best left: AND-NOT12 23 34: 3

Truncated right: I0 7 6 5: 4
Truncated left: AND-NOT12 23 34: 3

Tentative from right
7 I0
6 I7
5 I6
4 I5
3 pending
2 pending
1 pending
0 pending

Tentative
0 AND-NOT12
1 AND-NOT23
2 AND-NOT34
3 pending
4 I5
5 I6
6 I7
7 I0

Preferred from right
7 I0
6 I7
5 I6
4 I5
3 ??4
2 AND-NOT34
1 AND-NOT23
0 AND-NOT12

Preferred from left
0 AND-NOT12
1 AND-NOT23
2 AND-NOT34
3 ??4
4 I5
5 I6
6 I7
7 I0

Preferred
0 AND-NOT12
1 AND-NOT23
2 AND-NOT34
3 ??4
4 I5
5 I6
6 I7
7 I0

Matching
0 AND-NOT12
1 AND-NOT23
2 AND-NOT34
3 ??4 - Identity absent, NOT absent, Constant absent, AND absent, OR absent, XOR absent, AND-NOT absent, OR-NOT absent, XOR-NOT absent
4 I5
5 I6
6 I7
7 I0

Perfect match
Identity no
NOT no
Constant no
AND no
OR no
XOR no
AND-NOT no
OR-NOT no
XOR-NOT no

Matched
0 AND-NOT12
1 AND-NOT23
2 AND-NOT34
3 none
4 I5
5 I6
6 I7
7 I0

Selected
0 AND-NOT12
1 AND-NOT23
2 AND-NOT34
3 default 1
4 I5
5 I6
6 I7
7 I0

Applying to 00011100
Input
0 0
1 0
2 0
3 1
4 1
5 1
6 0
7 0
Output
0 AND-NOT12 = AND(0,NOT(0)) = 0
1 AND-NOT23 = AND(0,NOT(1)) = 0
2 AND-NOT34 = AND(1,NOT(1)) = 0
3 default 1 = 1
4 I5 = 1
5 I6 = 0
6 I7 = 0
7 I0 = 0

I will now return the answer in \boxed{}
The answer in \boxed is
\boxed{00011000}