We need to deduce the transformation by matching the example outputs.
I will put my final answer inside \boxed{}.

Output 0: 11100011
0 1
1 1
2 1
3 0
4 0
5 0
6 1
7 1

Output 1: 00001100
0 0
1 0
2 0
3 0
4 1
5 1
6 0
7 0

Output 2: 01101110
0 0
1 1
2 1
3 0
4 1
5 1
6 1
7 0

Output 3: 10111001
0 1
1 0
2 1
3 1
4 1
5 0
6 0
7 1

Output 4: 00010000
0 0
1 0
2 0
3 1
4 0
5 0
6 0
7 0

Output 5: 00011100
0 0
1 0
2 0
3 1
4 1
5 1
6 0
7 0

Output 6: 11011011
0 1
1 1
2 0
3 1
4 1
5 0
6 1
7 1

Output 7: 01110110
0 0
1 1
2 1
3 1
4 0
5 1
6 1
7 0

Output 8: 10000101
0 1
1 0
2 0
3 0
4 0
5 1
6 0
7 1

Output 9: 10001001
0 1
1 0
2 0
3 0
4 1
5 0
6 0
7 1

Output bit columns (with bitsum as hash)
0 1001001011 5
1 1010001100 4
2 1011000100 4
3 0001111100 5
4 0111011001 6
5 0110010110 5
6 1010001100 4
7 1001001011 5

Input 0: 00001111
0 0
1 0
2 0
3 0
4 1
5 1
6 1
7 1

Input 1: 10110001
0 1
1 0
2 1
3 1
4 0
5 0
6 0
7 1

Input 2: 10111010
0 1
1 0
2 1
3 1
4 1
5 0
6 1
7 0

Input 3: 01100101
0 0
1 1
2 1
3 0
4 0
5 1
6 0
7 1

Input 4: 11000001
0 1
1 1
2 0
3 0
4 0
5 0
6 0
7 1

Input 5: 11110001
0 1
1 1
2 1
3 1
4 0
5 0
6 0
7 1

Input 6: 11101111
0 1
1 1
2 1
3 0
4 1
5 1
6 1
7 1

Input 7: 01011011
0 0
1 1
2 0
3 1
4 1
5 0
6 1
7 1

Input 8: 00010100
0 0
1 0
2 0
3 1
4 0
5 1
6 0
7 0

Input 9: 00100100
0 0
1 0
2 1
3 0
4 0
5 1
6 0
7 0

When matching output
x: not in operator
y: wrong position

Identity
0 0110111000 5
1 0001111100 5 match 3
2 0111011001 6 match 4
3 0110010110 5 match 5
4 1010001100 4 match 1 6
5 1001001011 5 match 0 7
6 1010001100 4 match 1 6
7 1101111100 7

Matching output
0 5
1 4 6
2 absent
3 1
4 2
5 3
6 4 6
7 5

Left
5 6 7x
Best: I5 6: 2

Right
5 4 3 2 1 0x
Best: I5 4 3 2 1: 5

NOT
0 1001000111 5
1 1110000011 5
2 1000100110 4
3 1001101001 5
4 0101110011 6
5 0110110100 5
6 0101110011 6
7 0010000011 3

Matching output
0 absent
1 absent
2 absent
3 absent
4 absent
5 absent
6 absent
7 absent

Left
none
Best: none

Right
none
Best: none

Constant
0 0000000000 a
1 1111111111 a

Matching output
0 absent
1 absent
2 absent
3 absent
4 absent
5 absent
6 absent
7 absent

Left
none
Best: none

Right
none
Best: none

AND
01 10 0000111000 3
12 21 0001011000 3
23 32 0110010000 3
34 43 0010000100 2
45 54 1000001000 2
56 65 1000001000 2
67 76 1000001100 3
70 07 0100111000 4

02 20 0110011000 4
13 31 0000010100 2
24 42 0010001000 2
35 53 0000000010 1
46 64 1010001100 4 match 1 6
57 75 1001001000 3
60 06 0010001000 2
71 17 0001111100 5 match 3

03 30 0110010000 3
14 41 0000001100 2
25 52 0001001001 3
36 63 0010000100 2
47 74 1000001100 3
50 05 0000001000 1
61 16 0000001100 2
72 27 0101011000 4

04 40 0010001000 2
15 51 0001001000 2
26 62 0010001000 2
37 73 0100010100 3

Matching output
0 absent
1 46 64
2 absent
3 71 17
4 absent
5 absent
6 46 64
7 absent

Left
none
Best: none

Right
none
Best: none

OR
01 10 0111111100 7
12 21 0111111101 8
23 32 0111011111 8
34 43 1110011110 7
45 54 1011001111 7
56 65 1011001111 7
67 76 1111111100 8
70 07 1111111100 8

02 20 0111111001 7
13 31 0111111110 8
24 42 1111011101 8
35 53 1111011111 9
46 64 1010001100 4 match 1 6
57 75 1101111111 9
60 06 1110111100 7
71 17 1101111100 7

03 30 0110111110 7
14 41 1011111100 7
25 52 1111011011 8
36 63 1110011110 7
47 74 1111111100 8
50 05 1111111011 9
61 16 1011111100 7
72 27 1111111101 9

04 40 1110111100 7
15 51 1001111111 8
26 62 1111011101 8
37 73 1111111110 9

Matching output
0 absent
1 46 64
2 absent
3 absent
4 absent
5 absent
6 46 64
7 absent

Left
none
Best: none

Right
none
Best: none

XOR
01 10 0111000100 4
12 21 0110100101 5
23 32 0001001111 5
34 43 1100011010 5
45 54 0011000111 5
56 65 0011000111 5
67 76 0111110000 5
70 07 1011000100 4 match 2

02 20 0001100001 3
13 31 0111101010 6
24 42 1101010101 6
35 53 1111011101 8
46 64 0000000000 a
57 75 0100110111 6
60 06 1100110100 5
71 17 1100000000 2

03 30 0000101110 4
14 41 1011110000 5
25 52 1110010010 5
36 63 1100011010 5
47 74 0111110000 5
50 05 1111110011 8
61 16 1011110000 5
72 27 1010100101 5

04 40 1100110100 5
15 51 1000110111 6
26 62 1101010101 6
37 73 1011101010 6

Matching output
0 absent
1 absent
2 70 07
3 absent
4 absent
5 absent
6 absent
7 absent

Left
none
Best: none

Right
none
Best: none

AND-NOT
01 0110000000 2
12 0000100100 2
23 0001001001 3
34 0100010010 3
45 0010000100 2
56 0001000011 3
67 0010000000 1
70 1001000100 3

02 0000100000 1
13 0001101000 3
24 0101010001 4
35 0110010100 4
46 0000000000 a
57 0000000011 2
60 1000000100 2
71 1100000000 2

03 0000101000 2
14 0001110000 3
25 0110010000 3
36 0100010010 3
47 0010000000 1
50 1001000011 4
61 1010000000 2
72 1000100100 3

04 0100110000 3
15 0000110100 3
26 0101010001 4
37 0010000010 2
40 1000000100 2
51 1000000011 3
62 1000000100 2
73 1001101000 4

05 0110110000 4
16 0001110000 3
27 0010000001 2
30 0000000110 2
41 1010000000 2
52 1000000010 2
63 1000001000 2
74 0101110000 4

06 0100110000 3
17 0000000000 a
20 0001000001 2
31 0110000010 3
42 1000000100 2
53 1001001001 4
64 0000000000 a
75 0100110100 4

07 0010000000 1
10 0001000100 2
21 0110000001 3
32 0000000110 2
43 1000001000 2
54 0001000011 3
65 0010000100 2
76 0101110000 4

Matching output
0 absent
1 absent
2 absent
3 absent
4 absent
5 absent
6 absent
7 absent

Left
none
Best: none

Right
none
Best: none

OR-NOT
01 1110111011 8
12 1001111110 7
23 1111111001 8
34 0111110111 8
45 1110111100 7
56 1101111011 8
67 1010001111 6
70 1101111111 9

02 1110111110 8
13 1001111101 7
24 0111111011 8
35 0110110110 6
46 1111111111 a
57 1011001011 6
60 1011001111 7
71 1111111111 a

03 1111111001 8
14 0101111111 8
25 0111111101 8
36 0111110111 8
47 1010001111 6
50 1001001111 6
61 1110001111 7
72 1101111110 8

04 0111111011 8
15 0111111100 7
26 0111111011 8
37 0110010111 6
40 1011001111 7
51 1111001011 7
62 1010101110 6
73 1101111101 8

05 0110111100 6
16 0101111111 8
27 0111011011 7
30 1111010111 8
41 1110001111 7
52 1001101111 7
63 1011101101 7
74 1101111111 9

06 0111111011 8
17 0011111111 8
20 1111011111 9
31 1110010111 7
42 1010101110 6
53 1001101011 6
64 1111111111 a
75 1111111100 8

07 0110111011 7
10 1001111111 8
21 1111011011 8
32 1110110110 7
43 1011101101 7
54 1101111011 8
65 1110111100 7
76 1101111111 9

Matching output
0 absent
1 absent
2 absent
3 absent
4 absent
5 absent
6 absent
7 absent

Left
none
Best: none

Right
none
Best: none

XOR-NOT
01 1000111011 6
12 1001011010 5
23 1110110000 5
34 0011100101 5
45 1100111000 5
56 1100111000 5
67 1000001111 5
70 0100111011 6

02 1110011110 7
13 1000010101 4
24 0010101010 4
35 0000100010 2
46 1111111111 a
57 1011001000 4
60 0011001011 5
71 0011111111 8

03 1111010001 6
14 0100001111 5
25 0001101101 5
36 0011100101 5
47 1000001111 5
50 0000001100 2
61 0100001111 5
72 0101011010 5

04 0011001011 5
15 0111001000 4
26 0010101010 4
37 0100010101 4
40 0011001011 5
51 0111001000 4
62 0010101010 4
73 0100010101 4

05 0000001100 2
16 0100001111 5
27 0101011010 5
30 1111010001 6
41 0100001111 5
52 0001101101 5
63 0011100101 5
74 1000001111 5

06 0011001011 5
17 0011111111 8
20 1110011110 7
31 1000010101 4
42 0010101010 4
53 0000100010 2
64 1111111111 a
75 1011001000 4

07 0100111011 6
10 1000111011 6
21 1001011010 5
32 1110110000 5
43 0011100101 5
54 1100111000 5
65 1100111000 5
76 1000001111 5

Matching output
0 absent
1 absent
2 absent
3 absent
4 absent
5 absent
6 absent
7 absent

Left
none
Best: none

Right
none
Best: none

Selecting

Lefts
Identity I5 6: 2
NOT none
Constant none
AND none
OR none
XOR none
AND-NOT none
OR-NOT none
XOR-NOT none

Rights
Identity I5 4 3 2 1: 5
NOT none
Constant none
AND none
OR none
XOR none
AND-NOT none
OR-NOT none
XOR-NOT none

Left longest: 2
Right longest: 5

Right winner: Identity yes, NOT no, Constant no, AND no, OR no, XOR no, AND-NOT no, OR-NOT no, XOR-NOT no
Left winner: Identity yes, NOT no, Constant no, AND no, OR no, XOR no, AND-NOT no, OR-NOT no, XOR-NOT no

Best right: I5 4 3 2 1: 5
Best left: I5 6: 2

Truncated right: I5 4 3 2 1: 5
Truncated left: I5 6: 2

Tentative from right
7 I5
6 I4
5 I3
4 I2
3 I1
2 pending
1 pending
0 pending

Tentative
0 I5
1 I6
2 pending
3 I1
4 I2
5 I3
6 I4
7 I5

Preferred from right
7 I5
6 I4
5 I3
4 I2
3 I1
2 ??0
1 I6
0 I5

Preferred from left
0 I5
1 I6
2 ?70
3 I1
4 I2
5 I3
6 I4
7 I5

Preferred
0 I5
1 I6
2 ?70 ?07
3 I1
4 I2
5 I3
6 I4
7 I5

Matching
0 I5
1 I6
2 ?70 ?07 - Identity absent, NOT absent, Constant absent, AND absent, OR absent, XOR70, AND-NOT absent, OR-NOT absent, XOR-NOT absent
3 I1
4 I2
5 I3
6 I4
7 I5

Perfect match
Identity no
NOT no
Constant no
AND no
OR no
XOR yes
AND-NOT no
OR-NOT no
XOR-NOT no

Matched
0 I5
1 I6
2 XOR70
3 I1
4 I2
5 I3
6 I4
7 I5

Selected
0 I5
1 I6
2 XOR70
3 I1
4 I2
5 I3
6 I4
7 I5

Applying to 01100011
Input
0 0
1 1
2 1
3 0
4 0
5 0
6 1
7 1
Output
0 I5 = 0
1 I6 = 1
2 XOR70 = XOR(1,0) = 1
3 I1 = 1
4 I2 = 1
5 I3 = 0
6 I4 = 0
7 I5 = 0

I will now return the answer in \boxed{}
The answer in \boxed is
\boxed{01111000}