We need to deduce the transformation by matching the example outputs.
I will put my final answer inside \boxed{}.

Output 0: 00000100
0 0
1 0
2 0
3 0
4 0
5 1
6 0
7 0

Output 1: 00000000
0 0
1 0
2 0
3 0
4 0
5 0
6 0
7 0

Output 2: 00011100
0 0
1 0
2 0
3 1
4 1
5 1
6 0
7 0

Output 3: 00000010
0 0
1 0
2 0
3 0
4 0
5 0
6 1
7 0

Output 4: 00011100
0 0
1 0
2 0
3 1
4 1
5 1
6 0
7 0

Output 5: 00000011
0 0
1 0
2 0
3 0
4 0
5 0
6 1
7 1

Output 6: 00001100
0 0
1 0
2 0
3 0
4 1
5 1
6 0
7 0

Output bit columns (with bitsum as hash)
0 0000000 a
1 0000000 a
2 0000000 a
3 0010100 2
4 0010101 3
5 1010101 4
6 0001010 2
7 0000010 1

Input 0: 01101111
0 0
1 1
2 1
3 0
4 1
5 1
6 1
7 1

Input 1: 01001011
0 0
1 1
2 0
3 0
4 1
5 0
6 1
7 1

Input 2: 11101001
0 1
1 1
2 1
3 0
4 1
5 0
6 0
7 1

Input 3: 00110011
0 0
1 0
2 1
3 1
4 0
5 0
6 1
7 1

Input 4: 11101101
0 1
1 1
2 1
3 0
4 1
5 1
6 0
7 1

Input 5: 00111100
0 0
1 0
2 1
3 1
4 1
5 1
6 0
7 0

Input 6: 11100100
0 1
1 1
2 1
3 0
4 0
5 1
6 0
7 0

When matching output
x: not in operator
y: wrong position

Identity
0 0010101 3 match 4
1 1110101 5
2 1011111 6
3 0001010 2 match 6
4 1110110 5
5 1000111 4
6 1101000 3
7 1111100 5

Matching output
0 absent
1 absent
2 absent
3 absent
4 0
5 absent
6 3
7 absent

Left
none
Best: none

Right
none
Best: none

NOT
0 1101010 4
1 0001010 2 match 6
2 0100000 1
3 1110101 5
4 0001001 2
5 0111000 3
6 0010111 4
7 0000011 2

Matching output
0 absent
1 absent
2 absent
3 absent
4 absent
5 absent
6 1
7 absent

Left
none
Best: none

Right
none
Best: none

Constant
0 0000000 a match 0 1 2
1 1111111 a

Matching output
0 C0
1 C0
2 C0
3 absent
4 absent
5 absent
6 absent
7 absent

Left
0 0 0
Best: C0 0 0: 3

Right
none
Best: none

AND
01 10 0010101 3 match 4
12 21 1010101 4 match 5
23 32 0001010 2 match 6
34 43 0000010 1 match 7
45 54 1000110 3
56 65 1000000 1
67 76 1101000 3
70 07 0010100 2 match 3

02 20 0010101 3 match 4
13 31 0000000 a match 0 1 2
24 42 1010110 4
35 53 0000010 1 match 7
46 64 1100000 2
57 75 1000100 2
60 06 0000000 a match 0 1 2
71 17 1110100 4

03 30 0000000 a match 0 1 2
14 41 1110100 4
25 52 1000111 4
36 63 0001000 1
47 74 1110100 4
50 05 0000101 2
61 16 1100000 2
72 27 1011100 4

04 40 0010100 2 match 3
15 51 1000101 3
26 62 1001000 2
37 73 0001000 1

Matching output
0 13 31 60 06 03 30
1 13 31 60 06 03 30
2 13 31 60 06 03 30
3 70 07 04 40
4 01 10 02 20
5 12 21
6 23 32
7 34 43 35 53

Left
13 24x
31 42x
60 71x
06 17x
03 14x
30 41x
Best: AND13: 1

Right
34 23 12 01 70 67x
43 32 21 10 07 76x
35 24x
53 42x
Best: AND34 23 12 01 70: 5

OR
01 10 1110101 5
12 21 1111111 a
23 32 1011111 6
34 43 1111110 6
45 54 1110111 6
56 65 1101111 6
67 76 1111100 5
70 07 1111101 6

02 20 1011111 6
13 31 1111111 a
24 42 1111111 a
35 53 1001111 5
46 64 1111110 6
57 75 1111111 a
60 06 1111101 6
71 17 1111101 6

03 30 0011111 5
14 41 1110111 6
25 52 1011111 6
36 63 1101010 4
47 74 1111110 6
50 05 1010111 5
61 16 1111101 6
72 27 1111111 a

04 40 1110111 6
15 51 1110111 6
26 62 1111111 a
37 73 1111110 6

Matching output
0 absent
1 absent
2 absent
3 absent
4 absent
5 absent
6 absent
7 absent

Left
none
Best: none

Right
none
Best: none

XOR
01 10 1100000 2
12 21 0101010 3
23 32 1010101 4 match 5
34 43 1111100 5
45 54 0110001 3
56 65 0101111 5
67 76 0010100 2 match 3
70 07 1101001 4

02 20 1001010 3
13 31 1111111 a
24 42 0101001 3
35 53 1001101 4
46 64 0011110 4
57 75 0111011 5
60 06 1111101 6
71 17 0001001 2

03 30 0011111 5
14 41 0000011 2
25 52 0011000 2
36 63 1100010 3
47 74 0001010 2 match 6
50 05 1010010 3
61 16 0011101 4
72 27 0100011 3

04 40 1100011 4
15 51 0110010 3
26 62 0110111 5
37 73 1110110 5

Matching output
0 absent
1 absent
2 absent
3 67 76
4 absent
5 23 32
6 47 74
7 absent

Left
none
Best: none

Right
none
Best: none

AND-NOT
01 0000000 a match 0 1 2
12 0100000 1
23 1010101 4 match 5
34 0001000 1
45 0110000 2
56 0000111 3
67 0000000 a match 0 1 2
70 1101000 3

02 0000000 a match 0 1 2
13 1110101 5
24 0001001 2
35 0001000 1
46 0010110 3
57 0000011 2
60 1101000 3
71 0001000 1

03 0010101 3 match 4
14 0000001 1
25 0011000 2
36 0000010 1 match 7
47 0000010 1 match 7
50 1000010 2
61 0001000 1
72 0100000 1

04 0000001 1
15 0110000 2
26 0010111 4
37 0000010 1 match 7
40 1100010 3
51 0000010 1 match 7
62 0100000 1
73 1110100 4

05 0010000 1
16 0010101 3 match 4
27 0000011 2
30 0001010 2 match 6
41 0000010 1 match 7
52 0000000 a match 0 1 2
63 1100000 2
74 0001000 1

06 0010101 3 match 4
17 0000001 1
20 1001010 3
31 0001010 2 match 6
42 0100000 1
53 1000101 3
64 0001000 1
75 0111000 3

07 0000001 1
10 1100000 2
21 0001010 2 match 6
32 0000000 a match 0 1 2
43 1110100 4
54 0000001 1
65 0101000 2
76 0010100 2 match 3

Matching output
0 01 67 02 52 32
1 01 67 02 52 32
2 01 67 02 52 32
3 76
4 03 16 06
5 23
6 30 31 21
7 36 47 37 51 41

Left
01 12x
67 70x
02 13x
52 63x
32 43x
Best: AND-NOT01: 1

Right
36 25x
47 36y
37 26x
51 40x
41 30 27x
Best: AND-NOT41 30: 2

OR-NOT
01 0011111 5
12 1110101 5
23 1111111 a
34 0001011 3
45 1111110 6
56 1010111 5
67 1101011 5
70 1111110 6

02 0110101 4
13 1110101 5
24 1011111 6
35 0111010 4
46 1110111 6
57 1000111 4
60 1101010 4
71 1111110 6

03 1110101 5
14 1111101 6
25 1111111 a
36 0011111 5
47 1110111 6
50 1101111 6
61 1101010 4
72 1111100 5

04 0011101 4
15 1111101 6
26 1011111 6
37 0001011 3
40 1111110 6
51 1001111 5
62 1101000 3
73 1111101 6

05 0111101 5
16 1110111 6
27 1011111 6
30 1101010 4
41 1111110 6
52 1100111 5
63 1111101 6
74 1111101 6

06 0010111 4
17 1110111 6
20 1111111 a
31 0001010 2 match 6
42 1110110 5
53 1110111 6
64 1101001 4
75 1111100 5

07 0010111 4
10 1111111 a
21 1011111 6
32 0101010 3
43 1110111 6
54 1001111 5
65 1111000 4
76 1111111 a

Matching output
0 absent
1 absent
2 absent
3 absent
4 absent
5 absent
6 31
7 absent

Left
none
Best: none

Right
none
Best: none

XOR-NOT
01 0011111 5
12 1010101 4 match 5
23 0101010 3
34 0000011 2
45 1001110 4
56 1010000 2
67 1101011 5
70 0010110 3

02 0110101 4
13 0000000 a match 0 1 2
24 1010110 4
35 0110010 3
46 1100001 3
57 1000100 2
60 0000010 1 match 7
71 1110110 5

03 1100000 2
14 1111100 5
25 1100111 5
36 0011101 4
47 1110101 5
50 0101101 4
61 1100010 3
72 1011100 4

04 0011100 3
15 1001101 4
26 1001000 2
37 0001001 2
40 0011100 3
51 1001101 4
62 1001000 2
73 0001001 2

05 0101101 4
16 1100010 3
27 1011100 4
30 1100000 2
41 1111100 5
52 1100111 5
63 0011101 4
74 1110101 5

06 0000010 1 match 7
17 1110110 5
20 0110101 4
31 0000000 a match 0 1 2
42 1010110 4
53 0110010 3
64 1100001 3
75 1000100 2

07 0010110 3
10 0011111 5
21 1010101 4 match 5
32 0101010 3
43 0000011 2
54 1001110 4
65 1010000 2
76 1101011 5

Matching output
0 13 31
1 13 31
2 13 31
3 absent
4 absent
5 12 21
6 absent
7 60 06

Left
13 24x
31 42x
Best: XOR-NOT13: 1

Right
60 57x
06 75x
Best: XOR-NOT60: 1

Selecting

Lefts
Identity none
NOT none
Constant C0 0 0: 3
AND AND13: 1
OR none
XOR none
AND-NOT AND-NOT01: 1
OR-NOT none
XOR-NOT XOR-NOT13: 1

Rights
Identity none
NOT none
Constant none
AND AND34 23 12 01 70: 5
OR none
XOR none
AND-NOT AND-NOT41 30: 2
OR-NOT none
XOR-NOT XOR-NOT60: 1

Left longest: 3
Right longest: 5

Right winner: Identity no, NOT no, Constant no, AND yes, OR no, XOR no, AND-NOT no, OR-NOT no, XOR-NOT no
Left winner: Identity no, NOT no, Constant yes, AND no, OR no, XOR no, AND-NOT no, OR-NOT no, XOR-NOT no

Best right: AND34 23 12 01 70: 5
Best left: C0 0 0: 3

Truncated right: AND34 23 12 01 70: 5
Truncated left: C0 0 0: 3

Tentative from right
7 AND34
6 AND23
5 AND12
4 AND01
3 AND70
2 pending
1 pending
0 pending

Tentative
0 C0
1 C0
2 C0
3 AND70
4 AND01
5 AND12
6 AND23
7 AND34

Preferred from right
7 AND34
6 AND23
5 AND12
4 AND01
3 AND70
2 C0
1 C0
0 C0

Preferred from left
0 C0
1 C0
2 C0
3 AND70
4 AND01
5 AND12
6 AND23
7 AND34

Preferred
0 C0
1 C0
2 C0
3 AND70
4 AND01
5 AND12
6 AND23
7 AND34

Matching
0 C0
1 C0
2 C0
3 AND70
4 AND01
5 AND12
6 AND23
7 AND34

Perfect match
Identity no
NOT no
Constant no
AND no
OR no
XOR no
AND-NOT no
OR-NOT no
XOR-NOT no

Matched
0 C0
1 C0
2 C0
3 AND70
4 AND01
5 AND12
6 AND23
7 AND34

Selected
0 C0
1 C0
2 C0
3 AND70
4 AND01
5 AND12
6 AND23
7 AND34

Applying to 00000010
Input
0 0
1 0
2 0
3 0
4 0
5 0
6 1
7 0
Output
0 C0 = 0
1 C0 = 0
2 C0 = 0
3 AND70 = AND(0,0) = 0
4 AND01 = AND(0,0) = 0
5 AND12 = AND(0,0) = 0
6 AND23 = AND(0,0) = 0
7 AND34 = AND(0,0) = 0

I will now return the answer in \boxed{}
The answer in \boxed is
\boxed{00000000}