We need to deduce the transformation by matching the example outputs.
I will put my final answer inside \boxed{}.

Output 0: 10100100
0 1
1 0
2 1
3 0
4 0
5 1
6 0
7 0

Output 1: 11001110
0 1
1 1
2 0
3 0
4 1
5 1
6 1
7 0

Output 2: 10110100
0 1
1 0
2 1
3 1
4 0
5 1
6 0
7 0

Output 3: 11111111
0 1
1 1
2 1
3 1
4 1
5 1
6 1
7 1

Output 4: 01100010
0 0
1 1
2 1
3 0
4 0
5 0
6 1
7 0

Output 5: 01001011
0 0
1 1
2 0
3 0
4 1
5 0
6 1
7 1

Output 6: 00110010
0 0
1 0
2 1
3 1
4 0
5 0
6 1
7 0

Output 7: 00011010
0 0
1 0
2 0
3 1
4 1
5 0
6 1
7 0

Output 8: 01000010
0 0
1 1
2 0
3 0
4 0
5 0
6 1
7 0

Output bit columns (with bitsum as hash)
0 111100000 4
1 010111001 5
2 101110100 5
3 001100110 4
4 010101010 4
5 111100000 4
6 010111111 7
7 000101000 2

Input 0: 01001000
0 0
1 1
2 0
3 0
4 1
5 0
6 0
7 0

Input 1: 00011100
0 0
1 0
2 0
3 1
4 1
5 1
6 0
7 0

Input 2: 01001001
0 0
1 1
2 0
3 0
4 1
5 0
6 0
7 1

Input 3: 00011111
0 0
1 0
2 0
3 1
4 1
5 1
6 1
7 1

Input 4: 01000100
0 0
1 1
2 0
3 0
4 0
5 1
6 0
7 0

Input 5: 01010110
0 0
1 1
2 0
3 1
4 0
5 1
6 1
7 0

Input 6: 11000101
0 1
1 1
2 0
3 0
4 0
5 1
6 0
7 1

Input 7: 10010101
0 1
1 0
2 0
3 1
4 0
5 1
6 0
7 1

Input 8: 00000100
0 0
1 0
2 0
3 0
4 0
5 1
6 0
7 0

When matching output
x: not in operator
y: wrong position

Identity
0 000000110 2
1 101011100 5
2 000000000 a
3 010101010 4 match 4
4 111100000 4 match 0 5
5 010111111 7 match 6
6 000101000 2 match 7
7 001100110 4 match 3

Matching output
0 4
1 absent
2 absent
3 7
4 3
5 4
6 5
7 6

Left
4 5y
Best: I4: 1

Right
6 5 4 3 2x
Best: I6 5 4 3: 4

NOT
0 111111001 7
1 010100011 4
2 111111111 a
3 101010101 5
4 000011111 5
5 101000000 2
6 111010111 7
7 110011001 5

Matching output
0 absent
1 absent
2 absent
3 absent
4 absent
5 absent
6 absent
7 absent

Left
none
Best: none

Right
none
Best: none

Constant
0 000000000 a
1 111111111 a

Matching output
0 absent
1 absent
2 absent
3 absent
4 absent
5 absent
6 absent
7 absent

Left
none
Best: none

Right
none
Best: none

AND
01 10 000000100 1
12 21 000000000 a
23 32 000000000 a
34 43 010100000 2
45 54 010100000 2
56 65 000101000 2 match 7
67 76 000100000 1
70 07 000000110 2

02 20 000000000 a
13 31 000001000 1
24 42 000000000 a
35 53 010101010 4 match 4
46 64 000100000 1
57 75 000100110 3
60 06 000000000 a
71 17 001000100 2

03 30 000000010 1
14 41 101000000 2
25 52 000000000 a
36 63 000101000 2 match 7
47 74 001100000 2
50 05 000000110 2
61 16 000001000 1
72 27 000000000 a

04 40 000000000 a
15 51 000011100 3
26 62 000000000 a
37 73 000100010 2

Matching output
0 absent
1 absent
2 absent
3 absent
4 35 53
5 absent
6 absent
7 56 65 36 63

Left
none
Best: none

Right
56 45x
65 54x
36 25x
63 52x
Best: AND56: 1

OR
01 10 101011110 6
12 21 101011100 5
23 32 010101010 4 match 4
34 43 111101010 6
45 54 111111111 a
56 65 010111111 7 match 6
67 76 001101110 5
70 07 001100110 4 match 3

02 20 000000110 2
13 31 111111110 8
24 42 111100000 4 match 0 5
35 53 010111111 7 match 6
46 64 111101000 5
57 75 011111111 8
60 06 000101110 4
71 17 101111110 7

03 30 010101110 5
14 41 111111100 7
25 52 010111111 7 match 6
36 63 010101010 4 match 4
47 74 111100110 6
50 05 010111111 7 match 6
61 16 101111100 6
72 27 001100110 4 match 3

04 40 111100110 6
15 51 111111111 a
26 62 000101000 2 match 7
37 73 011101110 6

Matching output
0 24 42
1 absent
2 absent
3 70 07 72 27
4 23 32 36 63
5 24 42
6 56 65 35 53 25 52 50 05
7 26 62

Left
24 35y
42 53y
Best: OR24: 1

Right
26 15x
62 51x
Best: OR26: 1

XOR
01 10 101011010 5
12 21 101011100 5
23 32 010101010 4 match 4
34 43 101001010 4
45 54 101011111 7
56 65 010010111 5
67 76 001001110 4
70 07 001100000 2

02 20 000000110 2
13 31 111110110 7
24 42 111100000 4 match 0 5
35 53 000010101 3
46 64 111001000 4
57 75 011011001 5
60 06 000101110 4
71 17 100111010 5

03 30 010101100 4
14 41 010111100 5
25 52 010111111 7 match 6
36 63 010000010 2
47 74 110000110 4
50 05 010111001 5 match 1
61 16 101110100 5 match 2
72 27 001100110 4 match 3

04 40 111100110 6
15 51 111100011 6
26 62 000101000 2 match 7
37 73 011001100 4

Matching output
0 24 42
1 50 05
2 61 16
3 72 27
4 23 32
5 24 42
6 25 52
7 26 62

Left
24 35x
42 53x
Best: XOR24: 1

Right
26 15x
62 51x
Best: XOR26: 1

AND-NOT
01 000000010 1
12 101011100 5
23 000000000 a
34 000001010 2
45 101000000 2
56 010010111 5
67 000001000 1
70 001100000 2

02 000000110 2
13 101010100 4
24 000000000 a
35 000000000 a
46 111000000 3
57 010011001 4
60 000101000 2 match 7
71 000100010 2

03 000000100 1
14 000011100 3
25 000000000 a
36 010000010 2
47 110000000 2
50 010111001 5 match 1
61 000100000 1
72 001100110 4 match 3

04 000000110 2
15 101000000 2
26 000000000 a
37 010001000 2
40 111100000 4 match 0 5
51 010100011 4
62 000101000 2 match 7
73 001000100 2

05 000000000 a
16 101010100 4
27 000000000 a
30 010101000 3
41 010100000 2
52 010111111 7 match 6
63 000000000 a
74 000000110 2

06 000000110 2
17 100011000 3
20 000000000 a
31 010100010 3
42 111100000 4 match 0 5
53 000010101 3
64 000001000 1
75 001000000 1

07 000000000 a
10 101011000 4
21 000000000 a
32 010101010 4 match 4
43 101000000 2
54 000011111 5
65 000000000 a
76 001000110 3

Matching output
0 40 42
1 50
2 absent
3 72
4 32
5 40 42
6 52
7 60 62

Left
40 51x
42 53x
Best: AND-NOT40: 1

Right
60 57x
62 51x
Best: AND-NOT60: 1

OR-NOT
01 010100111 5
12 111111111 a
23 101010101 5
34 010111111 7 match 6
45 111100000 4 match 0 5
56 111111111 a
67 110111001 6
70 111111111 a

02 111111111 a
13 101011101 6
24 000011111 5
35 111101010 6
46 111110111 8
57 110111111 8
60 111111001 7
71 011100111 6

03 101010111 6
14 101011111 7
25 101000000 2
36 111111111 a
47 111111001 7
50 111111111 a
61 010101011 5
72 111111111 a

04 000011111 5
15 101011100 5
26 111010111 7
37 110111011 7
40 111111001 7
51 010111111 7 match 6
62 111111111 a
73 101110111 7

05 101000110 4
16 111011111 8
27 110011001 5
30 111111011 8
41 111100011 6
52 111111111 a
63 101111101 7
74 001111111 7

06 111010111 7
17 111011101 7
20 111111001 7
31 010101011 5
42 111111111 a
53 111111111 a
64 000111111 6
75 101100110 5

07 110011111 7
10 111111101 8
21 010100011 4
32 111111111 a
43 111110101 7
54 010111111 7 match 6
65 101101000 4
76 111110111 8

Matching output
0 45
1 absent
2 absent
3 absent
4 absent
5 45
6 34 51 54
7 absent

Left
45 56x
Best: OR-NOT45: 1

Right
none
Best: none

XOR-NOT
01 010100101 4
12 010100011 4
23 101010101 5
34 010110101 5
45 010100000 2
56 101101000 4
67 110110001 5
70 110011111 7

02 111111001 7
13 000001001 2
24 000011111 5
35 111101010 6
46 000110111 5
57 100100110 4
60 111010001 5
71 011000101 4

03 101010011 5
14 101000011 4
25 101000000 2
36 101111101 7
47 001111001 5
50 101000110 4
61 010001011 4
72 110011001 5

04 000011001 3
15 000011100 3
26 111010111 7
37 100110011 5
40 000011001 3
51 000011100 3
62 111010111 7
73 100110011 5

05 101000110 4
16 010001011 4
27 110011001 5
30 101010011 5
41 101000011 4
52 101000000 2
63 101111101 7
74 001111001 5

06 111010001 5
17 011000101 4
20 111111001 7
31 000001001 2
42 000011111 5
53 111101010 6
64 000110111 5
75 100100110 4

07 110011111 7
10 010100101 4
21 010100011 4
32 101010101 5
43 010110101 5
54 010100000 2
65 101101000 4
76 110110001 5

Matching output
0 absent
1 absent
2 absent
3 absent
4 absent
5 absent
6 absent
7 absent

Left
none
Best: none

Right
none
Best: none

Selecting

Lefts
Identity I4: 1
NOT none
Constant none
AND none
OR OR24: 1
XOR XOR24: 1
AND-NOT AND-NOT40: 1
OR-NOT OR-NOT45: 1
XOR-NOT none

Rights
Identity I6 5 4 3: 4
NOT none
Constant none
AND AND56: 1
OR OR26: 1
XOR XOR26: 1
AND-NOT AND-NOT60: 1
OR-NOT none
XOR-NOT none

Left longest: 1
Right longest: 4

Right winner: Identity yes, NOT no, Constant no, AND no, OR no, XOR no, AND-NOT no, OR-NOT no, XOR-NOT no
Left winner: Identity yes, NOT no, Constant no, AND no, OR no, XOR no, AND-NOT no, OR-NOT no, XOR-NOT no

Best right: I6 5 4 3: 4
Best left: I4: 1

Truncated right: I6 5 4 3: 4
Truncated left: I4: 1

Tentative from right
7 I6
6 I5
5 I4
4 I3
3 pending
2 pending
1 pending
0 pending

Tentative
0 I4
1 pending
2 pending
3 pending
4 I3
5 I4
6 I5
7 I6

Preferred from right
7 I6
6 I5
5 I4
4 I3
3 ??2
2 ??1
1 ??0
0 I4

Preferred from left
0 I4
1 ?50
2 ?61
3 ?72
4 I3
5 I4
6 I5
7 I6

Preferred
0 I4
1 ?50 ?05
2 ?61 ?16
3 ?72 ?27
4 I3
5 I4
6 I5
7 I6

Matching
0 I4
1 ?50 ?05 - Identity absent, NOT absent, Constant absent, AND absent, OR absent, XOR50, AND-NOT50, OR-NOT absent, XOR-NOT absent
2 ?61 ?16 - Identity absent, NOT absent, Constant absent, AND absent, OR absent, XOR61, AND-NOT absent, OR-NOT absent, XOR-NOT absent
3 ?72 ?27 - Identity I7, NOT absent, Constant absent, AND absent, OR72, XOR72, AND-NOT72, OR-NOT absent, XOR-NOT absent
4 I3
5 I4
6 I5
7 I6

Perfect match
Identity no
NOT no
Constant no
AND no
OR no
XOR yes
AND-NOT no
OR-NOT no
XOR-NOT no

Matched
0 I4
1 XOR50
2 XOR61
3 XOR72
4 I3
5 I4
6 I5
7 I6

Selected
0 I4
1 XOR50
2 XOR61
3 XOR72
4 I3
5 I4
6 I5
7 I6

Applying to 00101111
Input
0 0
1 0
2 1
3 0
4 1
5 1
6 1
7 1
Output
0 I4 = 1
1 XOR50 = XOR(1,0) = 1
2 XOR61 = XOR(1,0) = 1
3 XOR72 = XOR(1,1) = 0
4 I3 = 0
5 I4 = 1
6 I5 = 1
7 I6 = 1

I will now return the answer in \boxed{}
The answer in \boxed is
\boxed{11100111}