We need to deduce the transformation by matching the example outputs.
I will put my final answer inside \boxed{}.

Output 0: 10010011
0 1
1 0
2 0
3 1
4 0
5 0
6 1
7 1

Output 1: 00000000
0 0
1 0
2 0
3 0
4 0
5 0
6 0
7 0

Output 2: 00000100
0 0
1 0
2 0
3 0
4 0
5 1
6 0
7 0

Output 3: 00001100
0 0
1 0
2 0
3 0
4 1
5 1
6 0
7 0

Output 4: 00110010
0 0
1 0
2 1
3 1
4 0
5 0
6 1
7 0

Output 5: 00110110
0 0
1 0
2 1
3 1
4 0
5 1
6 1
7 0

Output 6: 00000000
0 0
1 0
2 0
3 0
4 0
5 0
6 0
7 0

Output bit columns (with bitsum as hash)
0 1000000 1
1 0000000 a
2 0000110 2
3 1000110 3
4 0001000 1
5 0011010 3
6 1000110 3
7 1000000 1

Input 0: 01101101
0 0
1 1
2 1
3 0
4 1
5 1
6 0
7 1

Input 1: 10001000
0 1
1 0
2 0
3 0
4 1
5 0
6 0
7 0

Input 2: 00001011
0 0
1 0
2 0
3 0
4 1
5 0
6 1
7 1

Input 3: 00000111
0 0
1 0
2 0
3 0
4 0
5 1
6 1
7 1

Input 4: 01011101
0 0
1 1
2 0
3 1
4 1
5 1
6 0
7 1

Input 5: 11011101
0 1
1 1
2 0
3 1
4 1
5 1
6 0
7 1

Input 6: 00100101
0 0
1 0
2 1
3 0
4 0
5 1
6 0
7 1

When matching output
x: not in operator
y: wrong position

Identity
0 0100010 2
1 1000110 3 match 3 6
2 1000001 2
3 0000110 2 match 2
4 1110110 5
5 1001111 5
6 0011000 2
7 1011111 6

Matching output
0 absent
1 absent
2 3
3 1
4 absent
5 absent
6 1
7 absent

Left
none
Best: none

Right
none
Best: none

NOT
0 1011101 5
1 0111001 4
2 0111110 5
3 1111001 5
4 0001001 2
5 0110000 2
6 1100111 5
7 0100000 1

Matching output
0 absent
1 absent
2 absent
3 absent
4 absent
5 absent
6 absent
7 absent

Left
none
Best: none

Right
none
Best: none

Constant
0 0000000 a match 1
1 1111111 a

Matching output
0 absent
1 C0
2 absent
3 absent
4 absent
5 absent
6 absent
7 absent

Left
none
Best: none

Right
none
Best: none

AND
01 10 0000010 1
12 21 1000000 1 match 0 7
23 32 0000000 a match 1
34 43 0000110 2 match 2
45 54 1000110 3 match 3 6
56 65 0001000 1 match 4
67 76 0011000 2
70 07 0000010 1

02 20 0000000 a match 1
13 31 0000110 2 match 2
24 42 1000000 1 match 0 7
35 53 0000110 2 match 2
46 64 0010000 1
57 75 1001111 5
60 06 0000000 a match 1
71 17 1000110 3 match 3 6

03 30 0000010 1
14 41 1000110 3 match 3 6
25 52 1000001 2
36 63 0000000 a match 1
47 74 1010110 4
50 05 0000010 1
61 16 0000000 a match 1
72 27 1000001 2

04 40 0100010 2
15 51 1000110 3 match 3 6
26 62 0000000 a match 1
37 73 0000110 2 match 2

Matching output
0 12 21 24 42
1 23 32 02 20 60 06 36 63 61 16 26 62
2 34 43 13 31 35 53 37 73
3 45 54 71 17 14 41 15 51
4 56 65
5 absent
6 45 54 71 17 14 41 15 51
7 12 21 24 42

Left
12 23 34 45 56 67x
21 32 43 54 65 76x
24 35y
42 53y
Best: AND12 23 34 45 56: 5

Right
12 01x
21 10x
24 13y
42 31y
Best: AND12: 1

OR
01 10 1100110 4
12 21 1000111 4
23 32 1000111 4
34 43 1110110 5
45 54 1111111 a
56 65 1011111 6
67 76 1011111 6
70 07 1111111 a

02 20 1100011 4
13 31 1000110 3 match 3 6
24 42 1110111 6
35 53 1001111 5
46 64 1111110 6
57 75 1011111 6
60 06 0111010 4
71 17 1011111 6

03 30 0100110 3
14 41 1110110 5
25 52 1001111 5
36 63 0011110 4
47 74 1111111 a
50 05 1101111 6
61 16 1011110 5
72 27 1011111 6

04 40 1110110 5
15 51 1001111 5
26 62 1011001 4
37 73 1011111 6

Matching output
0 absent
1 absent
2 absent
3 13 31
4 absent
5 absent
6 13 31
7 absent

Left
none
Best: none

Right
none
Best: none

XOR
01 10 1100100 3
12 21 0000111 3
23 32 1000111 4
34 43 1110000 3
45 54 0111001 4
56 65 1010111 5
67 76 1000111 4
70 07 1111101 6

02 20 1100011 4
13 31 1000000 1 match 0 7
24 42 0110111 5
35 53 1001001 3
46 64 1101110 5
57 75 0010000 1
60 06 0111010 4
71 17 0011001 3

03 30 0100100 2
14 41 0110000 2
25 52 0001110 3
36 63 0011110 4
47 74 0101001 3
50 05 1101101 5
61 16 1011110 5
72 27 0011110 4

04 40 1010100 3
15 51 0001001 2
26 62 1011001 4
37 73 1011001 4

Matching output
0 13 31
1 absent
2 absent
3 absent
4 absent
5 absent
6 absent
7 13 31

Left
13 24x
31 42x
Best: XOR13: 1

Right
13 02x
31 20x
Best: XOR13: 1

AND-NOT
01 0100000 1
12 0000110 2 match 2
23 1000001 2
34 0000000 a match 1
45 0110000 2
56 1000111 4
67 0000000 a match 1
70 1011101 5

02 0100010 2
13 1000000 1 match 0 7
24 0000001 1
35 0000000 a match 1
46 1100110 4
57 0000000 a match 1
60 0011000 2
71 0011001 3

03 0100000 1
14 0000000 a match 1
25 0000000 a match 1
36 0000110 2 match 2
47 0100000 1
50 1001101 4
61 0011000 2
72 0011110 4

04 0000000 a match 1
15 0000000 a match 1
26 1000001 2
37 0000000 a match 1
40 1010100 3
51 0001001 2
62 0011000 2
73 1011001 4

05 0100000 1
16 1000110 3 match 3 6
27 0000000 a match 1
30 0000100 1
41 0110000 2
52 0001110 3
63 0011000 2
74 0001001 2

06 0100010 2
17 0000000 a match 1
20 1000001 2
31 0000000 a match 1
42 0110110 4
53 1001001 3
64 0001000 1 match 4
75 0010000 1

07 0100000 1
10 1000100 2
21 0000001 1
32 0000110 2 match 2
43 1110000 3
54 0001001 2
65 0010000 1
76 1000111 4

Matching output
0 13
1 34 67 35 57 14 25 04 15 37 27 17 31
2 12 36 32
3 16
4 64
5 absent
6 16
7 13

Left
13 24x
Best: AND-NOT13: 1

Right
13 02x
Best: AND-NOT13: 1

OR-NOT
01 0111011 5
12 1111110 6
23 1111001 5
34 0001111 4
45 1110110 5
56 1101111 6
67 0111000 3
70 1011111 6

02 0111110 5
13 1111111 a
24 1001001 3
35 0110110 4
46 1110111 6
57 1101111 6
60 1011101 5
71 1111111 a

03 1111011 6
14 1001111 5
25 1110001 4
36 1100111 5
47 1110110 5
50 1011111 6
61 0111001 4
72 1111111 a

04 0101011 4
15 1110110 5
26 1100111 5
37 0100110 3
40 1111111 a
51 1111111 a
62 0111110 5
73 1111111 a

05 0110010 3
16 1100111 5
27 1100001 3
30 1011111 6
41 1111111 a
52 1111111 a
63 1111001 5
74 1011111 6

06 1100111 5
17 1100110 4
20 1011101 5
31 0111111 6
42 1111110 6
53 1111111 a
64 0011001 3
75 1111111 a

07 0100010 2
10 1011111 6
21 1111001 5
32 0111110 5
43 1111111 a
54 1001111 5
65 0111000 3
76 1111111 a

Matching output
0 absent
1 absent
2 absent
3 absent
4 absent
5 absent
6 absent
7 absent

Left
none
Best: none

Right
none
Best: none

XOR-NOT
01 0011011 4
12 1111000 4
23 0111000 3
34 0001111 4
45 1000110 3 match 3 6
56 0101000 2
67 0111000 3
70 0000010 1

02 0011100 3
13 0111111 6
24 1001000 2
35 0110110 4
46 0010001 2
57 1101111 6
60 1000101 3
71 1100110 4

03 1011011 5
14 1001111 5
25 1110001 4
36 1100001 3
47 1010110 4
50 0010010 2
61 0100001 2
72 1100001 3

04 0101011 4
15 1110110 5
26 0100110 3
37 0100110 3
40 0101011 4
51 1110110 5
62 0100110 3
73 0100110 3

05 0010010 2
16 0100001 2
27 1100001 3
30 1011011 5
41 1001111 5
52 1110001 4
63 1100001 3
74 1010110 4

06 1000101 3
17 1100110 4
20 0011100 3
31 0111111 6
42 1001000 2
53 0110110 4
64 0010001 2
75 1101111 6

07 0000010 1
10 0011011 4
21 1111000 4
32 0111000 3
43 0001111 4
54 1000110 3 match 3 6
65 0101000 2
76 0111000 3

Matching output
0 absent
1 absent
2 absent
3 45 54
4 absent
5 absent
6 45 54
7 absent

Left
none
Best: none

Right
none
Best: none

Selecting

Lefts
Identity none
NOT none
Constant none
AND AND12 23 34 45 56: 5
OR none
XOR XOR13: 1
AND-NOT AND-NOT13: 1
OR-NOT none
XOR-NOT none

Rights
Identity none
NOT none
Constant none
AND AND12: 1
OR none
XOR XOR13: 1
AND-NOT AND-NOT13: 1
OR-NOT none
XOR-NOT none

Left longest: 5
Right longest: 1

Left winner: Identity no, NOT no, Constant no, AND yes, OR no, XOR no, AND-NOT no, OR-NOT no, XOR-NOT no
Right winner: Identity no, NOT no, Constant no, AND yes, OR no, XOR no, AND-NOT no, OR-NOT no, XOR-NOT no

Best left: AND12 23 34 45 56: 5
Best right: AND12: 1

Truncated left: AND12 23 34 45 56: 5
Truncated right: AND12: 1

Tentative from right
7 AND12
6 pending
5 pending
4 pending
3 pending
2 pending
1 pending
0 pending

Tentative
0 AND12
1 AND23
2 AND34
3 AND45
4 AND56
5 pending
6 pending
7 AND12

Preferred from left
0 AND12
1 AND23
2 AND34
3 AND45
4 AND56
5 ?67
6 ?70
7 AND12

Preferred from right
7 AND12
6 ?70
5 ?67
4 AND56
3 AND45
2 AND34
1 AND23
0 AND12

Preferred
0 AND12
1 AND23
2 AND34
3 AND45
4 AND56
5 ?67 ?76
6 ?70 ?07
7 AND12

Matching
0 AND12
1 AND23
2 AND34
3 AND45
4 AND56
5 ?67 ?76 - Identity absent, NOT absent, Constant absent, AND absent, OR absent, XOR absent, AND-NOT absent, OR-NOT absent, XOR-NOT absent
6 ?70 ?07 - Identity absent, NOT absent, Constant absent, AND absent, OR absent, XOR absent, AND-NOT absent, OR-NOT absent, XOR-NOT absent
7 AND12

Perfect match
Identity no
NOT no
Constant no
AND no
OR no
XOR no
AND-NOT no
OR-NOT no
XOR-NOT no

Matched
0 AND12
1 AND23
2 AND34
3 AND45
4 AND56
5 none
6 none
7 AND12

Selected
0 AND12
1 AND23
2 AND34
3 AND45
4 AND56
5 CH(0,1,6)
6 MAJ(0,1,5)
7 AND12

Applying to 10111000
Input
0 1
1 0
2 1
3 1
4 1
5 0
6 0
7 0
Output
0 AND12 = AND(0,1) = 0
1 AND23 = AND(1,1) = 1
2 AND34 = AND(1,1) = 1
3 AND45 = AND(1,0) = 0
4 AND56 = AND(0,0) = 0
5 CH(0,1,6) = CH(1,0,0) = 0
6 MAJ(0,1,5) = MAJ(1,0,0) = 0
7 AND12 = AND(0,1) = 0

I will now return the answer in \boxed{}
The answer in \boxed{–} is \boxed{01100000}