We need to deduce the transformation by matching the example outputs.
I will put my final answer inside \boxed{}.

Output 0: 00000000
0 0
1 0
2 0
3 0
4 0
5 0
6 0
7 0

Output 1: 01011001
0 0
1 1
2 0
3 1
4 1
5 0
6 0
7 1

Output 2: 10000000
0 1
1 0
2 0
3 0
4 0
5 0
6 0
7 0

Output 3: 10101000
0 1
1 0
2 1
3 0
4 1
5 0
6 0
7 0

Output 4: 00000000
0 0
1 0
2 0
3 0
4 0
5 0
6 0
7 0

Output 5: 01000000
0 0
1 1
2 0
3 0
4 0
5 0
6 0
7 0

Output 6: 01010001
0 0
1 1
2 0
3 1
4 0
5 0
6 0
7 1

Output 7: 01000000
0 0
1 1
2 0
3 0
4 0
5 0
6 0
7 0

Output 8: 10100001
0 1
1 0
2 1
3 0
4 0
5 0
6 0
7 1

Output bit columns (with bitsum as hash)
0 001100001 3
1 010001110 4
2 000100001 2
3 010000100 2
4 010100000 2
5 000000000 a
6 000000000 a
7 010000101 3

Input 0: 10110001
0 1
1 0
2 1
3 1
4 0
5 0
6 0
7 1

Input 1: 11101011
0 1
1 1
2 1
3 0
4 1
5 0
6 1
7 1

Input 2: 00111100
0 0
1 0
2 1
3 1
4 1
5 1
6 0
7 0

Input 3: 11010101
0 1
1 1
2 0
3 1
4 0
5 1
6 0
7 1

Input 4: 00110011
0 0
1 0
2 1
3 1
4 0
5 0
6 1
7 1

Input 5: 00101011
0 0
1 0
2 1
3 0
4 1
5 0
6 1
7 1

Input 6: 11011010
0 1
1 1
2 0
3 1
4 1
5 0
6 1
7 0

Input 7: 01011010
0 0
1 1
2 0
3 1
4 1
5 0
6 1
7 0

Input 8: 10111101
0 1
1 0
2 1
3 1
4 1
5 1
6 0
7 1

When matching output
x: not in operator
y: wrong position

Identity
0 110100101 5
1 010100110 4
2 111011001 6
3 101110111 7
4 011001111 6
5 001100001 3 match 0
6 010011110 5
7 110111001 6

Matching output
0 5
1 absent
2 absent
3 absent
4 absent
5 absent
6 absent
7 absent

Left
5 6x
Best: I5: 1

Right
none
Best: none

NOT
0 001011010 4
1 101011001 5
2 000100110 3
3 010001000 2
4 100110000 3
5 110011110 6
6 101100001 4
7 001000110 3

Matching output
0 absent
1 absent
2 absent
3 absent
4 absent
5 absent
6 absent
7 absent

Left
none
Best: none

Right
none
Best: none

Constant
0 000000000 a match 5 6
1 111111111 a

Matching output
0 absent
1 absent
2 absent
3 absent
4 absent
5 C0
6 C0
7 absent

Left
none
Best: none

Right
none
Best: none

AND
01 10 010100100 3
12 21 010000000 1
23 32 101010001 4
34 43 001000111 4
45 54 001000001 2
56 65 000000000 a match 5 6
67 76 010011000 3
70 07 110100001 4

02 20 110000001 3
13 31 000100110 3
24 42 011001001 4
35 53 001100001 3 match 0
46 64 010001110 4 match 1
57 75 000100001 2 match 2
60 06 010000100 2 match 3
71 17 010100000 2 match 4

03 30 100100101 4
14 41 010000110 3
25 52 001000001 2
36 63 000010110 3
47 74 010001001 3
50 05 000100001 2 match 2
61 16 010000110 3
72 27 110011001 5

04 40 010000101 3 match 7
15 51 000100000 1
26 62 010011000 3
37 73 100110001 4

Matching output
0 35 53
1 46 64
2 57 75 50 05
3 60 06
4 71 17
5 56 65
6 56 65
7 04 40

Left
35 46 57 60 71 02x
53 64 75 06 17 20x
Best: AND35 46 57 60 71: 5

Right
04 73x
40 37x
Best: AND04: 1

OR
01 10 110100111 6
12 21 111111111 a
23 32 111111111 a
34 43 111111111 a
45 54 011101111 7
56 65 011111111 8
67 76 110111111 8
70 07 110111101 7

02 20 111111101 8
13 31 111110111 8
24 42 111011111 8
35 53 101110111 7
46 64 011011111 7
57 75 111111001 7
60 06 110111111 8
71 17 110111111 8

03 30 111110111 8
14 41 011101111 7
25 52 111111001 7
36 63 111111111 a
47 74 111111111 a
50 05 111100101 6
61 16 010111110 6
72 27 111111001 7

04 40 111101111 8
15 51 011100111 6
26 62 111011111 8
37 73 111111111 a

Matching output
0 absent
1 absent
2 absent
3 absent
4 absent
5 absent
6 absent
7 absent

Left
none
Best: none

Right
none
Best: none

XOR
01 10 100000011 3
12 21 101111111 8
23 32 010101110 5
34 43 110111000 5
45 54 010101110 5
56 65 011111111 8
67 76 100100111 5
70 07 000011100 3

02 20 001111100 5
13 31 111010001 5
24 42 100010110 4
35 53 100010110 4
46 64 001010001 3
57 75 111011000 5
60 06 100111011 6
71 17 100011111 6

03 30 011010010 4
14 41 001101001 4
25 52 110111000 5
36 63 111101001 6
47 74 101110110 6
50 05 111000100 4
61 16 000111000 3
72 27 001100000 2

04 40 101101010 5
15 51 011000111 5
26 62 101000111 5
37 73 011001110 5

Matching output
0 absent
1 absent
2 absent
3 absent
4 absent
5 absent
6 absent
7 absent

Left
none
Best: none

Right
none
Best: none

AND-NOT
01 100000001 2
12 000100110 3
23 010001000 2
34 100110000 3
45 010001110 4 match 1
56 001100001 3 match 0
67 000000110 2
70 000011000 2

02 000100100 2
13 010000000 1
24 100010000 2
35 100010110 4
46 001000001 2
57 001000000 1
60 000011010 3
71 100011001 4

03 010000000 1
14 000100000 1
25 110011000 4
36 101100001 4
47 001000110 3
50 001000000 1
61 000011000 2
72 000100000 1

04 100100000 2
15 010000110 3
26 101000001 3
37 001000110 3
40 001001010 3
51 001000001 2
62 000000110 2
73 010001000 2

05 110000100 3
16 000100000 1
27 001000000 1
30 001010010 3
41 001001001 3
52 000100000 1
63 010001000 2
74 100110000 3

06 100100001 3
17 000000110 2
20 001011000 3
31 101010001 4
42 000000110 2
53 000000000 a match 5 6
64 000010000 1
75 110011000 4

07 000000100 1
10 000000010 1
21 101011001 5
32 000100110 3
43 010001000 2
54 000100000 1
65 010011110 5
76 100100001 3

Matching output
0 56
1 45
2 absent
3 absent
4 absent
5 53
6 53
7 absent

Left
56 67x
Best: AND-NOT56: 1

Right
none
Best: none

OR-NOT
01 111111101 8
12 010100110 4
23 111011001 6
34 101110111 7
45 111011111 8
56 101100001 4
67 011011110 6
70 111111011 8

02 110100111 6
13 010101110 5
24 111111001 7
35 111111111 a
46 111101111 8
57 001100111 5
60 011011110 6
71 111111001 7

03 110101101 6
14 110110110 6
25 111011111 8
36 101110111 7
47 011001111 6
50 001111011 6
61 111011111 8
72 110111111 8

04 110110101 6
15 110111110 7
26 111111001 7
37 101110111 7
40 011011111 7
51 101111001 6
62 010111110 6
73 110111001 6

05 110111111 8
16 111100111 7
27 111011111 8
30 101111111 8
41 111011111 8
52 001100111 5
63 010011110 5
74 110111001 6

06 111100101 6
17 011100110 5
20 111011011 7
31 101111111 8
42 011101111 7
53 011101001 5
64 110111110 7
75 110111111 8

07 111100111 7
10 011111110 7
21 111011001 6
32 101110111 7
43 011001111 6
54 101110001 5
65 110011110 6
76 111111001 7

Matching output
0 absent
1 absent
2 absent
3 absent
4 absent
5 absent
6 absent
7 absent

Left
none
Best: none

Right
none
Best: none

XOR-NOT
01 011111100 6
12 010000000 1
23 101010001 4
34 001000111 4
45 101010001 4
56 100000000 1
67 011011000 4
70 111100011 6

02 110000011 4
13 000101110 4
24 011101001 5
35 011101001 5
46 110101110 6
57 000100111 4
60 011000100 3
71 011100000 3

03 100101101 5
14 110010110 5
25 001000111 4
36 000010110 3
47 010001001 3
50 000111011 5
61 111000111 6
72 110011111 7

04 010010101 4
15 100111000 4
26 010111000 4
37 100110001 4
40 010010101 4
51 100111000 4
62 010111000 4
73 100110001 4

05 000111011 5
16 111000111 6
27 110011111 7
30 100101101 5
41 110010110 5
52 001000111 4
63 000010110 3
74 010001001 3

06 011000100 3
17 011100000 3
20 110000011 4
31 000101110 4
42 011101001 5
53 011101001 5
64 110101110 6
75 000100111 4

07 111100011 6
10 011111100 6
21 010000000 1
32 101010001 4
43 001000111 4
54 101010001 4
65 100000000 1
76 011011000 4

Matching output
0 absent
1 absent
2 absent
3 absent
4 absent
5 absent
6 absent
7 absent

Left
none
Best: none

Right
none
Best: none

Selecting

Lefts
Identity I5: 1
NOT none
Constant none
AND AND35 46 57 60 71: 5
OR none
XOR none
AND-NOT AND-NOT56: 1
OR-NOT none
XOR-NOT none

Rights
Identity none
NOT none
Constant none
AND AND04: 1
OR none
XOR none
AND-NOT none
OR-NOT none
XOR-NOT none

Left longest: 5
Right longest: 1

Left winner: Identity no, NOT no, Constant no, AND yes, OR no, XOR no, AND-NOT no, OR-NOT no, XOR-NOT no
Right winner: Identity no, NOT no, Constant no, AND yes, OR no, XOR no, AND-NOT no, OR-NOT no, XOR-NOT no

Best left: AND35 46 57 60 71: 5
Best right: AND04: 1

Truncated left: AND35 46 57 60 71: 5
Truncated right: AND04: 1

Tentative from right
7 AND04
6 pending
5 pending
4 pending
3 pending
2 pending
1 pending
0 pending

Tentative
0 AND35
1 AND46
2 AND57
3 AND60
4 AND71
5 pending
6 pending
7 AND04

Preferred from left
0 AND35
1 AND46
2 AND57
3 AND60
4 AND71
5 ?02
6 ?13
7 AND04

Preferred from right
7 AND04
6 ?13
5 ?02
4 AND71
3 AND60
2 AND57
1 AND46
0 AND35

Preferred
0 AND35
1 AND46
2 AND57
3 AND60
4 AND71
5 ?02 ?20
6 ?13 ?31
7 AND04

Matching
0 AND35
1 AND46
2 AND57
3 AND60
4 AND71
5 ?02 ?20 - Identity absent, NOT absent, Constant C0, AND absent, OR absent, XOR absent, AND-NOT absent, OR-NOT absent, XOR-NOT absent
6 ?13 ?31 - Identity absent, NOT absent, Constant C0, AND absent, OR absent, XOR absent, AND-NOT absent, OR-NOT absent, XOR-NOT absent
7 AND04

Perfect match
Identity no
NOT no
Constant yes
AND no
OR no
XOR no
AND-NOT no
OR-NOT no
XOR-NOT no

Matched
0 AND35
1 AND46
2 AND57
3 AND60
4 AND71
5 C0
6 C0
7 AND04

Selected
0 AND35
1 AND46
2 AND57
3 AND60
4 AND71
5 C0
6 C0
7 AND04

Applying to 10010110
Input
0 1
1 0
2 0
3 1
4 0
5 1
6 1
7 0
Output
0 AND35 = AND(1,1) = 1
1 AND46 = AND(0,1) = 0
2 AND57 = AND(1,0) = 0
3 AND60 = AND(1,1) = 1
4 AND71 = AND(0,0) = 0
5 C0 = 0
6 C0 = 0
7 AND04 = AND(1,0) = 0

I will now return the answer in \boxed{}
The answer in \boxed is
\boxed{10010000}