We need to deduce the transformation by matching the example outputs.
I will put my final answer inside \boxed{}.

Output 0: 00010000
0 0
1 0
2 0
3 1
4 0
5 0
6 0
7 0

Output 1: 10000001
0 1
1 0
2 0
3 0
4 0
5 0
6 0
7 1

Output 2: 00000000
0 0
1 0
2 0
3 0
4 0
5 0
6 0
7 0

Output 3: 11110000
0 1
1 1
2 1
3 1
4 0
5 0
6 0
7 0

Output 4: 11000010
0 1
1 1
2 0
3 0
4 0
5 0
6 1
7 0

Output 5: 00000000
0 0
1 0
2 0
3 0
4 0
5 0
6 0
7 0

Output 6: 00000000
0 0
1 0
2 0
3 0
4 0
5 0
6 0
7 0

Output 7: 01001001
0 0
1 1
2 0
3 0
4 1
5 0
6 0
7 1

Output 8: 00000100
0 0
1 0
2 0
3 0
4 0
5 1
6 0
7 0

Output bit columns (with bitsum as hash)
0 010110000 3
1 000110010 3
2 000100000 1
3 100100000 2
4 000000010 1
5 000000001 1
6 000010000 1
7 010000010 2

Input 0: 01001001
0 0
1 1
2 0
3 0
4 1
5 0
6 0
7 1

Input 1: 00011110
0 0
1 0
2 0
3 1
4 1
5 1
6 1
7 0

Input 2: 10010001
0 1
1 0
2 0
3 1
4 0
5 0
6 0
7 1

Input 3: 11001111
0 1
1 1
2 0
3 0
4 1
5 1
6 1
7 1

Input 4: 00101111
0 0
1 0
2 1
3 0
4 1
5 1
6 1
7 1

Input 5: 00100011
0 0
1 0
2 1
3 0
4 0
5 0
6 1
7 1

Input 6: 00110000
0 0
1 0
2 1
3 1
4 0
5 0
6 0
7 0

Input 7: 10110101
0 1
1 0
2 1
3 1
4 0
5 1
6 0
7 1

Input 8: 01110000
0 0
1 1
2 1
3 1
4 0
5 0
6 0
7 0

When matching output
x: not in operator
y: wrong position

Identity
0 001100010 3
1 100100001 3
2 000011111 5
3 011000111 5
4 110110000 4
5 010110010 4
6 010111000 4
7 101111010 6

Matching output
0 absent
1 absent
2 absent
3 absent
4 absent
5 absent
6 absent
7 absent

Left
none
Best: none

Right
none
Best: none

NOT
0 110011101 6
1 011011110 6
2 111100000 4
3 100111000 4
4 001001111 5
5 101001101 5
6 101000111 5
7 010000101 3

Matching output
0 absent
1 absent
2 absent
3 absent
4 absent
5 absent
6 absent
7 absent

Left
none
Best: none

Right
none
Best: none

Constant
0 000000000 a
1 111111111 a

Matching output
0 absent
1 absent
2 absent
3 absent
4 absent
5 absent
6 absent
7 absent

Left
none
Best: none

Right
none
Best: none

AND
01 10 000100000 1 match 2
12 21 000000001 1 match 5
23 32 000000111 3
34 43 010000000 1
45 54 010110000 3 match 0
56 65 010110000 3 match 0
67 76 000111000 3
70 07 001100010 3

02 20 000000010 1 match 4
13 31 000000001 1 match 5
24 42 000010000 1 match 6
35 53 010000010 2 match 7
46 64 010110000 3 match 0
57 75 000110010 3 match 1
60 06 000100000 1 match 2
71 17 100100000 2 match 3

03 30 001000010 2
14 41 100100000 2 match 3
25 52 000010010 2
36 63 010000000 1
47 74 100110000 3
50 05 000100010 2
61 16 000100000 1 match 2
72 27 000011010 3

04 40 000100000 1 match 2
15 51 000100000 1 match 2
26 62 000011000 2
37 73 001000010 2

Matching output
0 45 54 56 65 46 64
1 57 75
2 01 10 60 06 61 16 04 40 15 51
3 71 17 14 41
4 02 20
5 12 21 13 31
6 24 42
7 35 53

Left
45 56y
54 65y
56 67x
65 76x
46 57 60 71 02 13 24 35
64 75 06 17 20 31 42 53
Best: AND46 57 60 71 02 13 24 35: 8

Right
35 24 13 02 71 60 57 46
53 42 31 20 17 06 75 64
Best: AND35 24 13 02 71 60 57 46: 8

OR
01 10 101100011 5
12 21 100111111 7
23 32 011011111 7
34 43 111110111 8
45 54 110110010 5
56 65 010111010 5
67 76 111111010 7
70 07 101111010 6

02 20 001111111 7
13 31 111100111 7
24 42 110111111 8
35 53 011110111 7
46 64 110111000 5
57 75 111111010 7
60 06 011111010 6
71 17 101111011 7

03 30 011100111 6
14 41 110110001 5
25 52 010111111 7
36 63 011111111 8
47 74 111111010 7
50 05 011110010 5
61 16 110111001 6
72 27 101111111 8

04 40 111110010 6
15 51 110110011 6
26 62 010111111 7
37 73 111111111 a

Matching output
0 absent
1 absent
2 absent
3 absent
4 absent
5 absent
6 absent
7 absent

Left
none
Best: none

Right
none
Best: none

XOR
01 10 101000011 4
12 21 100111110 6
23 32 011011000 4
34 43 101110111 7
45 54 100000010 2
56 65 000001010 2
67 76 111000010 4
70 07 100011000 3

02 20 001111101 6
13 31 111100110 6
24 42 110101111 7
35 53 001110101 5
46 64 100001000 2
57 75 111001000 4
60 06 011011010 5
71 17 001011011 5

03 30 010100101 4
14 41 010010001 3
25 52 010101101 5
36 63 001111111 7
47 74 011001010 4
50 05 011010000 3
61 16 110011001 5
72 27 101100101 5

04 40 111010010 5
15 51 110010011 5
26 62 010100111 5
37 73 110111101 7

Matching output
0 absent
1 absent
2 absent
3 absent
4 absent
5 absent
6 absent
7 absent

Left
none
Best: none

Right
none
Best: none

AND-NOT
01 001000010 2
12 100100000 2 match 3
23 000011000 2
34 001000111 4
45 100000000 1
56 000000010 1 match 4
67 010000000 1
70 100011000 3

02 001100000 2
13 100100000 2 match 3
24 000001111 4
35 001000101 3
46 100000000 1
57 010000000 1
60 010011000 3
71 001011010 4

03 000100000 1 match 2
14 000000001 1 match 5
25 000001101 3
36 001000111 4
47 010000000 1
50 010010000 2
61 010011000 3
72 101100000 3

04 001000010 2
15 100000001 2
26 000000111 3
37 010000101 3
40 110010000 3
51 010010010 3
62 010100000 2
73 100111000 4

05 001000000 1
16 100000001 2
27 000000101 2
30 010000101 3
41 010010000 2
52 010100000 2
63 000111000 3
74 001001010 3

06 001000010 2
17 000000001 1 match 5
20 000011101 4
31 011000110 4
42 110100000 3
53 000110000 2
64 000001000 1
75 101001000 3

07 000000000 a
10 100000001 2
21 000011110 4
32 011000000 2
43 100110000 3
54 000000010 1 match 4
65 000001000 1
76 101000010 3

Matching output
0 absent
1 absent
2 03
3 12 13
4 56 54
5 14 17
6 absent
7 absent

Left
none
Best: none

Right
none
Best: none

OR-NOT
01 011111110 7
12 111100001 5
23 100111111 7
34 011001111 6
45 111111101 8
56 111110111 8
67 010111101 6
70 111111111 a

02 111100010 5
13 100111001 5
24 001011111 6
35 111001111 7
46 111110111 8
57 010110111 6
60 110111101 7
71 111111110 8

03 101111010 6
14 101101111 7
25 101011111 7
36 111000111 6
47 110110101 6
50 110111111 8
61 011111110 7
72 111111010 7

04 001101111 6
15 101101101 6
26 101011111 7
37 011000111 5
40 110111101 7
51 011111110 7
62 111111000 6
73 101111010 6

05 101101111 7
16 101100111 6
27 010011111 6
30 111011111 8
41 111111110 8
52 111110010 6
63 110111000 5
74 101111111 8

06 101100111 6
17 110100101 5
20 110011111 7
31 011011111 7
42 111110000 5
53 110111010 6
64 011111111 8
75 101111111 8

07 011100111 6
10 110111101 7
21 011011111 7
32 111100111 7
43 110111000 5
54 011111111 8
65 111111101 8
76 101111111 8

Matching output
0 absent
1 absent
2 absent
3 absent
4 absent
5 absent
6 absent
7 absent

Left
none
Best: none

Right
none
Best: none

XOR-NOT
01 010111100 5
12 011000001 3
23 100100111 5
34 010001000 2
45 011111101 7
56 111110101 7
67 000111101 5
70 011100111 6

02 110000010 3
13 000011001 3
24 001010000 2
35 110001010 4
46 011110111 7
57 000110111 5
60 100100101 4
71 110100100 4

03 101011010 5
14 101101110 6
25 101010010 4
36 110000000 2
47 100110101 5
50 100101111 6
61 001100110 4
72 010011010 4

04 000101101 4
15 001101100 4
26 101011000 4
37 001000010 2
40 000101101 4
51 001101100 4
62 101011000 4
73 001000010 2

05 100101111 6
16 001100110 4
27 010011010 4
30 101011010 5
41 101101110 6
52 101010010 4
63 110000000 2
74 100110101 5

06 100100101 4
17 110100100 4
20 110000010 3
31 000011001 3
42 001010000 2
53 110001010 4
64 011110111 7
75 000110111 5

07 011100111 6
10 010111100 5
21 011000001 3
32 100100111 5
43 010001000 2
54 011111101 7
65 111110101 7
76 000111101 5

Matching output
0 absent
1 absent
2 absent
3 absent
4 absent
5 absent
6 absent
7 absent

Left
none
Best: none

Right
none
Best: none

Selecting

Lefts
Identity none
NOT none
Constant none
AND AND46 57 60 71 02 13 24 35: 8
OR none
XOR none
AND-NOT none
OR-NOT none
XOR-NOT none

Rights
Identity none
NOT none
Constant none
AND AND35 24 13 02 71 60 57 46: 8
OR none
XOR none
AND-NOT none
OR-NOT none
XOR-NOT none

Left longest: 8
Right longest: 8

Left winner: Identity no, NOT no, Constant no, AND yes, OR no, XOR no, AND-NOT no, OR-NOT no, XOR-NOT no
Right winner: Identity no, NOT no, Constant no, AND yes, OR no, XOR no, AND-NOT no, OR-NOT no, XOR-NOT no

Best left: AND46 57 60 71 02 13 24 35: 8
Best right: AND35 24 13 02 71 60 57 46: 8

Truncated left: AND46 57 60 71 02 13 24 35: 8
Truncated right: none truncated

Tentative from right
7 pending
6 pending
5 pending
4 pending
3 pending
2 pending
1 pending
0 pending

Tentative
0 AND46
1 AND57
2 AND60
3 AND71
4 AND02
5 AND13
6 AND24
7 AND35

Preferred from left
0 AND46
1 AND57
2 AND60
3 AND71
4 AND02
5 AND13
6 AND24
7 AND35

Preferred from right
7 AND35
6 AND24
5 AND13
4 AND02
3 AND71
2 AND60
1 AND57
0 AND46

Preferred
0 AND46
1 AND57
2 AND60
3 AND71
4 AND02
5 AND13
6 AND24
7 AND35

Matching
0 AND46
1 AND57
2 AND60
3 AND71
4 AND02
5 AND13
6 AND24
7 AND35

Perfect match
Identity no
NOT no
Constant no
AND no
OR no
XOR no
AND-NOT no
OR-NOT no
XOR-NOT no

Matched
0 AND46
1 AND57
2 AND60
3 AND71
4 AND02
5 AND13
6 AND24
7 AND35

Selected
0 AND46
1 AND57
2 AND60
3 AND71
4 AND02
5 AND13
6 AND24
7 AND35

Applying to 10011001
Input
0 1
1 0
2 0
3 1
4 1
5 0
6 0
7 1
Output
0 AND46 = AND(1,0) = 0
1 AND57 = AND(0,1) = 0
2 AND60 = AND(0,1) = 0
3 AND71 = AND(1,0) = 0
4 AND02 = AND(1,0) = 0
5 AND13 = AND(0,1) = 0
6 AND24 = AND(0,1) = 0
7 AND35 = AND(1,0) = 0

I will now return the answer in \boxed{}
The answer in \boxed is
\boxed{00000000}