We need to deduce the transformation by matching the example outputs.
I will put my final answer inside \boxed{}.

Output 0: 01000101
0 0
1 1
2 0
3 0
4 0
5 1
6 0
7 1

Output 1: 01100100
0 0
1 1
2 1
3 0
4 0
5 1
6 0
7 0

Output 2: 10111000
0 1
1 0
2 1
3 1
4 1
5 0
6 0
7 0

Output 3: 00000111
0 0
1 0
2 0
3 0
4 0
5 1
6 1
7 1

Output 4: 11001100
0 1
1 1
2 0
3 0
4 1
5 1
6 0
7 0

Output 5: 11001110
0 1
1 1
2 0
3 0
4 1
5 1
6 1
7 0

Output 6: 01010011
0 0
1 1
2 0
3 1
4 0
5 0
6 1
7 1

Output bit columns (with bitsum as hash)
0 0010110 3
1 1100111 5
2 0110000 2
3 0010001 2
4 0010110 3
5 1101110 5
6 0001011 3
7 1001001 3

Input 0: 00101010
0 0
1 0
2 1
3 0
4 1
5 0
6 1
7 0

Input 1: 01011001
0 0
1 1
2 0
3 1
4 1
5 0
6 0
7 1

Input 2: 01100001
0 0
1 1
2 1
3 0
4 0
5 0
6 0
7 1

Input 3: 11101110
0 1
1 1
2 1
3 0
4 1
5 1
6 1
7 0

Input 4: 00011000
0 0
1 0
2 0
3 1
4 1
5 0
6 0
7 0

Input 5: 01001101
0 0
1 1
2 0
3 0
4 1
5 1
6 0
7 1

Input 6: 11010111
0 1
1 1
2 0
3 1
4 0
5 1
6 1
7 1

When matching output
x: not in operator
y: wrong position

Identity
0 0001001 2
1 0111011 5
2 1011000 3
3 0100101 3
4 1101110 5 match 5
5 0001011 3 match 6
6 1001001 3 match 7
7 0110011 4

Matching output
0 absent
1 absent
2 absent
3 absent
4 absent
5 4
6 5
7 6

Left
none
Best: none

Right
6 5 4 3x
Best: I6 5 4: 3

NOT
0 1110110 5
1 1000100 2
2 0100111 4
3 1011010 4
4 0010001 2 match 3
5 1110100 4
6 0110110 4
7 1001100 3

Matching output
0 absent
1 absent
2 absent
3 4
4 absent
5 absent
6 absent
7 absent

Left
none
Best: none

Right
none
Best: none

Constant
0 0000000 a
1 1111111 a

Matching output
0 absent
1 absent
2 absent
3 absent
4 absent
5 absent
6 absent
7 absent

Left
none
Best: none

Right
none
Best: none

AND
01 10 0001001 2
12 21 0011000 2
23 32 0000000 a
34 43 0100100 2
45 54 0001010 2
56 65 0001001 2
67 76 0000001 1
70 07 0000001 1

02 20 0001000 1
13 31 0100001 2
24 42 1001000 2
35 53 0000001 1
46 64 1001000 2
57 75 0000011 2
60 06 0001001 2
71 17 0110011 4

03 30 0000001 1
14 41 0101010 3
25 52 0001000 1
36 63 0000001 1
47 74 0100010 2
50 05 0001001 2
61 16 0001001 2
72 27 0010000 1

04 40 0001000 1
15 51 0001011 3 match 6
26 62 1001000 2
37 73 0100001 2

Matching output
0 absent
1 absent
2 absent
3 absent
4 absent
5 absent
6 15 51
7 absent

Left
none
Best: none

Right
none
Best: none

OR
01 10 0111011 5
12 21 1111011 6
23 32 1111101 6
34 43 1101111 6
45 54 1101111 6
56 65 1001011 4
67 76 1111011 6
70 07 0111011 5

02 20 1011001 4
13 31 0111111 6
24 42 1111110 6
35 53 0101111 5
46 64 1101111 6
57 75 0111011 5
60 06 1001001 3 match 7
71 17 0111011 5

03 30 0101101 4
14 41 1111111 a
25 52 1011011 5
36 63 1101101 5
47 74 1111111 a
50 05 0001011 3 match 6
61 16 1111011 6
72 27 1111011 6

04 40 1101111 6
15 51 0111011 5
26 62 1011001 4
37 73 0110111 5

Matching output
0 absent
1 absent
2 absent
3 absent
4 absent
5 absent
6 50 05
7 60 06

Left
none
Best: none

Right
60 57x
06 75x
Best: OR60: 1

XOR
01 10 0110010 3
12 21 1100011 4
23 32 1111101 6
34 43 1001011 4
45 54 1100101 4
56 65 1000010 2
67 76 1111010 5
70 07 0111010 4

02 20 1010001 3
13 31 0011110 4
24 42 0110110 4
35 53 0101110 4
46 64 0100111 4
57 75 0111000 3
60 06 1000000 1
71 17 0001000 1

03 30 0101100 3
14 41 1010101 4
25 52 1010011 4
36 63 1101100 4
47 74 1011101 5
50 05 0000010 1
61 16 1110010 4
72 27 1101011 5

04 40 1100111 5 match 1
15 51 0110000 2 match 2
26 62 0010001 2 match 3
37 73 0010110 3 match 0 4

Matching output
0 37 73
1 04 40
2 15 51
3 26 62
4 37 73
5 absent
6 absent
7 absent

Left
37 40 51 62 73 04y
73 04 15 26 37 40y
Best: XOR37 40 51 62 73: 5

Right
none
Best: none

AND-NOT
01 0000000 a
12 0100011 3
23 1011000 3
34 0000001 1
45 1100100 3
56 0000010 1
67 1001000 2
70 0110010 3

02 0000001 1
13 0011010 3
24 0010000 1
35 0100100 2
46 0100110 3
57 0001000 1
60 1000000 1
71 0000000 a

03 0001000 1
14 0010001 2 match 3
25 1010000 2
36 0100100 2
47 1001100 3
50 0000010 1
61 1000000 1
72 0100011 3

04 0000001 1
15 0110000 2 match 2
26 0010000 1
37 0000100 1
40 1100110 4
51 0000000 a
62 0000001 1
73 0010010 2

05 0000000 a
16 0110010 3
27 1001000 2
30 0100100 2
41 1000100 2
52 0000011 2
63 1001000 2
74 0010001 2 match 3

06 0000000 a
17 0001000 1
20 1010000 2
31 0000100 1
42 0100110 3
53 0001010 2
64 0000001 1
75 0110000 2 match 2

07 0001000 1
10 0110010 3
21 1000000 1
32 0100101 3
43 1001010 3
54 0000001 1
65 1000000 1
76 0110010 3

Matching output
0 absent
1 absent
2 15 75
3 14 74
4 absent
5 absent
6 absent
7 absent

Left
none
Best: none

Right
none
Best: none

OR-NOT
01 1001101 4
12 0111111 6
23 1011010 4
34 0110101 4
45 1111110 6
56 0111111 6
67 1001101 4
70 1110111 6

02 0101111 5
13 1111011 6
24 1011001 4
35 1110101 5
46 1111110 6
57 1001111 5
60 1111111 a
71 1110111 6

03 1011011 5
14 0111011 5
25 1111100 5
36 0110111 5
47 1101110 5 match 5
50 1111111 a
61 1001101 4
72 0110111 5

04 0011001 3
15 1111111 a
26 1111110 6
37 1101101 5
40 1111110 6
51 1001111 5
62 1101111 6
73 1111011 6

05 1111101 6
16 0111111 6
27 1011100 4
30 1110111 6
41 1101110 5 match 5
52 0101111 5
63 1011011 5
74 0110011 4

06 0111111 6
17 1111111 a
20 1111110 6
31 1100101 4
42 1101111 6
53 1011011 5
64 1011001 4
75 1110111 6

07 1001101 4
10 1111111 a
21 1011100 4
32 0100111 4
43 1111110 6
54 0011011 4
65 1111101 6
76 0110111 5

Matching output
0 absent
1 absent
2 absent
3 absent
4 absent
5 47 41
6 absent
7 absent

Left
none
Best: none

Right
none
Best: none

XOR-NOT
01 1001101 4
12 0011100 3
23 0000010 1
34 0110100 3
45 0011010 3
56 0111101 5
67 0000101 2
70 1000101 3

02 0101110 4
13 1100001 3
24 1001001 3 match 7
35 1010001 3
46 1011000 3
57 1000111 4
60 0111111 6
71 1110111 6

03 1010011 4
14 0101010 3
25 0101100 3
36 0010011 3
47 0100010 2
50 1111101 6
61 0001101 3
72 0010100 2

04 0011000 2
15 1001111 5
26 1101110 5 match 5
37 1101001 4
40 0011000 2
51 1001111 5
62 1101110 5 match 5
73 1101001 4

05 1111101 6
16 0001101 3
27 0010100 2
30 1010011 4
41 0101010 3
52 0101100 3
63 0010011 3
74 0100010 2

06 0111111 6
17 1110111 6
20 0101110 4
31 1100001 3
42 1001001 3 match 7
53 1010001 3
64 1011000 3
75 1000111 4

07 1000101 3
10 1001101 4
21 0011100 3
32 0000010 1
43 0110100 3
54 0011010 3
65 0111101 5
76 0000101 2

Matching output
0 absent
1 absent
2 absent
3 absent
4 absent
5 26 62
6 absent
7 24 42

Left
none
Best: none

Right
24 13x
42 31x
Best: XOR-NOT24: 1

Selecting

Lefts
Identity none
NOT none
Constant none
AND none
OR none
XOR XOR37 40 51 62 73: 5
AND-NOT none
OR-NOT none
XOR-NOT none

Rights
Identity I6 5 4: 3
NOT none
Constant none
AND none
OR OR60: 1
XOR none
AND-NOT none
OR-NOT none
XOR-NOT XOR-NOT24: 1

Left longest: 5
Right longest: 3

Left winner: Identity no, NOT no, Constant no, AND no, OR no, XOR yes, AND-NOT no, OR-NOT no, XOR-NOT no
Right winner: Identity yes, NOT no, Constant no, AND no, OR no, XOR no, AND-NOT no, OR-NOT no, XOR-NOT no

Best left: XOR37 40 51 62 73: 5
Best right: I6 5 4: 3

Truncated left: XOR37 40 51 62 73: 5
Truncated right: I6 5 4: 3

Tentative from right
7 I6
6 I5
5 I4
4 pending
3 pending
2 pending
1 pending
0 pending

Tentative
0 XOR37
1 XOR40
2 XOR51
3 XOR62
4 XOR73
5 I4
6 I5
7 I6

Preferred from left
0 XOR37
1 XOR40
2 XOR51
3 XOR62
4 XOR73
5 I4
6 I5
7 I6

Preferred from right
7 I6
6 I5
5 I4
4 XOR73
3 XOR62
2 XOR51
1 XOR40
0 XOR37

Preferred
0 XOR37
1 XOR40
2 XOR51
3 XOR62
4 XOR73
5 I4
6 I5
7 I6

Matching
0 XOR37
1 XOR40
2 XOR51
3 XOR62
4 XOR73
5 I4
6 I5
7 I6

Perfect match
Identity no
NOT no
Constant no
AND no
OR no
XOR no
AND-NOT no
OR-NOT no
XOR-NOT no

Matched
0 XOR37
1 XOR40
2 XOR51
3 XOR62
4 XOR73
5 I4
6 I5
7 I6

Selected
0 XOR37
1 XOR40
2 XOR51
3 XOR62
4 XOR73
5 I4
6 I5
7 I6

Applying to 11001000
Input
0 1
1 1
2 0
3 0
4 1
5 0
6 0
7 0
Output
0 XOR37 = XOR(0,0) = 0
1 XOR40 = XOR(1,1) = 0
2 XOR51 = XOR(0,1) = 1
3 XOR62 = XOR(0,0) = 0
4 XOR73 = XOR(0,0) = 0
5 I4 = 1
6 I5 = 0
7 I6 = 0

I will now return the answer in \boxed{}
The answer in \boxed is
\boxed{00100100}