We need to deduce the transformation by matching the example outputs.
I will put my final answer inside \boxed{}.

Output 0: 00000000
0 0
1 0
2 0
3 0
4 0
5 0
6 0
7 0

Output 1: 00000001
0 0
1 0
2 0
3 0
4 0
5 0
6 0
7 1

Output 2: 00000001
0 0
1 0
2 0
3 0
4 0
5 0
6 0
7 1

Output 3: 00000000
0 0
1 0
2 0
3 0
4 0
5 0
6 0
7 0

Output 4: 00000001
0 0
1 0
2 0
3 0
4 0
5 0
6 0
7 1

Output 5: 00000000
0 0
1 0
2 0
3 0
4 0
5 0
6 0
7 0

Output 6: 00000001
0 0
1 0
2 0
3 0
4 0
5 0
6 0
7 1

Output 7: 00000000
0 0
1 0
2 0
3 0
4 0
5 0
6 0
7 0

Output 8: 00000001
0 0
1 0
2 0
3 0
4 0
5 0
6 0
7 1

Output 9: 00000001
0 0
1 0
2 0
3 0
4 0
5 0
6 0
7 1

Output bit columns (with bitsum as hash)
0 0000000000 a
1 0000000000 a
2 0000000000 a
3 0000000000 a
4 0000000000 a
5 0000000000 a
6 0000000000 a
7 0110101011 6

Input 0: 00111000
0 0
1 0
2 1
3 1
4 1
5 0
6 0
7 0

Input 1: 11111111
0 1
1 1
2 1
3 1
4 1
5 1
6 1
7 1

Input 2: 10010110
0 1
1 0
2 0
3 1
4 0
5 1
6 1
7 0

Input 3: 01101010
0 0
1 1
2 1
3 0
4 1
5 0
6 1
7 0

Input 4: 11001101
0 1
1 1
2 0
3 0
4 1
5 1
6 0
7 1

Input 5: 00110101
0 0
1 0
2 1
3 1
4 0
5 1
6 0
7 1

Input 6: 10111001
0 1
1 0
2 1
3 1
4 1
5 0
6 0
7 1

Input 7: 01010011
0 0
1 1
2 0
3 1
4 0
5 0
6 1
7 1

Input 8: 10100011
0 1
1 0
2 1
3 0
4 0
5 0
6 1
7 1

Input 9: 11111010
0 1
1 1
2 1
3 1
4 1
5 0
6 1
7 0

When matching output
x: not in operator
y: wrong position

Identity
0 0110101011 6 match 7
1 0101100101 5
2 1101011011 7
3 1110011101 7
4 1101101001 6
5 0110110000 4
6 0111000111 6
7 0100111110 6

Matching output
0 absent
1 absent
2 absent
3 absent
4 absent
5 absent
6 absent
7 0

Left
none
Best: none

Right
0 7x
Best: I0: 1

NOT
0 1001010100 4
1 1010011010 5
2 0010100100 3
3 0001100010 3
4 0010010110 4
5 1001001111 6
6 1000111000 4
7 1011000001 4

Matching output
0 absent
1 absent
2 absent
3 absent
4 absent
5 absent
6 absent
7 absent

Left
none
Best: none

Right
none
Best: none

Constant
0 0000000000 a match 0 1 2 3 4 5 6
1 1111111111 a

Matching output
0 C0
1 C0
2 C0
3 C0
4 C0
5 C0
6 C0
7 absent

Left
0 0 0 0 0 0 0
Best: C0 0 0 0 0 0 0: 7

Right
none
Best: none

AND
01 10 0100100001 3
12 21 0101000001 3
23 32 1100011001 5
34 43 1100001001 4
45 54 0100100000 2
56 65 0110000000 2
67 76 0100000110 3
70 07 0100101010 4

02 20 0100001011 4
13 31 0100000101 3
24 42 1101001001 5
35 53 0110010000 3
46 64 0101000001 3
57 75 0100110000 3
60 06 0110000011 4
71 17 0100100100 3

03 30 0110001001 4
14 41 0101100001 4
25 52 0100010000 2
36 63 0110000101 4
47 74 0100101000 3
50 05 0110100000 3
61 16 0101000101 4
72 27 0100011010 4

04 40 0100101001 4
15 51 0100100000 2
26 62 0101000011 4
37 73 0100011100 4

Matching output
0 absent
1 absent
2 absent
3 absent
4 absent
5 absent
6 absent
7 absent

Left
none
Best: none

Right
none
Best: none

OR
01 10 0111101111 8
12 21 1101111111 9
23 32 1111011111 9
34 43 1111111101 9
45 54 1111111001 8
56 65 0111110111 8
67 76 0111111111 9
70 07 0110111111 8

02 20 1111111011 9
13 31 1111111101 9
24 42 1101111011 8
35 53 1110111101 8
46 64 1111101111 9
57 75 0110111110 7
60 06 0111101111 8
71 17 0101111111 8

03 30 1110111111 9
14 41 1101101101 7
25 52 1111111011 9
36 63 1111011111 9
47 74 1101111111 9
50 05 0110111011 7
61 16 0111100111 7
72 27 1101111111 9

04 40 1111101011 8
15 51 0111110101 7
26 62 1111011111 9
37 73 1110111111 9

Matching output
0 absent
1 absent
2 absent
3 absent
4 absent
5 absent
6 absent
7 absent

Left
none
Best: none

Right
none
Best: none

XOR
01 10 0011001110 5
12 21 1000111110 6
23 32 0011000110 4
34 43 0011110100 5
45 54 1011011001 6
56 65 0001110111 6
67 76 0011111001 6
70 07 0010010101 4

02 20 1011110000 5
13 31 1011111000 6
24 42 0000110010 3
35 53 1000101101 5
46 64 1010101110 6
57 75 0010001110 4
60 06 0001101100 4
71 17 0001011011 5

03 30 1000110110 5
14 41 1000001100 3
25 52 1011101011 7
36 63 1001011010 5
47 74 1001010111 6
50 05 0000011011 4
61 16 0010100010 3
72 27 1001100101 5

04 40 1011000010 4
15 51 0011010101 5
26 62 1010011100 5
37 73 1010100011 5

Matching output
0 absent
1 absent
2 absent
3 absent
4 absent
5 absent
6 absent
7 absent

Left
none
Best: none

Right
none
Best: none

AND-NOT
01 0010001010 3
12 0000100100 2
23 0001000010 2
34 0010010100 3
45 1001001001 4
56 0000110000 2
67 0011000001 3
70 0000010100 2

02 0010100000 2
13 0001100000 2
24 0000010010 2
35 1000001101 4
46 1000101000 3
57 0010000000 1
60 0001000100 2
71 0000011010 3

03 0000100010 2
14 0000000100 1
25 1001001011 5
36 1000011000 3
47 1001000001 3
50 0000010000 1
61 0010000010 2
72 0000100100 2

04 0010000010 2
15 0001000101 3
26 1000011000 3
37 1010000001 3
40 1001000000 2
51 0010010000 2
62 0010000100 2
73 0000100010 2

05 0000001011 3
16 0000100000 1
27 1001000001 3
30 1000010100 3
41 1000001000 2
52 0010100000 2
63 0001000010 2
74 0000010110 3

06 0000101000 2
17 0001000001 2
20 1001010000 3
31 1010011000 4
42 0000100000 1
53 0000100000 1
64 0010000110 3
75 0000001110 3

07 0010000001 2
10 0001000100 2
21 1000011010 4
32 0010000100 2
43 0001100000 2
54 0010010000 2
65 0001000111 4
76 0000111000 3

Matching output
0 absent
1 absent
2 absent
3 absent
4 absent
5 absent
6 absent
7 absent

Left
none
Best: none

Right
none
Best: none

OR-NOT
01 1110111011 8
12 0111100101 6
23 1101111011 8
34 1110011111 8
45 1101101111 8
56 1110111000 6
67 1111000111 7
70 1101111110 8

02 0110101111 7
13 0101100111 6
24 1111011111 9
35 1111011111 9
46 1101111001 7
57 1111110001 7
60 1111010111 8
71 1110111110 8

03 0111101011 7
14 0111110111 8
25 1101011111 8
36 1110111101 8
47 1111101001 7
50 1111110100 7
61 1111011111 9
72 0110111110 7

04 0110111111 8
15 1101101111 8
26 1101111011 8
37 1111011101 8
40 1101111101 8
51 1110111010 7
62 0111100111 7
73 0101111110 7

05 1111101111 9
16 1101111101 8
27 1111011011 8
30 1111011101 8
41 1111111011 9
52 0110110100 5
63 0111100111 7
74 0110111110 7

06 1110111011 8
17 1111100101 7
20 1101011111 8
31 1110011111 8
42 1111101101 8
53 0111110010 6
64 0111010111 7
75 1101111111 9

07 1111101011 8
10 1101110101 7
21 1111011011 8
32 1110111101 8
43 1101101011 7
54 0110110110 6
65 1111001111 8
76 1100111110 7

Matching output
0 absent
1 absent
2 absent
3 absent
4 absent
5 absent
6 absent
7 absent

Left
none
Best: none

Right
none
Best: none

XOR-NOT
01 1100110001 5
12 0111000001 4
23 1100111001 6
34 1100001011 5
45 0100100110 4
56 1110001000 4
67 1100000110 4
70 1101101010 6

02 0100001111 5
13 0100000111 4
24 1111001101 7
35 0111010010 5
46 0101010001 4
57 1101110001 6
60 1110010011 6
71 1110100100 5

03 0111001001 5
14 0111110011 7
25 0100010100 3
36 0110100101 5
47 0110101000 4
50 1111100100 6
61 1101011101 7
72 0110011010 5

04 0100111101 6
15 1100101010 5
26 0101100011 5
37 0101011100 5
40 0100111101 6
51 1100101010 5
62 0101100011 5
73 0101011100 5

05 1111100100 6
16 1101011101 7
27 0110011010 5
30 0111001001 5
41 0111110011 7
52 0100010100 3
63 0110100101 5
74 0110101000 4

06 1110010011 6
17 1110100100 5
20 0100001111 5
31 0100000111 4
42 1111001101 7
53 0111010010 5
64 0101010001 4
75 1101110001 6

07 1101101010 6
10 1100110001 5
21 0111000001 4
32 1100111001 6
43 1100001011 5
54 0100100110 4
65 1110001000 4
76 1100000110 4

Matching output
0 absent
1 absent
2 absent
3 absent
4 absent
5 absent
6 absent
7 absent

Left
none
Best: none

Right
none
Best: none

Selecting

Lefts
Identity none
NOT none
Constant C0 0 0 0 0 0 0: 7
AND none
OR none
XOR none
AND-NOT none
OR-NOT none
XOR-NOT none

Rights
Identity I0: 1
NOT none
Constant none
AND none
OR none
XOR none
AND-NOT none
OR-NOT none
XOR-NOT none

Left longest: 7
Right longest: 1

Left winner: Identity no, NOT no, Constant yes, AND no, OR no, XOR no, AND-NOT no, OR-NOT no, XOR-NOT no
Right winner: Identity yes, NOT no, Constant no, AND no, OR no, XOR no, AND-NOT no, OR-NOT no, XOR-NOT no

Best left: C0 0 0 0 0 0 0: 7
Best right: I0: 1

Truncated left: C0 0 0 0 0 0 0: 7
Truncated right: I0: 1

Tentative from right
7 I0
6 pending
5 pending
4 pending
3 pending
2 pending
1 pending
0 pending

Tentative
0 C0
1 C0
2 C0
3 C0
4 C0
5 C0
6 C0
7 I0

Preferred from left
0 C0
1 C0
2 C0
3 C0
4 C0
5 C0
6 C0
7 I0

Preferred from right
7 I0
6 C0
5 C0
4 C0
3 C0
2 C0
1 C0
0 C0

Preferred
0 C0
1 C0
2 C0
3 C0
4 C0
5 C0
6 C0
7 I0

Matching
0 C0
1 C0
2 C0
3 C0
4 C0
5 C0
6 C0
7 I0

Perfect match
Identity no
NOT no
Constant no
AND no
OR no
XOR no
AND-NOT no
OR-NOT no
XOR-NOT no

Matched
0 C0
1 C0
2 C0
3 C0
4 C0
5 C0
6 C0
7 I0

Selected
0 C0
1 C0
2 C0
3 C0
4 C0
5 C0
6 C0
7 I0

Applying to 00010011
Input
0 0
1 0
2 0
3 1
4 0
5 0
6 1
7 1
Output
0 C0 = 0
1 C0 = 0
2 C0 = 0
3 C0 = 0
4 C0 = 0
5 C0 = 0
6 C0 = 0
7 I0 = 0

I will now return the answer in \boxed{}
The answer in \boxed is
\boxed{00000000}