We need to deduce the transformation by matching the example outputs.
I will put my final answer inside \boxed{}.

Output 0: 10010000
0 1
1 0
2 0
3 1
4 0
5 0
6 0
7 0

Output 1: 00111101
0 0
1 0
2 1
3 1
4 1
5 1
6 0
7 1

Output 2: 01100011
0 0
1 1
2 1
3 0
4 0
5 0
6 1
7 1

Output 3: 00111000
0 0
1 0
2 1
3 1
4 1
5 0
6 0
7 0

Output 4: 01101110
0 0
1 1
2 1
3 0
4 1
5 1
6 1
7 0

Output 5: 11001011
0 1
1 1
2 0
3 0
4 1
5 0
6 1
7 1

Output 6: 11000000
0 1
1 1
2 0
3 0
4 0
5 0
6 0
7 0

Output 7: 11110010
0 1
1 1
2 1
3 1
4 0
5 0
6 1
7 0

Output 8: 00000110
0 0
1 0
2 0
3 0
4 0
5 1
6 1
7 0

Output 9: 01100010
0 0
1 1
2 1
3 0
4 0
5 0
6 1
7 0

Output bit columns (with bitsum as hash)
0 1000011100 4
1 0010111101 6
2 0111100101 6
3 1101000100 4
4 0101110000 4
5 0100100010 3
6 0010110111 6
7 0110010000 3

Input 0: 10100001
0 1
1 0
2 1
3 0
4 0
5 0
6 0
7 1

Input 1: 11111011
0 1
1 1
2 1
3 1
4 1
5 0
6 1
7 1

Input 2: 01000111
0 0
1 1
2 0
3 0
4 0
5 1
6 1
7 1

Input 3: 01110000
0 0
1 1
2 1
3 1
4 0
5 0
6 0
7 0

Input 4: 11011100
0 1
1 1
2 0
3 1
4 1
5 1
6 0
7 0

Input 5: 10010110
0 1
1 0
2 0
3 1
4 0
5 1
6 1
7 0

Input 6: 00000001
0 0
1 0
2 0
3 0
4 0
5 0
6 0
7 1

Input 7: 01100101
0 0
1 1
2 1
3 0
4 0
5 1
6 0
7 1

Input 8: 00001100
0 0
1 0
2 0
3 0
4 1
5 1
6 0
7 0

Input 9: 11000100
0 1
1 1
2 0
3 0
4 0
5 1
6 0
7 0

When matching output
x: not in operator
y: wrong position

Identity
0 1100110001 5
1 0111100101 6 match 2
2 1101000100 4 match 3
3 0101110000 4 match 4
4 0100100010 3 match 5
5 0010110111 6 match 6
6 0110010000 3 match 7
7 1110001100 5

Matching output
0 absent
1 absent
2 1
3 2
4 3
5 4
6 5
7 6

Left
none
Best: none

Right
6 5 4 3 2 1 0x
Best: I6 5 4 3 2 1: 6

NOT
0 0011001110 5
1 1000011010 4
2 0010111011 6
3 1010001111 6
4 1011011101 7
5 1101001000 4
6 1001101111 7
7 0001110011 5

Matching output
0 absent
1 absent
2 absent
3 absent
4 absent
5 absent
6 absent
7 absent

Left
none
Best: none

Right
none
Best: none

Constant
0 0000000000 a
1 1111111111 a

Matching output
0 absent
1 absent
2 absent
3 absent
4 absent
5 absent
6 absent
7 absent

Left
none
Best: none

Right
none
Best: none

AND
01 10 0100100001 3
12 21 0101000100 3
23 32 0101000000 2
34 43 0100100000 2
45 54 0000100010 2
56 65 0010010000 2
67 76 0110000000 2
70 07 1100000000 2

02 20 1100000000 2
13 31 0101100000 3
24 42 0100000000 1
35 53 0000110000 2
46 64 0100000000 1
57 75 0010000100 2
60 06 0100010000 2
71 17 0110000100 3

03 30 0100110000 3
14 41 0100100000 2
25 52 0000000100 1
36 63 0100010000 2
47 74 0100000000 1
50 05 0000110001 3
61 16 0110000000 2
72 27 1100000100 3

04 40 0100100000 2
15 51 0010100101 4
26 62 0100000000 1
37 73 0100000000 1

Matching output
0 absent
1 absent
2 absent
3 absent
4 absent
5 absent
6 absent
7 absent

Left
none
Best: none

Right
none
Best: none

OR
01 10 1111110101 8
12 21 1111100101 7
23 32 1101110100 6
34 43 0101110010 5
45 54 0110110111 7
56 65 0110110111 7
67 76 1110011100 6
70 07 1110111101 8

02 20 1101110101 7
13 31 0111110101 7
24 42 1101100110 6
35 53 0111110111 8
46 64 0110110010 5
57 75 1110111111 9
60 06 1110110001 6
71 17 1111101101 8

03 30 1101110001 6
14 41 0111100111 7
25 52 1111110111 9
36 63 0111110000 5
47 74 1110101110 7
50 05 1110110111 8
61 16 0111110101 7
72 27 1111001100 6

04 40 1100110011 6
15 51 0111110111 8
26 62 1111010100 6
37 73 1111111100 8

Matching output
0 absent
1 absent
2 absent
3 absent
4 absent
5 absent
6 absent
7 absent

Left
none
Best: none

Right
none
Best: none

XOR
01 10 1011010100 5
12 21 1010100001 4
23 32 1000110100 4
34 43 0001010010 3
45 54 0110010101 5
56 65 0100100111 5
67 76 1000011100 4 match 0
70 07 0010111101 6 match 1

02 20 0001110101 5
13 31 0010010101 4
24 42 1001100110 5
35 53 0111000111 6
46 64 0010110010 4
57 75 1100111011 7
60 06 1010100001 4
71 17 1001101001 5

03 30 1001000001 3
14 41 0011000111 5
25 52 1111110011 8
36 63 0011100000 3
47 74 1010101110 6
50 05 1110000110 5
61 16 0001110101 5
72 27 0011001000 3

04 40 1000010011 4
15 51 0101010010 4
26 62 1011010100 5
37 73 1011111100 7

Matching output
0 67 76
1 70 07
2 absent
3 absent
4 absent
5 absent
6 absent
7 absent

Left
67 70 01x
76 07 10x
Best: XOR67 70: 2

Right
none
Best: none

AND-NOT
01 1000010000 2
12 0010100001 3
23 1000000100 2
34 0001010000 2
45 0100000000 1
56 0000100111 4
67 0000010000 1
70 0010001100 3

02 0000110001 3
13 0010000101 3
24 1001000100 3
35 0101000000 2
46 0000100010 2
57 0000110011 4
60 0010000000 1
71 1000001000 2

03 1000000001 2
14 0011000101 4
25 1101000000 3
36 0001100000 2
47 0000100010 2
50 0010000110 3
61 0000010000 1
72 0010001000 2

04 1000010001 3
15 0101000000 2
26 1001000100 3
37 0001110000 3
40 0000000010 1
51 0000010010 2
62 0010010000 2
73 1010001100 4

05 1100000000 2
16 0001100101 4
27 0001000000 1
30 0001000000 1
41 0000000010 1
52 0010110011 5
63 0010000000 1
74 1010001100 4

06 1000100001 3
17 0001100001 3
20 0001000100 2
31 0000010000 1
42 0000100010 2
53 0010000111 4
64 0010010000 2
75 1100001000 3

07 0000110001 3
10 0011000100 3
21 1000000000 1
32 0000110000 2
43 0000000010 1
54 0010010101 4
65 0100000000 1
76 1000001100 3

Matching output
0 absent
1 absent
2 absent
3 absent
4 absent
5 absent
6 absent
7 absent

Left
none
Best: none

Right
none
Best: none

OR-NOT
01 1100111011 7
12 0111111111 9
23 1111001111 8
34 1111111101 9
45 1101101010 6
56 1011111111 9
67 0111110011 7
70 1111001110 7

02 1110111011 8
13 1111101111 9
24 1111011101 8
35 1101111000 6
46 1101101111 8
57 0011110111 7
60 0111011110 7
71 1110011110 7

03 1110111111 9
14 1111111101 9
25 1101001100 5
36 1101111111 9
47 0101110011 6
50 0011111111 8
61 1110011010 6
72 1110111111 9

04 1111111101 9
15 1111101101 8
26 1101101111 8
37 0101110011 6
40 0111101110 7
51 1010111111 8
62 0110111011 7
73 1110001111 7

05 1101111001 7
16 1111101111 9
27 1101110111 8
30 0111111110 8
41 1100111010 6
52 0010111111 7
63 1110011111 8
74 1111011101 8

06 1101111111 9
17 0111110111 8
20 1111001110 7
31 1101111010 7
42 0110111011 7
53 1010111111 8
64 1111011101 8
75 1111001100 6

07 1101110011 7
10 0111101111 8
21 1101011110 7
32 0111111011 8
43 1110101111 8
54 1011111111 9
65 1111011000 6
76 1111101111 9

Matching output
0 absent
1 absent
2 absent
3 absent
4 absent
5 absent
6 absent
7 absent

Left
none
Best: none

Right
none
Best: none

XOR-NOT
01 0100101011 5
12 0101011110 6
23 0111001011 6
34 1110101101 7
45 1001101010 5
56 1011011000 5
67 0111100011 6
70 1101000010 4

02 1110001010 5
13 1101101010 6
24 0110011001 5
35 1000111000 4
46 1101001101 6
57 0011000100 3
60 0101011110 6
71 0110010110 5

03 0110111110 7
14 1100111000 5
25 0000001100 2
36 1100011111 7
47 0101010001 4
50 0001111001 5
61 1110001010 5
72 1100110111 7

04 0111101100 6
15 1010101101 6
26 0100101011 5
37 0100000011 3
40 0111101100 6
51 1010101101 6
62 0100101011 5
73 0100000011 3

05 0001111001 5
16 1110001010 5
27 1100110111 7
30 0110111110 7
41 1100111000 5
52 0000001100 2
63 1100011111 7
74 0101010001 4

06 0101011110 6
17 0110010110 5
20 1110001010 5
31 1101101010 6
42 0110011001 5
53 1000111000 4
64 1101001101 6
75 0011000100 3

07 1101000010 4
10 0100101011 5
21 0101011110 6
32 0111001011 6
43 1110101101 7
54 1001101010 5
65 1011011000 5
76 0111100011 6

Matching output
0 absent
1 absent
2 absent
3 absent
4 absent
5 absent
6 absent
7 absent

Left
none
Best: none

Right
none
Best: none

Selecting

Lefts
Identity none
NOT none
Constant none
AND none
OR none
XOR XOR67 70: 2
AND-NOT none
OR-NOT none
XOR-NOT none

Rights
Identity I6 5 4 3 2 1: 6
NOT none
Constant none
AND none
OR none
XOR none
AND-NOT none
OR-NOT none
XOR-NOT none

Left longest: 2
Right longest: 6

Right winner: Identity yes, NOT no, Constant no, AND no, OR no, XOR no, AND-NOT no, OR-NOT no, XOR-NOT no
Left winner: Identity no, NOT no, Constant no, AND no, OR no, XOR yes, AND-NOT no, OR-NOT no, XOR-NOT no

Best right: I6 5 4 3 2 1: 6
Best left: XOR67 70: 2

Truncated right: I6 5 4 3 2 1: 6
Truncated left: XOR67 70: 2

Tentative from right
7 I6
6 I5
5 I4
4 I3
3 I2
2 I1
1 pending
0 pending

Tentative
0 XOR67
1 XOR70
2 I1
3 I2
4 I3
5 I4
6 I5
7 I6

Preferred from right
7 I6
6 I5
5 I4
4 I3
3 I2
2 I1
1 XOR70
0 XOR67

Preferred from left
0 XOR67
1 XOR70
2 I1
3 I2
4 I3
5 I4
6 I5
7 I6

Preferred
0 XOR67
1 XOR70
2 I1
3 I2
4 I3
5 I4
6 I5
7 I6

Matching
0 XOR67
1 XOR70
2 I1
3 I2
4 I3
5 I4
6 I5
7 I6

Perfect match
Identity no
NOT no
Constant no
AND no
OR no
XOR no
AND-NOT no
OR-NOT no
XOR-NOT no

Matched
0 XOR67
1 XOR70
2 I1
3 I2
4 I3
5 I4
6 I5
7 I6

Selected
0 XOR67
1 XOR70
2 I1
3 I2
4 I3
5 I4
6 I5
7 I6

Applying to 10100100
Input
0 1
1 0
2 1
3 0
4 0
5 1
6 0
7 0
Output
0 XOR67 = XOR(0,0) = 0
1 XOR70 = XOR(0,1) = 1
2 I1 = 0
3 I2 = 1
4 I3 = 0
5 I4 = 0
6 I5 = 1
7 I6 = 0

I will now return the answer in \boxed{}
The answer in \boxed is
\boxed{01010010}