We need to deduce the transformation by matching the example outputs.
I will put my final answer inside \boxed{}.

Output 0: 11011101
0 1
1 1
2 0
3 1
4 1
5 1
6 0
7 1

Output 1: 11011100
0 1
1 1
2 0
3 1
4 1
5 1
6 0
7 0

Output 2: 10000001
0 1
1 0
2 0
3 0
4 0
5 0
6 0
7 1

Output 3: 11110011
0 1
1 1
2 1
3 1
4 0
5 0
6 1
7 1

Output 4: 11000111
0 1
1 1
2 0
3 0
4 0
5 1
6 1
7 1

Output 5: 00111100
0 0
1 0
2 1
3 1
4 1
5 1
6 0
7 0

Output 6: 11111100
0 1
1 1
2 1
3 1
4 1
5 1
6 0
7 0

Output 7: 11111110
0 1
1 1
2 1
3 1
4 1
5 1
6 1
7 0

Output 8: 11100111
0 1
1 1
2 1
3 0
4 0
5 1
6 1
7 1

Output bit columns (with bitsum as hash)
0 111110111 8
1 110110111 7
2 000101111 5
3 110101110 6
4 110001110 5
5 110011111 7
6 000110011 4
7 101110001 5

Input 0: 10110010
0 1
1 0
2 1
3 1
4 0
5 0
6 1
7 0

Input 1: 10010011
0 1
1 0
2 0
3 1
4 0
5 0
6 1
7 1

Input 2: 00100000
0 0
1 0
2 1
3 0
4 0
5 0
6 0
7 0

Input 3: 01101100
0 0
1 1
2 1
3 0
4 1
5 1
6 0
7 0

Input 4: 11110000
0 1
1 1
2 1
3 1
4 0
5 0
6 0
7 0

Input 5: 00000111
0 0
1 0
2 0
3 0
4 0
5 1
6 1
7 1

Input 6: 00011011
0 0
1 0
2 0
3 1
4 1
5 0
6 1
7 1

Input 7: 11011101
0 1
1 1
2 0
3 1
4 1
5 1
6 0
7 1

Input 8: 11111000
0 1
1 1
2 1
3 1
4 1
5 0
6 0
7 0

When matching output
x: not in operator
y: wrong position

Identity
0 110010011 5
1 000110011 4 match 6
2 101110001 5 match 7
3 110010111 6
4 000100111 4
5 000101010 3
6 110001100 4
7 010001110 4

Matching output
0 absent
1 absent
2 absent
3 absent
4 absent
5 absent
6 1
7 2

Left
none
Best: none

Right
2 1 0x
Best: I2 1: 2

NOT
0 001101100 4
1 111001100 5
2 010001110 4
3 001101000 3
4 111011000 5
5 111010101 6
6 001110011 5
7 101110001 5 match 7

Matching output
0 absent
1 absent
2 absent
3 absent
4 absent
5 absent
6 absent
7 7

Left
none
Best: none

Right
7 6x
Best: NOT7: 1

Constant
0 000000000 a
1 111111111 a

Matching output
0 absent
1 absent
2 absent
3 absent
4 absent
5 absent
6 absent
7 absent

Left
none
Best: none

Right
none
Best: none

AND
01 10 000010011 3
12 21 000110001 3
23 32 100010001 3
34 43 000000111 3
45 54 000100010 2
56 65 000001000 1
67 76 010001100 3
70 07 010000010 2

02 20 100010001 3
13 31 000010011 3
24 42 000100001 2
35 53 000000010 1
46 64 000000100 1
57 75 000001010 2
60 06 110000000 2
71 17 000000010 1

03 30 110010011 5
14 41 000100011 3
25 52 000100000 1
36 63 110000100 3
47 74 000000110 2
50 05 000000010 1
61 16 000000000 a
72 27 000000000 a

04 40 000000011 2
15 51 000100010 2
26 62 100000000 1
37 73 010000110 3

Matching output
0 absent
1 absent
2 absent
3 absent
4 absent
5 absent
6 absent
7 absent

Left
none
Best: none

Right
none
Best: none

OR
01 10 110110011 6
12 21 101110011 6
23 32 111110111 8 match 0
34 43 110110111 7 match 1
45 54 000101111 5 match 2
56 65 110101110 6 match 3
67 76 110001110 5 match 4
70 07 110011111 7 match 5

02 20 111110011 7
13 31 110110111 7 match 1
24 42 101110111 7
35 53 110111111 8
46 64 110101111 7
57 75 010101110 5
60 06 110011111 7 match 5
71 17 010111111 7

03 30 110010111 6
14 41 000110111 5
25 52 101111011 7
36 63 110011111 7 match 5
47 74 010101111 6
50 05 110111011 7
61 16 110111111 8
72 27 111111111 a

04 40 110110111 7 match 1
15 51 000111011 5
26 62 111111101 8
37 73 110011111 7 match 5

Matching output
0 23 32
1 34 43 13 31 04 40
2 45 54
3 56 65
4 67 76
5 70 07 60 06 36 63 37 73
6 absent
7 absent

Left
23 34 45 56 67 70 01x
32 43 54 65 76 07 10x
Best: OR23 34 45 56 67 70: 6

Right
none
Best: none

XOR
01 10 110100000 3
12 21 101000010 3
23 32 011100110 5
34 43 110110000 4
45 54 000001101 3
56 65 110100110 5
67 76 100000010 2
70 07 100011101 5

02 20 011100010 4
13 31 110100100 4
24 42 101010110 5
35 53 110111101 7
46 64 110101011 6
57 75 010100100 3
60 06 000011111 5
71 17 010111101 6

03 30 000000100 1
14 41 000010100 2
25 52 101011011 6
36 63 000011011 4
47 74 010101001 4
50 05 110111001 6
61 16 110111111 8
72 27 111111111 a

04 40 110110100 5
15 51 000011001 3
26 62 011111101 7
37 73 100011001 4

Matching output
0 absent
1 absent
2 absent
3 absent
4 absent
5 absent
6 absent
7 absent

Left
none
Best: none

Right
none
Best: none

AND-NOT
01 110000000 2
12 000000010 1
23 001100000 2
34 110010000 3
45 000000101 2
56 000100010 2
67 100000000 1
70 000001100 2

02 010000010 2
13 000100000 1
24 101010000 3
35 110010101 5
46 000100011 3
57 000100000 1
60 000001100 2
71 010001100 3

03 000000000 a
14 000010000 1
25 101010001 4
36 000010011 3
47 000100001 2
50 000101000 2
61 110001100 4
72 010001110 4

04 110010000 3
15 000010001 2
26 001110001 4
37 100010001 3
40 000100100 2
51 000001000 1
62 010001100 3
73 000001000 1

05 110010001 4
16 000110011 4 match 6
27 101110001 5 match 7
30 000000100 1
41 000000100 1
52 000001010 2
63 000001000 1
74 010001000 2

06 000010011 3
17 000110001 3
20 001100000 2
31 110000100 3
42 000000110 2
53 000101000 2
64 110001000 3
75 010000100 2

07 100010001 3
10 000100000 1
21 101000000 2
32 010000110 3
43 000100000 1
54 000001000 1
65 110000100 3
76 000000010 1

Matching output
0 absent
1 absent
2 absent
3 absent
4 absent
5 absent
6 16
7 27

Left
none
Best: none

Right
27 16 05x
Best: AND-NOT27 16: 2

OR-NOT
01 111011111 8
12 010111111 7
23 101111001 6
34 111011111 8
45 111110111 8 match 0
56 001111011 6
67 111111101 8
70 011101110 6

02 110011111 7 match 5
13 001111011 6
24 111111001 7
35 111010111 7
46 001110111 6
57 101111011 7
60 111101100 6
71 111001110 6

03 111111011 8
14 111111011 8
25 111110101 7
36 111110111 8 match 0
47 101110111 7
50 001101110 5
61 111001100 5
72 010001110 4

04 111011011 7
15 111110111 8 match 0
26 101110011 6
37 111110111 8 match 0
40 001101111 6
51 111101110 7
62 110001110 5 match 4
73 011101110 6

05 111010111 7
16 001110011 5
27 101110001 5 match 7
30 111111111 a
41 111101111 8
52 010101110 5
63 111101100 6
74 111011110 7

06 111110011 7
17 101110011 6
20 101111101 7
31 111011111 8
42 010101111 6
53 001101010 4
64 111011100 6
75 111011111 8

07 111110011 7
10 001111111 7
21 111111101 8
32 110011111 7 match 5
43 001101111 6
54 111111010 7
65 111011101 7
76 011111111 8

Matching output
0 45 36 15 37
1 absent
2 absent
3 absent
4 62
5 02 32
6 absent
7 27

Left
45 56x
36 47x
15 26x
37 40x
Best: OR-NOT45: 1

Right
27 16x
Best: OR-NOT27: 1

XOR-NOT
01 001011111 6
12 010111101 6
23 100011001 4
34 001001111 5
45 111110010 6
56 001011001 4
67 011111101 7
70 011100010 4

02 100011101 5
13 001011011 5
24 010101001 4
35 001000010 2
46 001010100 3
57 101011011 6
60 111100000 4
71 101000010 3

03 111111011 8
14 111101011 7
25 010100100 3
36 111100100 5
47 101010110 5
50 001000110 3
61 001000000 1
72 000000000 a

04 001001011 4
15 111100110 6
26 100000010 2
37 011100110 5
40 001001011 4
51 111100110 6
62 100000010 2
73 011100110 5

05 001000110 3
16 001000000 1
27 000000000 a
30 111111011 8
41 111101011 7
52 010100100 3
63 111100100 5
74 101010110 5

06 111100000 4
17 101000010 3
20 100011101 5
31 001011011 5
42 010101001 4
53 001000010 2
64 001010100 3
75 101011011 6

07 011100010 4
10 001011111 6
21 010111101 6
32 100011001 4
43 001001111 5
54 111110010 6
65 001011001 4
76 011111101 7

Matching output
0 absent
1 absent
2 absent
3 absent
4 absent
5 absent
6 absent
7 absent

Left
none
Best: none

Right
none
Best: none

Selecting

Lefts
Identity none
NOT none
Constant none
AND none
OR OR23 34 45 56 67 70: 6
XOR none
AND-NOT none
OR-NOT OR-NOT45: 1
XOR-NOT none

Rights
Identity I2 1: 2
NOT NOT7: 1
Constant none
AND none
OR none
XOR none
AND-NOT AND-NOT27 16: 2
OR-NOT OR-NOT27: 1
XOR-NOT none

Left longest: 6
Right longest: 2

Left winner: Identity no, NOT no, Constant no, AND no, OR yes, XOR no, AND-NOT no, OR-NOT no, XOR-NOT no
Right winner: Identity yes, NOT no, Constant no, AND no, OR no, XOR no, AND-NOT no, OR-NOT no, XOR-NOT no

Best left: OR23 34 45 56 67 70: 6
Best right: I2 1: 2

Truncated left: OR23 34 45 56 67 70: 6
Truncated right: I2 1: 2

Tentative from right
7 I2
6 I1
5 pending
4 pending
3 pending
2 pending
1 pending
0 pending

Tentative
0 OR23
1 OR34
2 OR45
3 OR56
4 OR67
5 OR70
6 I1
7 I2

Preferred from left
0 OR23
1 OR34
2 OR45
3 OR56
4 OR67
5 OR70
6 I1
7 I2

Preferred from right
7 I2
6 I1
5 OR70
4 OR67
3 OR56
2 OR45
1 OR34
0 OR23

Preferred
0 OR23
1 OR34
2 OR45
3 OR56
4 OR67
5 OR70
6 I1
7 I2

Matching
0 OR23
1 OR34
2 OR45
3 OR56
4 OR67
5 OR70
6 I1
7 I2

Perfect match
Identity no
NOT no
Constant no
AND no
OR no
XOR no
AND-NOT no
OR-NOT no
XOR-NOT no

Matched
0 OR23
1 OR34
2 OR45
3 OR56
4 OR67
5 OR70
6 I1
7 I2

Selected
0 OR23
1 OR34
2 OR45
3 OR56
4 OR67
5 OR70
6 I1
7 I2

Applying to 00101011
Input
0 0
1 0
2 1
3 0
4 1
5 0
6 1
7 1
Output
0 OR23 = OR(1,0) = 1
1 OR34 = OR(0,1) = 1
2 OR45 = OR(1,0) = 1
3 OR56 = OR(0,1) = 1
4 OR67 = OR(1,1) = 1
5 OR70 = OR(1,0) = 1
6 I1 = 0
7 I2 = 1

I will now return the answer in \boxed{}
The answer in \boxed is
\boxed{11111101}