We need to deduce the transformation by matching the example outputs.
I will put my final answer inside \boxed{}.

Output 0: 10110111
0 1
1 0
2 1
3 1
4 0
5 1
6 1
7 1

Output 1: 00011100
0 0
1 0
2 0
3 1
4 1
5 1
6 0
7 0

Output 2: 10101001
0 1
1 0
2 1
3 0
4 1
5 0
6 0
7 1

Output 3: 11111111
0 1
1 1
2 1
3 1
4 1
5 1
6 1
7 1

Output 4: 01101100
0 0
1 1
2 1
3 0
4 1
5 1
6 0
7 0

Output 5: 00110110
0 0
1 0
2 1
3 1
4 0
5 1
6 1
7 0

Output 6: 01010000
0 0
1 1
2 0
3 1
4 0
5 0
6 0
7 0

Output 7: 11010101
0 1
1 1
2 0
3 1
4 0
5 1
6 0
7 1

Output bit columns (with bitsum as hash)
0 10110001 4
1 00011011 4
2 10111100 5
3 11010111 6
4 01111000 4
5 11011101 6
6 10010100 3
7 10110001 4

Input 0: 01101110
0 0
1 1
2 1
3 0
4 1
5 1
6 1
7 0

Input 1: 10111001
0 1
1 0
2 1
3 1
4 1
5 0
6 0
7 1

Input 2: 01010010
0 0
1 1
2 0
3 1
4 0
5 0
6 1
7 0

Input 3: 11111110
0 1
1 1
2 1
3 1
4 1
5 1
6 1
7 0

Input 4: 01011001
0 0
1 1
2 0
3 1
4 1
5 0
6 0
7 1

Input 5: 11101101
0 1
1 1
2 1
3 0
4 1
5 1
6 0
7 1

Input 6: 10100000
0 1
1 0
2 1
3 0
4 0
5 0
6 0
7 0

Input 7: 10101010
0 1
1 0
2 1
3 0
4 1
5 0
6 1
7 0

When matching output
x: not in operator
y: wrong position

Identity
0 01010111 5
1 10111100 5 match 2
2 11010111 6 match 3
3 01111000 4 match 4
4 11011101 6 match 5
5 10010100 3 match 6
6 10110001 4 match 0 7
7 01001100 3

Matching output
0 6
1 absent
2 1
3 2
4 3
5 4
6 5
7 6

Left
6 7x
Best: I6: 1

Right
6 5 4 3 2 1 0x
Best: I6 5 4 3 2 1: 6

NOT
0 10101000 3
1 01000011 3
2 00101000 2
3 10000111 4
4 00100010 2
5 01101011 5
6 01001110 4
7 10110011 5

Matching output
0 absent
1 absent
2 absent
3 absent
4 absent
5 absent
6 absent
7 absent

Left
none
Best: none

Right
none
Best: none

Constant
0 00000000 a
1 11111111 a

Matching output
0 absent
1 absent
2 absent
3 absent
4 absent
5 absent
6 absent
7 absent

Left
none
Best: none

Right
none
Best: none

AND
01 10 00010100 2
12 21 10010100 3 match 6
23 32 01010000 2
34 43 01011000 3
45 54 10010100 3 match 6
56 65 10010000 2
67 76 00000000 a
70 07 01000100 2

02 20 01010111 5
13 31 00111000 3
24 42 11010101 5
35 53 00010000 1
46 64 10010001 3
57 75 00000100 1
60 06 00010001 2
71 17 00001100 2

03 30 01010000 2
14 41 10011100 4
25 52 10010100 3 match 6
36 63 00110000 2
47 74 01001100 3
50 05 00010100 2
61 16 10110000 3
72 27 01000100 2

04 40 01010101 4
15 51 10010100 3 match 6
26 62 10010001 3
37 73 01001000 2

Matching output
0 absent
1 absent
2 absent
3 absent
4 absent
5 absent
6 12 21 45 54 25 52 15 51
7 absent

Left
none
Best: none

Right
none
Best: none

OR
01 10 11111111 a
12 21 11111111 a
23 32 11111111 a
34 43 11111101 7
45 54 11011101 6 match 5
56 65 10110101 5
67 76 11111101 7
70 07 01011111 6

02 20 11010111 6 match 3
13 31 11111100 6
24 42 11011111 7
35 53 11111100 6
46 64 11111101 7
57 75 11011100 5
60 06 11110111 7
71 17 11111100 6

03 30 01111111 7
14 41 11111101 7
25 52 11010111 6 match 3
36 63 11111001 6
47 74 11011101 6 match 5
50 05 11010111 6 match 3
61 16 10111101 6
72 27 11011111 7

04 40 11011111 7
15 51 10111100 5 match 2
26 62 11110111 7
37 73 01111100 5

Matching output
0 absent
1 absent
2 15 51
3 02 20 25 52 50 05
4 absent
5 45 54 47 74
6 absent
7 absent

Left
none
Best: none

Right
none
Best: none

XOR
01 10 11101011 6
12 21 01101011 5
23 32 10101111 6
34 43 10100101 4
45 54 01001001 3
56 65 00100101 3
67 76 11111101 7
70 07 00011011 4 match 1

02 20 10000000 1
13 31 11000100 3
24 42 00001010 2
35 53 11101100 5
46 64 01101100 4
57 75 11011000 4
60 06 11100110 5
71 17 11110000 4

03 30 00101111 5
14 41 01100001 3
25 52 01000011 3
36 63 11001001 4
47 74 10010001 3
50 05 11000011 4
61 16 00001101 3
72 27 10011011 5

04 40 10001010 3
15 51 00101000 2
26 62 01100110 4
37 73 00110100 3

Matching output
0 absent
1 70 07
2 absent
3 absent
4 absent
5 absent
6 absent
7 absent

Left
none
Best: none

Right
none
Best: none

AND-NOT
01 01000011 3
12 00101000 2
23 10000111 4
34 00100000 1
45 01001001 3
56 00000100 1
67 10110001 4 match 0 7
70 00001000 1

02 00000000 a
13 10000100 2
24 00000010 1
35 01101000 3
46 01001100 3
57 10010000 2
60 10100000 2
71 01000000 1

03 00000111 3
14 00100000 1
25 01000011 3
36 01001000 2
47 10010001 3
50 10000000 1
61 00000001 1
72 00001000 1

04 00000010 1
15 00101000 2
26 01000110 3
37 00110000 2
40 10001000 2
51 00000000 a
62 00100000 1
73 00000100 1

05 01000011 3
16 00001100 2
27 10010011 4
30 00101000 2
41 01000001 2
52 00000000 a
63 10000001 2
74 00000000 a

06 01000110 3
17 10110000 3
20 10000000 1
31 01000000 1
42 00001000 1
53 10000100 2
64 00100000 1
75 01001000 2

07 00010011 3
10 10101000 3
21 01000011 3
32 00101000 2
43 10000101 3
54 00000000 a
65 00100001 2
76 01001100 3

Matching output
0 67
1 absent
2 absent
3 absent
4 absent
5 absent
6 absent
7 67

Left
67 70x
Best: AND-NOT67: 1

Right
67 56x
Best: AND-NOT67: 1

OR-NOT
01 01010111 5
12 10111100 5 match 2
23 11010111 6 match 3
34 01111010 5
45 11111111 a
56 11011110 6
67 10110011 5
70 11101100 5

02 01111111 7
13 10111111 7
24 11110111 7
35 01111011 6
46 11011111 7
57 10110111 6
60 10111001 5
71 01001111 5

03 11010111 6 match 3
14 10111110 6
25 11111111 a
36 01111110 6
47 11111111 a
50 10111100 5 match 2
61 11110011 6
72 01101100 4

04 01110111 6
15 11111111 a
26 11011111 7
37 11111011 7
40 11111101 7
51 11010111 6 match 3
62 10111001 5
73 11001111 6

05 01111111 7
16 11111110 7
27 11110111 7
30 11111000 5
41 11011111 7
52 10111100 5 match 2
63 10110111 6
74 01101110 5

06 01011111 6
17 10111111 7
20 11111111 a
31 01111011 6
42 11111101 7
53 10010111 5
64 10110011 5
75 01101111 6

07 11110111 7
10 10111100 5 match 2
21 11010111 6 match 3
32 01111000 4 match 4
43 11011111 7
54 10110110 5
65 11111011 7
76 01001110 4

Matching output
0 absent
1 absent
2 12 50 52 10
3 23 03 51 21
4 32
5 absent
6 absent
7 absent

Left
none
Best: none

Right
none
Best: none

XOR-NOT
01 00010100 2
12 10010100 3 match 6
23 01010000 2
34 01011010 4
45 10110110 5
56 11011010 5
67 00000010 1
70 11100100 4

02 01111111 7
13 00111011 5
24 11110101 6
35 00010011 3
46 10010011 4
57 00100111 4
60 00011001 3
71 00001111 4

03 11010000 3
14 10011110 5
25 10111100 5 match 2
36 00110110 4
47 01101110 5
50 00111100 4
61 11110010 5
72 01100100 3

04 01110101 5
15 11010111 6 match 3
26 10011001 4
37 11001011 5
40 01110101 5
51 11010111 6 match 3
62 10011001 4
73 11001011 5

05 00111100 4
16 11110010 5
27 01100100 3
30 11010000 3
41 10011110 5
52 10111100 5 match 2
63 00110110 4
74 01101110 5

06 00011001 3
17 00001111 4
20 01111111 7
31 00111011 5
42 11110101 6
53 00010011 3
64 10010011 4
75 00100111 4

07 11100100 4
10 00010100 2
21 10010100 3 match 6
32 01010000 2
43 01011010 4
54 10110110 5
65 11011010 5
76 00000010 1

Matching output
0 absent
1 absent
2 25 52
3 15 51
4 absent
5 absent
6 12 21
7 absent

Left
none
Best: none

Right
none
Best: none

Selecting

Lefts
Identity I6: 1
NOT none
Constant none
AND none
OR none
XOR none
AND-NOT AND-NOT67: 1
OR-NOT none
XOR-NOT none

Rights
Identity I6 5 4 3 2 1: 6
NOT none
Constant none
AND none
OR none
XOR none
AND-NOT AND-NOT67: 1
OR-NOT none
XOR-NOT none

Left longest: 1
Right longest: 6

Right winner: Identity yes, NOT no, Constant no, AND no, OR no, XOR no, AND-NOT no, OR-NOT no, XOR-NOT no
Left winner: Identity yes, NOT no, Constant no, AND no, OR no, XOR no, AND-NOT no, OR-NOT no, XOR-NOT no

Best right: I6 5 4 3 2 1: 6
Best left: I6: 1

Truncated right: I6 5 4 3 2 1: 6
Truncated left: I6: 1

Tentative from right
7 I6
6 I5
5 I4
4 I3
3 I2
2 I1
1 pending
0 pending

Tentative
0 I6
1 pending
2 I1
3 I2
4 I3
5 I4
6 I5
7 I6

Preferred from right
7 I6
6 I5
5 I4
4 I3
3 I2
2 I1
1 ??0
0 I6

Preferred from left
0 I6
1 ?70
2 I1
3 I2
4 I3
5 I4
6 I5
7 I6

Preferred
0 I6
1 ?70 ?07
2 I1
3 I2
4 I3
5 I4
6 I5
7 I6

Matching
0 I6
1 ?70 ?07 - Identity absent, NOT absent, Constant absent, AND absent, OR absent, XOR70, AND-NOT absent, OR-NOT absent, XOR-NOT absent
2 I1
3 I2
4 I3
5 I4
6 I5
7 I6

Perfect match
Identity no
NOT no
Constant no
AND no
OR no
XOR yes
AND-NOT no
OR-NOT no
XOR-NOT no

Matched
0 I6
1 XOR70
2 I1
3 I2
4 I3
5 I4
6 I5
7 I6

Selected
0 I6
1 XOR70
2 I1
3 I2
4 I3
5 I4
6 I5
7 I6

Applying to 01001100
Input
0 0
1 1
2 0
3 0
4 1
5 1
6 0
7 0
Output
0 I6 = 0
1 XOR70 = XOR(0,0) = 0
2 I1 = 1
3 I2 = 0
4 I3 = 0
5 I4 = 1
6 I5 = 1
7 I6 = 0

I will now return the answer in \boxed{}
The answer in \boxed is
\boxed{00100110}