We need to deduce the transformation by matching the example outputs.
I will put my final answer inside \boxed{}.

Output 0: 11111000
0 1
1 1
2 1
3 1
4 1
5 0
6 0
7 0

Output 1: 11011000
0 1
1 1
2 0
3 1
4 1
5 0
6 0
7 0

Output 2: 10011000
0 1
1 0
2 0
3 1
4 1
5 0
6 0
7 0

Output 3: 10110000
0 1
1 0
2 1
3 1
4 0
5 0
6 0
7 0

Output 4: 11101000
0 1
1 1
2 1
3 0
4 1
5 0
6 0
7 0

Output 5: 00111100
0 0
1 0
2 1
3 1
4 1
5 1
6 0
7 0

Output 6: 01001100
0 0
1 1
2 0
3 0
4 1
5 1
6 0
7 0

Output bit columns (with bitsum as hash)
0 1111100 5
1 1100101 4
2 1001110 4
3 1111010 5
4 1110111 6
5 0000011 2
6 0000000 a
7 0000000 a

Input 0: 00111110
0 0
1 0
2 1
3 1
4 1
5 1
6 1
7 0

Input 1: 11110110
0 1
1 1
2 1
3 1
4 0
5 1
6 1
7 0

Input 2: 11100110
0 1
1 1
2 1
3 0
4 0
5 1
6 1
7 0

Input 3: 10101100
0 1
1 0
2 1
3 0
4 1
5 1
6 0
7 0

Input 4: 11111010
0 1
1 1
2 1
3 1
4 1
5 0
6 1
7 0

Input 5: 10001111
0 1
1 0
2 0
3 0
4 1
5 1
6 1
7 1

Input 6: 00010011
0 0
1 0
2 0
3 1
4 0
5 0
6 1
7 1

When matching output
x: not in operator
y: wrong position

Identity
0 0111110 5
1 0110100 3
2 1111100 5 match 0
3 1100101 4 match 1
4 1001110 4 match 2
5 1111010 5 match 3
6 1110111 6 match 4
7 0000011 2 match 5

Matching output
0 2
1 3
2 4
3 5
4 6
5 7
6 absent
7 absent

Left
2 3 4 5 6 7 0x
Best: I2 3 4 5 6 7: 6

Right
none
Best: none

NOT
0 1000001 2
1 1001011 4
2 0000011 2 match 5
3 0011010 3
4 0110001 3
5 0000101 2
6 0001000 1
7 1111100 5 match 0

Matching output
0 7
1 absent
2 absent
3 absent
4 absent
5 2
6 absent
7 absent

Left
7 0x
Best: NOT7: 1

Right
none
Best: none

Constant
0 0000000 a match 6 7
1 1111111 a

Matching output
0 absent
1 absent
2 absent
3 absent
4 absent
5 absent
6 C0
7 C0

Left
none
Best: none

Right
0 0
Best: C0 0: 2

AND
01 10 0110100 3
12 21 0110100 3
23 32 1100100 3
34 43 1000100 2
45 54 1001010 3
56 65 1110010 4
67 76 0000011 2 match 5
70 07 0000010 1

02 20 0111100 4
13 31 0100100 2
24 42 1001100 3
35 53 1100000 2
46 64 1000110 3
57 75 0000010 1
60 06 0110110 4
71 17 0000000 a match 6 7

03 30 0100100 2
14 41 0000100 1
25 52 1111000 4
36 63 1100101 4 match 1
47 74 0000010 1
50 05 0111010 4
61 16 0110100 3
72 27 0000000 a match 6 7

04 40 0001110 3
15 51 0110000 2
26 62 1110100 4
37 73 0000001 1

Matching output
0 absent
1 36 63
2 absent
3 absent
4 absent
5 67 76
6 71 17 72 27
7 71 17 72 27

Left
none
Best: none

Right
71 60x
17 06x
72 61x
27 16x
Best: AND71: 1

OR
01 10 0111110 5
12 21 1111100 5 match 0
23 32 1111101 6
34 43 1101111 6
45 54 1111110 6
56 65 1111111 a
67 76 1110111 6 match 4
70 07 0111111 6

02 20 1111110 6
13 31 1110101 5
24 42 1111110 6
35 53 1111111 a
46 64 1111111 a
57 75 1111011 6
60 06 1111111 a
71 17 0110111 5

03 30 1111111 a
14 41 1111110 6
25 52 1111110 6
36 63 1110111 6 match 4
47 74 1001111 5
50 05 1111110 6
61 16 1110111 6 match 4
72 27 1111111 a

04 40 1111110 6
15 51 1111110 6
26 62 1111111 a
37 73 1100111 5

Matching output
0 12 21
1 absent
2 absent
3 absent
4 67 76 36 63 61 16
5 absent
6 absent
7 absent

Left
12 23x
21 32x
Best: OR12: 1

Right
none
Best: none

XOR
01 10 0001010 2
12 21 1001000 2
23 32 0011001 3
34 43 0101011 4
45 54 0110100 3
56 65 0001101 3
67 76 1110100 4
70 07 0111101 5

02 20 1000010 2
13 31 1010001 3
24 42 0110010 3
35 53 0011111 5
46 64 0111001 4
57 75 1111001 5
60 06 1001001 3
71 17 0110111 5

03 30 1011011 5
14 41 1111010 5 match 3
25 52 0000110 2
36 63 0010010 2
47 74 1001101 4
50 05 1000100 2
61 16 1000011 3
72 27 1111111 a

04 40 1110000 3
15 51 1001110 4 match 2
26 62 0001011 3
37 73 1100110 4

Matching output
0 absent
1 absent
2 15 51
3 14 41
4 absent
5 absent
6 absent
7 absent

Left
none
Best: none

Right
none
Best: none

AND-NOT
01 0001010 2
12 0000000 a match 6 7
23 0011000 2
34 0100001 2
45 0000100 1
56 0001000 1
67 1110100 4
70 0000001 1

02 0000010 1
13 0010000 1
24 0110000 2
35 0000101 2
46 0001000 1
57 1111000 4
60 1000001 2
71 0000011 2 match 5

03 0011010 3
14 0110000 2
25 0000100 1
36 0000000 a match 6 7
47 1001100 3
50 1000000 1
61 1000011 3
72 0000011 2 match 5

04 0110000 2
15 0000100 1
26 0001000 1
37 1100100 3
40 1000000 1
51 1001010 3
62 0000011 2 match 5
73 0000010 1

05 0000100 1
16 0000000 a match 6 7
27 1111100 5 match 0
30 1000001 2
41 1001010 3
52 0000010 1
63 0010010 2
74 0000001 1

06 0001000 1
17 0110100 3
20 1000000 1
31 1000001 2
42 0000010 1
53 0011010 3
64 0110001 3
75 0000001 1

07 0111100 4
10 0000000 a match 6 7
21 1001000 2
32 0000001 1
43 0001010 2
54 0110000 2
65 0000101 2
76 0000000 a match 6 7

Matching output
0 27
1 absent
2 absent
3 absent
4 absent
5 71 72 62
6 12 36 16 10 76
7 12 36 16 10 76

Left
27 30x
Best: AND-NOT27: 1

Right
12 01x
36 25x
16 05x
10 07x
76 65x
Best: AND-NOT12: 1

OR-NOT
01 1111111 a
12 0110111 5
23 1111110 6
34 1110101 5
45 1001111 5
56 1111010 5 match 3
67 1111111 a
70 1000011 3

02 0111111 6
13 0111110 5
24 1111101 6
35 1100101 4 match 1
46 1001110 4 match 2
57 1111110 6
60 1110111 6 match 4
71 1001011 4

03 0111110 5
14 0110101 4
25 1111101 6
36 1101101 5
47 1111110 6
50 1111011 6
61 1111111 a
72 0000011 2 match 5

04 0111111 6
15 0110101 4
26 1111100 5 match 0
37 1111101 6
40 1001111 5
51 1111011 6
62 1110111 6 match 4
73 0011011 4

05 0111111 6
16 0111100 4
27 1111100 5 match 0
30 1100101 4 match 1
41 1001111 5
52 1111011 6
63 1111111 a
74 0110011 4

06 0111110 5
17 1111100 5 match 0
20 1111101 6
31 1101111 6
42 1001111 5
53 1111010 5 match 3
64 1110111 6 match 4
75 0000111 3

07 1111110 6
10 1110101 5
21 1111111 a
32 1100111 5
43 1011110 5
54 1111011 6
65 1110111 6 match 4
76 0001011 3

Matching output
0 26 27 17
1 35 30
2 46
3 56 53
4 60 62 64 65
5 72
6 absent
7 absent

Left
26 37x
27 30 41x
17 20x
Best: OR-NOT27 30: 2

Right
none
Best: none

XOR-NOT
01 1110101 5
12 0110111 5
23 1100110 4
34 1010100 3
45 1001011 4
56 1110010 4
67 0001011 3
70 1000010 2

02 0111101 5
13 0101110 4
24 1001101 4
35 1100000 2
46 1000110 3
57 0000110 2
60 0110110 4
71 1001000 2

03 0100100 2
14 0000101 2
25 1111001 5
36 1101101 5
47 0110010 3
50 0111011 5
61 0111100 4
72 0000000 a match 6 7

04 0001111 4
15 0110001 3
26 1110100 4
37 0011001 3
40 0001111 4
51 0110001 3
62 1110100 4
73 0011001 3

05 0111011 5
16 0111100 4
27 0000000 a match 6 7
30 0100100 2
41 0000101 2
52 1111001 5
63 1101101 5
74 0110010 3

06 0110110 4
17 1001000 2
20 0111101 5
31 0101110 4
42 1001101 4
53 1100000 2
64 1000110 3
75 0000110 2

07 1000010 2
10 1110101 5
21 0110111 5
32 1100110 4
43 1010100 3
54 1001011 4
65 1110010 4
76 0001011 3

Matching output
0 absent
1 absent
2 absent
3 absent
4 absent
5 absent
6 72 27
7 72 27

Left
none
Best: none

Right
72 61x
27 16x
Best: XOR-NOT72: 1

Selecting

Lefts
Identity I2 3 4 5 6 7: 6
NOT NOT7: 1
Constant none
AND none
OR OR12: 1
XOR none
AND-NOT AND-NOT27: 1
OR-NOT OR-NOT27 30: 2
XOR-NOT none

Rights
Identity none
NOT none
Constant C0 0: 2
AND AND71: 1
OR none
XOR none
AND-NOT AND-NOT12: 1
OR-NOT none
XOR-NOT XOR-NOT72: 1

Left longest: 6
Right longest: 2

Left winner: Identity yes, NOT no, Constant no, AND no, OR no, XOR no, AND-NOT no, OR-NOT no, XOR-NOT no
Right winner: Identity no, NOT no, Constant yes, AND no, OR no, XOR no, AND-NOT no, OR-NOT no, XOR-NOT no

Best left: I2 3 4 5 6 7: 6
Best right: C0 0: 2

Truncated left: I2 3 4 5 6 7: 6
Truncated right: C0 0: 2

Tentative from right
7 C0
6 C0
5 pending
4 pending
3 pending
2 pending
1 pending
0 pending

Tentative
0 I2
1 I3
2 I4
3 I5
4 I6
5 I7
6 C0
7 C0

Preferred from left
0 I2
1 I3
2 I4
3 I5
4 I6
5 I7
6 C0
7 C0

Preferred from right
7 C0
6 C0
5 I7
4 I6
3 I5
2 I4
1 I3
0 I2

Preferred
0 I2
1 I3
2 I4
3 I5
4 I6
5 I7
6 C0
7 C0

Matching
0 I2
1 I3
2 I4
3 I5
4 I6
5 I7
6 C0
7 C0

Perfect match
Identity no
NOT no
Constant no
AND no
OR no
XOR no
AND-NOT no
OR-NOT no
XOR-NOT no

Matched
0 I2
1 I3
2 I4
3 I5
4 I6
5 I7
6 C0
7 C0

Selected
0 I2
1 I3
2 I4
3 I5
4 I6
5 I7
6 C0
7 C0

Applying to 01100101
Input
0 0
1 1
2 1
3 0
4 0
5 1
6 0
7 1
Output
0 I2 = 1
1 I3 = 0
2 I4 = 0
3 I5 = 1
4 I6 = 0
5 I7 = 1
6 C0 = 0
7 C0 = 0

I will now return the answer in \boxed{}
The answer in \boxed is
\boxed{10010100}