We need to deduce the transformation by matching the example outputs.
I will put my final answer inside \boxed{}.

Output 0: 11101001
0 1
1 1
2 1
3 0
4 1
5 0
6 0
7 1

Output 1: 11010110
0 1
1 1
2 0
3 1
4 0
5 1
6 1
7 0

Output 2: 00010010
0 0
1 0
2 0
3 1
4 0
5 0
6 1
7 0

Output 3: 01101100
0 0
1 1
2 1
3 0
4 1
5 1
6 0
7 0

Output 4: 01101000
0 0
1 1
2 1
3 0
4 1
5 0
6 0
7 0

Output 5: 11001011
0 1
1 1
2 0
3 0
4 1
5 0
6 1
7 1

Output 6: 00001111
0 0
1 0
2 0
3 0
4 1
5 1
6 1
7 1

Output 7: 00101010
0 0
1 0
2 1
3 0
4 1
5 0
6 1
7 0

Output bit columns (with bitsum as hash)
0 11000100 3
1 11011100 5
2 10011001 4
3 01100000 2
4 10011111 6
5 01010010 3
6 01100111 5
7 10000110 3

Input 0: 00100110
0 0
1 0
2 1
3 0
4 0
5 1
6 1
7 0

Input 1: 00011001
0 0
1 0
2 0
3 1
4 1
5 0
6 0
7 1

Input 2: 11001010
0 1
1 1
2 0
3 0
4 1
5 0
6 1
7 0

Input 3: 11110001
0 1
1 1
2 1
3 1
4 0
5 0
6 0
7 1

Input 4: 11100001
0 1
1 1
2 1
3 0
4 0
5 0
6 0
7 1

Input 5: 00101100
0 0
1 0
2 1
3 0
4 1
5 1
6 0
7 0

Input 6: 11111111
0 1
1 1
2 1
3 1
4 1
5 1
6 1
7 1

Input 7: 00101010
0 0
1 0
2 1
3 0
4 1
5 0
6 1
7 0

When matching output
x: not in operator
y: wrong position

Identity
0 00111010 4
1 00111010 4
2 10011111 6 match 4
3 01010010 3 match 5
4 01100111 5 match 6
5 10000110 3 match 7
6 10100011 4
7 01011010 4

Matching output
0 absent
1 absent
2 absent
3 absent
4 2
5 3
6 4
7 5

Left
none
Best: none

Right
5 4 3 2 1x
Best: I5 4 3 2: 4

NOT
0 11000101 4
1 11000101 4
2 01100000 2 match 3
3 10101101 5
4 10011000 3
5 01111001 5
6 01011100 4
7 10100101 4

Matching output
0 absent
1 absent
2 absent
3 2
4 absent
5 absent
6 absent
7 absent

Left
none
Best: none

Right
none
Best: none

Constant
0 00000000 a
1 11111111 a

Matching output
0 absent
1 absent
2 absent
3 absent
4 absent
5 absent
6 absent
7 absent

Left
none
Best: none

Right
none
Best: none

AND
01 10 00111010 4
12 21 00011010 3
23 32 00010010 2
34 43 01000010 2
45 54 00000110 2
56 65 10000010 2
67 76 00000010 1
70 07 00011010 3

02 20 00011010 3
13 31 00010010 2
24 42 00000111 3
35 53 00000010 1
46 64 00100011 3
57 75 00000010 1
60 06 00100010 2
71 17 00011010 3

03 30 00010010 2
14 41 00100010 2
25 52 10000110 3 match 7
36 63 00000010 1
47 74 01000010 2
50 05 00000010 1
61 16 00100010 2
72 27 00011010 3

04 40 00100010 2
15 51 00000010 1
26 62 10000011 3
37 73 01010010 3 match 5

Matching output
0 absent
1 absent
2 absent
3 absent
4 absent
5 37 73
6 absent
7 25 52

Left
none
Best: none

Right
25 14x
52 41x
Best: AND25: 1

OR
01 10 00111010 4
12 21 10111111 7
23 32 11011111 7
34 43 01110111 6
45 54 11100111 6
56 65 10100111 5
67 76 11111011 7
70 07 01111010 5

02 20 10111111 7
13 31 01111010 5
24 42 11111111 a
35 53 11010110 5
46 64 11100111 6
57 75 11011110 6
60 06 10111011 6
71 17 01111010 5

03 30 01111010 5
14 41 01111111 7
25 52 10011111 6 match 4
36 63 11110011 6
47 74 01111111 7
50 05 10111110 6
61 16 10111011 6
72 27 11011111 7

04 40 01111111 7
15 51 10111110 6
26 62 10111111 7
37 73 01011010 4

Matching output
0 absent
1 absent
2 absent
3 absent
4 25 52
5 absent
6 absent
7 absent

Left
none
Best: none

Right
none
Best: none

XOR
01 10 00000000 a
12 21 10100101 4
23 32 11001101 5
34 43 00110101 4
45 54 11100001 4
56 65 00100101 3
67 76 11111001 6
70 07 01100000 2 match 3

02 20 10100101 4
13 31 01101000 3
24 42 11111000 5
35 53 11010100 4
46 64 11000100 3 match 0
57 75 11011100 5 match 1
60 06 10011001 4 match 2
71 17 01100000 2 match 3

03 30 01101000 3
14 41 01011101 5
25 52 00011001 3
36 63 11110001 5
47 74 00111101 5
50 05 10111100 5
61 16 10011001 4 match 2
72 27 11000101 4

04 40 01011101 5
15 51 10111100 5
26 62 00111100 4
37 73 00001000 1

Matching output
0 46 64
1 57 75
2 60 06 61 16
3 70 07 71 17
4 absent
5 absent
6 absent
7 absent

Left
46 57 60 71 02x
64 75 06 17 20x
Best: XOR46 57 60 71: 4

Right
none
Best: none

AND-NOT
01 00000000 a
12 00100000 1
23 10001101 4
34 00010000 1
45 01100001 3
56 00000100 1
67 10100001 3
70 01000000 1

02 00100000 1
13 00101000 2
24 10011000 3
35 01010000 2
46 01000100 2
57 10000100 2
60 10000001 2
71 01000000 1

03 00101000 2
14 00011000 2
25 00011001 3
36 01010000 2
47 00100101 3
50 10000100 2
61 10000001 2
72 01000000 1

04 00011000 2
15 00111000 3
26 00011100 3
37 00000000 a
40 01000101 3
51 10000100 2
62 00100000 1
73 00001000 1

05 00111000 3
16 00011000 2
27 10000101 3
30 01000000 1
41 01000101 3
52 00000000 a
63 10100001 3
74 00011000 2

06 00011000 2
17 00100000 1
20 10000101 3
31 01000000 1
42 01100000 2 match 3
53 10000100 2
64 10000000 1
75 01011000 3

07 00100000 1
10 00000000 a
21 10000101 3
32 01000000 1
43 00100101 3
54 10000000 1
65 00100001 2
76 01011000 3

Matching output
0 absent
1 absent
2 absent
3 42
4 absent
5 absent
6 absent
7 absent

Left
none
Best: none

Right
none
Best: none

OR-NOT
01 11111111 a
12 01111010 5
23 10111111 7
34 11011010 5
45 01111111 7
56 11011110 6
67 10100111 5
70 11011111 7

02 01111010 5
13 10111111 7
24 10011111 6 match 4
35 01111011 6
46 01111111 7
57 10100111 5
60 11100111 6
71 11011111 7

03 10111111 7
14 10111010 5
25 11111111 a
36 01011110 5
47 11100111 6
50 11000111 5
61 11100111 6
72 01111010 5

04 10111010 5
15 01111011 6
26 11011111 7
37 11110111 7
40 11100111 6
51 11000111 5
62 11100011 5
73 11111111 a

05 01111011 6
16 01111110 6
27 10111111 7
30 11010111 6
41 11100111 6
52 11100110 5
63 10101111 6
74 11011010 5

06 01111110 6
17 10111111 7
20 11011111 7
31 11010111 6
42 01100111 5 match 6
53 10101111 6
64 10111011 6
75 01111011 6

07 10111111 7
10 11111111 a
21 11011111 7
32 01110010 4
43 11101111 7
54 10011110 5
65 11111011 7
76 01011110 5

Matching output
0 absent
1 absent
2 absent
3 absent
4 24
5 absent
6 42
7 absent

Left
none
Best: none

Right
none
Best: none

XOR-NOT
01 11111111 a
12 01011010 4
23 00110010 3
34 11001010 4
45 00011110 4
56 11011010 5
67 00000110 2
70 10011111 6 match 4

02 01011010 4
13 10010111 5
24 00000111 3
35 00101011 4
46 00111011 5
57 00100011 3
60 01100110 4
71 10011111 6 match 4

03 10010111 5
14 10100010 3
25 11100110 5
36 00001110 3
47 11000010 3
50 01000011 3
61 01100110 4
72 00111010 4

04 10100010 3
15 01000011 3
26 11000011 4
37 11110111 7
40 10100010 3
51 01000011 3
62 11000011 4
73 11110111 7

05 01000011 3
16 01100110 4
27 00111010 4
30 10010111 5
41 10100010 3
52 11100110 5
63 00001110 3
74 11000010 3

06 01100110 4
17 10011111 6 match 4
20 01011010 4
31 10010111 5
42 00000111 3
53 00101011 4
64 00111011 5
75 00100011 3

07 10011111 6 match 4
10 11111111 a
21 01011010 4
32 00110010 3
43 11001010 4
54 00011110 4
65 11011010 5
76 00000110 2

Matching output
0 absent
1 absent
2 absent
3 absent
4 70 71 17 07
5 absent
6 absent
7 absent

Left
none
Best: none

Right
none
Best: none

Selecting

Lefts
Identity none
NOT none
Constant none
AND none
OR none
XOR XOR46 57 60 71: 4
AND-NOT none
OR-NOT none
XOR-NOT none

Rights
Identity I5 4 3 2: 4
NOT none
Constant none
AND AND25: 1
OR none
XOR none
AND-NOT none
OR-NOT none
XOR-NOT none

Left longest: 4
Right longest: 4

Left winner: Identity no, NOT no, Constant no, AND no, OR no, XOR yes, AND-NOT no, OR-NOT no, XOR-NOT no
Right winner: Identity yes, NOT no, Constant no, AND no, OR no, XOR no, AND-NOT no, OR-NOT no, XOR-NOT no

Best left: XOR46 57 60 71: 4
Best right: I5 4 3 2: 4

Truncated left: XOR46 57 60 71: 4
Truncated right: I5 4 3 2: 4

Tentative from right
7 I5
6 I4
5 I3
4 I2
3 pending
2 pending
1 pending
0 pending

Tentative
0 XOR46
1 XOR57
2 XOR60
3 XOR71
4 I2
5 I3
6 I4
7 I5

Preferred from left
0 XOR46
1 XOR57
2 XOR60
3 XOR71
4 I2
5 I3
6 I4
7 I5

Preferred from right
7 I5
6 I4
5 I3
4 I2
3 XOR71
2 XOR60
1 XOR57
0 XOR46

Preferred
0 XOR46
1 XOR57
2 XOR60
3 XOR71
4 I2
5 I3
6 I4
7 I5

Matching
0 XOR46
1 XOR57
2 XOR60
3 XOR71
4 I2
5 I3
6 I4
7 I5

Perfect match
Identity no
NOT no
Constant no
AND no
OR no
XOR no
AND-NOT no
OR-NOT no
XOR-NOT no

Matched
0 XOR46
1 XOR57
2 XOR60
3 XOR71
4 I2
5 I3
6 I4
7 I5

Selected
0 XOR46
1 XOR57
2 XOR60
3 XOR71
4 I2
5 I3
6 I4
7 I5

Applying to 11001000
Input
0 1
1 1
2 0
3 0
4 1
5 0
6 0
7 0
Output
0 XOR46 = XOR(1,0) = 1
1 XOR57 = XOR(0,0) = 0
2 XOR60 = XOR(0,1) = 1
3 XOR71 = XOR(0,1) = 1
4 I2 = 0
5 I3 = 0
6 I4 = 1
7 I5 = 0

I will now return the answer in \boxed{}
The answer in \boxed is
\boxed{10110010}