We need to deduce the transformation by matching the example outputs.
I will put my final answer inside \boxed{}.

Output 0: 10101101
0 1
1 0
2 1
3 0
4 1
5 1
6 0
7 1

Output 1: 10110101
0 1
1 0
2 1
3 1
4 0
5 1
6 0
7 1

Output 2: 10101011
0 1
1 0
2 1
3 0
4 1
5 0
6 1
7 1

Output 3: 11111111
0 1
1 1
2 1
3 1
4 1
5 1
6 1
7 1

Output 4: 11011110
0 1
1 1
2 0
3 1
4 1
5 1
6 1
7 0

Output 5: 11110101
0 1
1 1
2 1
3 1
4 0
5 1
6 0
7 1

Output 6: 00010000
0 0
1 0
2 0
3 1
4 0
5 0
6 0
7 0

Output bit columns (with bitsum as hash)
0 1111110 6
1 0001110 3
2 1111010 5
3 0101111 5
4 1011100 4
5 1101110 5
6 0011100 3
7 1111010 5

Input 0: 01010100
0 0
1 1
2 0
3 1
4 0
5 1
6 0
7 0

Input 1: 11011100
0 1
1 1
2 0
3 1
4 1
5 1
6 0
7 0

Input 2: 11010011
0 1
1 1
2 0
3 1
4 0
5 0
6 1
7 1

Input 3: 01111100
0 0
1 1
2 1
3 1
4 1
5 1
6 0
7 0

Input 4: 01101100
0 0
1 1
2 1
3 0
4 1
5 1
6 0
7 0

Input 5: 11111101
0 1
1 1
2 1
3 1
4 1
5 1
6 0
7 1

Input 6: 10001100
0 1
1 0
2 0
3 0
4 1
5 1
6 0
7 0

When matching output
x: not in operator
y: wrong position

Identity
0 0110011 4
1 1111110 6 match 0
2 0001110 3 match 1
3 1111010 5 match 2 7
4 0101111 5 match 3
5 1101111 6
6 0010000 1
7 0010010 2

Matching output
0 1
1 2
2 3
3 4
4 absent
5 absent
6 absent
7 3

Left
1 2 3 4 5x
Best: I1 2 3 4: 4

Right
3 2y
Best: I3: 1

NOT
0 1001100 3
1 0000001 1
2 1110001 4
3 0000101 2
4 1010000 2
5 0010000 1
6 1101111 6
7 1101101 5

Matching output
0 absent
1 absent
2 absent
3 absent
4 absent
5 absent
6 absent
7 absent

Left
none
Best: none

Right
none
Best: none

Constant
0 0000000 a
1 1111111 a

Matching output
0 absent
1 absent
2 absent
3 absent
4 absent
5 absent
6 absent
7 absent

Left
none
Best: none

Right
none
Best: none

AND
01 10 0110010 3
12 21 0001110 3 match 1
23 32 0001010 2
34 43 0101010 3
45 54 0101111 5 match 3
56 65 0000000 a
67 76 0010000 1
70 07 0010010 2

02 20 0000010 1
13 31 1111010 5 match 2 7
24 42 0001110 3 match 1
35 53 1101010 4
46 64 0000000 a
57 75 0000010 1
60 06 0010000 1
71 17 0010010 2

03 30 0110010 3
14 41 0101110 4
25 52 0001110 3 match 1
36 63 0010000 1
47 74 0000010 1
50 05 0100011 3
61 16 0010000 1
72 27 0000010 1

04 40 0100011 3
15 51 1101110 5 match 5
26 62 0000000 a
37 73 0010010 2

Matching output
0 absent
1 12 21 24 42 25 52
2 13 31
3 45 54
4 absent
5 15 51
6 absent
7 13 31

Left
none
Best: none

Right
13 02x
31 20x
Best: AND13: 1

OR
01 10 1111111 a
12 21 1111110 6 match 0
23 32 1111110 6 match 0
34 43 1111111 a
45 54 1101111 6
56 65 1111111 a
67 76 0010010 2
70 07 0110011 4

02 20 0111111 6
13 31 1111110 6 match 0
24 42 0101111 5 match 3
35 53 1111111 a
46 64 0111111 6
57 75 1111111 a
60 06 0110011 4
71 17 1111110 6 match 0

03 30 1111011 6
14 41 1111111 a
25 52 1101111 6
36 63 1111010 5 match 2 7
47 74 0111111 6
50 05 1111111 a
61 16 1111110 6 match 0
72 27 0011110 4

04 40 0111111 6
15 51 1111111 a
26 62 0011110 4
37 73 1111010 5 match 2 7

Matching output
0 12 21 23 32 13 31 71 17 61 16
1 absent
2 36 63 37 73
3 24 42
4 absent
5 absent
6 absent
7 36 63 37 73

Left
12 23y
21 32y
23 34x
32 43x
13 24y
31 42y
71 02x
17 20x
61 72x
16 27x
Best: OR12: 1

Right
36 25x
63 52x
37 26x
73 62x
Best: OR36: 1

XOR
01 10 1001101 4
12 21 1110000 3
23 32 1110100 4
34 43 1010101 4
45 54 1000000 1
56 65 1111111 a
67 76 0000010 1
70 07 0100001 2

02 20 0111101 5
13 31 0000100 1
24 42 0100001 2
35 53 0010101 3
46 64 0111111 6
57 75 1111101 6
60 06 0100011 3
71 17 1101100 4

03 30 1001001 3
14 41 1010001 3
25 52 1100001 3
36 63 1101010 4
47 74 0111101 5
50 05 1011100 4 match 4
61 16 1101110 5 match 5
72 27 0011100 3 match 6

04 40 0011100 3 match 6
15 51 0010001 2
26 62 0011110 4
37 73 1101000 3

Matching output
0 absent
1 absent
2 absent
3 absent
4 50 05
5 61 16
6 72 27 04 40
7 absent

Left
none
Best: none

Right
none
Best: none

AND-NOT
01 0000001 1
12 1110000 3
23 0000100 1
34 1010000 2
45 0000000 a
56 1101111 6
67 0000000 a
70 0000000 a

02 0110001 3
13 0000100 1
24 0000000 a
35 0010000 1
46 0101111 5 match 3
57 1101101 5
60 0000000 a
71 0000000 a

03 0000001 1
14 1010000 2
25 0000000 a
36 1101010 4
47 0101101 4
50 1001100 3
61 0000000 a
72 0010000 1

04 0010000 1
15 0010000 1
26 0001110 3 match 1
37 1101000 3
40 0001100 2
51 0000001 1
62 0010000 1
73 0000000 a

05 0010000 1
16 1101110 5 match 5
27 0001100 2
30 1001000 2
41 0000001 1
52 1100001 3
63 0000000 a
74 0010000 1

06 0100011 3
17 1101100 4
20 0001100 2
31 0000000 a
42 0100001 2
53 0000101 2
64 0010000 1
75 0010000 1

07 0100001 2
10 1001100 3
21 0000000 a
32 1110000 3
43 0000101 2
54 1000000 1
65 0010000 1
76 0000010 1

Matching output
0 absent
1 26
2 absent
3 46
4 absent
5 16
6 absent
7 absent

Left
none
Best: none

Right
none
Best: none

OR-NOT
01 0110011 4
12 1111111 a
23 0001111 4
34 1111010 5 match 2 7
45 0111111 6
56 1101111 6
67 1111101 6
70 1011110 5

02 1110011 5
13 1111111 a
24 1011110 5
35 1111010 5 match 2 7
46 1101111 6
57 1101111 6
60 1011100 4 match 4
71 0010011 3

03 0110111 5
14 1111110 6 match 0
25 0011110 4
36 1111111 a
47 1101111 6
50 1101111 6
61 0010001 2
72 1110011 5

04 1110011 5
15 1111110 6 match 0
26 1101111 6
37 1111111 a
40 1101111 6
51 1101111 6
62 1110001 4
73 0010111 4

05 0110011 4
16 1111111 a
27 1101111 6
30 1111110 6 match 0
41 0101111 5 match 3
52 1111111 a
63 0010101 3
74 1010010 3

06 1111111 a
17 1111111 a
20 1001110 4
31 1111011 6
42 1111111 a
53 1101111 6
64 1010000 2
75 0010010 2

07 1111111 a
10 1111110 6 match 0
21 0001111 4
32 1111011 6
43 0101111 5 match 3
54 1111111 a
65 0010000 1
76 1111111 a

Matching output
0 14 15 30 10
1 absent
2 34 35
3 41 43
4 60
5 absent
6 absent
7 34 35

Left
14 25x
15 26x
30 41y
10 21x
Best: OR-NOT14: 1

Right
34 23x
35 24x
Best: OR-NOT34: 1

XOR-NOT
01 0110010 3
12 0001111 4
23 0001011 3
34 0101010 3
45 0111111 6
56 0000000 a
67 1111101 6
70 1011110 5

02 1000010 2
13 1111011 6
24 1011110 5
35 1101010 4
46 1000000 1
57 0000010 1
60 1011100 4 match 4
71 0010011 3

03 0110110 4
14 0101110 4
25 0011110 4
36 0010101 3
47 1000010 2
50 0100011 3
61 0010001 2
72 1100011 4

04 1100011 4
15 1101110 5 match 5
26 1100001 3
37 0010111 4
40 1100011 4
51 1101110 5 match 5
62 1100001 3
73 0010111 4

05 0100011 3
16 0010001 2
27 1100011 4
30 0110110 4
41 0101110 4
52 0011110 4
63 0010101 3
74 1000010 2

06 1011100 4 match 4
17 0010011 3
20 1000010 2
31 1111011 6
42 1011110 5
53 1101010 4
64 1000000 1
75 0000010 1

07 1011110 5
10 0110010 3
21 0001111 4
32 0001011 3
43 0101010 3
54 0111111 6
65 0000000 a
76 1111101 6

Matching output
0 absent
1 absent
2 absent
3 absent
4 60 06
5 15 51
6 absent
7 absent

Left
none
Best: none

Right
none
Best: none

Selecting

Lefts
Identity I1 2 3 4: 4
NOT none
Constant none
AND none
OR OR12: 1
XOR none
AND-NOT none
OR-NOT OR-NOT14: 1
XOR-NOT none

Rights
Identity I3: 1
NOT none
Constant none
AND AND13: 1
OR OR36: 1
XOR none
AND-NOT none
OR-NOT OR-NOT34: 1
XOR-NOT none

Left longest: 4
Right longest: 1

Left winner: Identity yes, NOT no, Constant no, AND no, OR no, XOR no, AND-NOT no, OR-NOT no, XOR-NOT no
Right winner: Identity yes, NOT no, Constant no, AND no, OR no, XOR no, AND-NOT no, OR-NOT no, XOR-NOT no

Best left: I1 2 3 4: 4
Best right: I3: 1

Truncated left: I1 2 3 4: 4
Truncated right: I3: 1

Tentative from right
7 I3
6 pending
5 pending
4 pending
3 pending
2 pending
1 pending
0 pending

Tentative
0 I1
1 I2
2 I3
3 I4
4 pending
5 pending
6 pending
7 I3

Preferred from left
0 I1
1 I2
2 I3
3 I4
4 ?5?
5 ?6?
6 ?7?
7 I3

Preferred from right
7 I3
6 ?72
5 ?61
4 ?50
3 I4
2 I3
1 I2
0 I1

Preferred
0 I1
1 I2
2 I3
3 I4
4 ?50 ?05
5 ?61 ?16
6 ?72 ?27
7 I3

Matching
0 I1
1 I2
2 I3
3 I4
4 ?50 ?05 - Identity absent, NOT absent, Constant absent, AND absent, OR absent, XOR50, AND-NOT absent, OR-NOT absent, XOR-NOT absent
5 ?61 ?16 - Identity absent, NOT absent, Constant absent, AND absent, OR absent, XOR61, AND-NOT16, OR-NOT absent, XOR-NOT absent
6 ?72 ?27 - Identity absent, NOT absent, Constant absent, AND absent, OR absent, XOR72, AND-NOT absent, OR-NOT absent, XOR-NOT absent
7 I3

Perfect match
Identity no
NOT no
Constant no
AND no
OR no
XOR yes
AND-NOT no
OR-NOT no
XOR-NOT no

Matched
0 I1
1 I2
2 I3
3 I4
4 XOR50
5 XOR61
6 XOR72
7 I3

Selected
0 I1
1 I2
2 I3
3 I4
4 XOR50
5 XOR61
6 XOR72
7 I3

Applying to 10000110
Input
0 1
1 0
2 0
3 0
4 0
5 1
6 1
7 0
Output
0 I1 = 0
1 I2 = 0
2 I3 = 0
3 I4 = 0
4 XOR50 = XOR(1,1) = 0
5 XOR61 = XOR(1,0) = 1
6 XOR72 = XOR(0,0) = 0
7 I3 = 0

I will now return the answer in \boxed{}
The answer in \boxed is
\boxed{00000100}