We need to deduce the transformation by matching the example outputs.
I will put my final answer inside \boxed{}.

Output 0: 00011111
0 0
1 0
2 0
3 1
4 1
5 1
6 1
7 1

Output 1: 10001010
0 1
1 0
2 0
3 0
4 1
5 0
6 1
7 0

Output 2: 01101111
0 0
1 1
2 1
3 0
4 1
5 1
6 1
7 1

Output 3: 00010101
0 0
1 0
2 0
3 1
4 0
5 1
6 0
7 1

Output 4: 01011000
0 0
1 1
2 0
3 1
4 1
5 0
6 0
7 0

Output 5: 00111010
0 0
1 0
2 1
3 1
4 1
5 0
6 1
7 0

Output 6: 00000111
0 0
1 0
2 0
3 0
4 0
5 1
6 1
7 1

Output 7: 00111000
0 0
1 0
2 1
3 1
4 1
5 0
6 0
7 0

Output 8: 00111011
0 0
1 0
2 1
3 1
4 1
5 0
6 1
7 1

Output bit columns (with bitsum as hash)
0 010000000 1
1 001010000 2
2 001001011 4
3 100111011 6
4 111011011 7
5 101100100 4
6 111001101 6
7 101100101 5

Input 0: 00111110
0 0
1 0
2 1
3 1
4 1
5 1
6 1
7 0

Input 1: 00010101
0 0
1 0
2 0
3 1
4 0
5 1
6 0
7 1

Input 2: 11011110
0 1
1 1
2 0
3 1
4 1
5 1
6 1
7 0

Input 3: 00101010
0 0
1 0
2 1
3 0
4 1
5 0
6 1
7 0

Input 4: 10110000
0 1
1 0
2 1
3 1
4 0
5 0
6 0
7 0

Input 5: 01110100
0 0
1 1
2 1
3 1
4 0
5 1
6 0
7 0

Input 6: 10001111
0 1
1 0
2 0
3 0
4 1
5 1
6 1
7 1

Input 7: 01110000
0 0
1 1
2 1
3 1
4 0
5 0
6 0
7 0

Input 8: 01110110
0 0
1 1
2 1
3 1
4 0
5 1
6 1
7 0

When matching output
x: not in operator
y: wrong position

Identity
0 001010100 3
1 001001011 4 match 2
2 100111011 6 match 3
3 111011011 7 match 4
4 101100100 4 match 5
5 111001101 6 match 6
6 101100101 5 match 7
7 010000100 2

Matching output
0 absent
1 absent
2 1
3 2
4 3
5 4
6 5
7 6

Left
none
Best: none

Right
6 5 4 3 2 1 0x
Best: I6 5 4 3 2 1: 6

NOT
0 110101011 6
1 110110100 5
2 011000100 3
3 000100100 2
4 010011011 5
5 000110010 3
6 010011010 4
7 101111011 7

Matching output
0 absent
1 absent
2 absent
3 absent
4 absent
5 absent
6 absent
7 absent

Left
none
Best: none

Right
none
Best: none

Constant
0 000000000 a
1 111111111 a

Matching output
0 absent
1 absent
2 absent
3 absent
4 absent
5 absent
6 absent
7 absent

Left
none
Best: none

Right
none
Best: none

AND
01 10 001000000 1
12 21 000001011 3
23 32 100011011 5
34 43 101000000 2
45 54 101000100 3
56 65 101000101 4
67 76 000000100 1
70 07 000000100 1

02 20 000010000 1
13 31 001001011 4 match 2
24 42 100100000 2
35 53 111001001 5
46 64 101100100 4 match 5
57 75 010000100 2
60 06 001000100 2
71 17 000000000 a

03 30 001010000 2 match 1
14 41 001000000 1
25 52 100001001 3
36 63 101000001 3
47 74 000000100 1
50 05 001000100 2
61 16 001000001 2
72 27 000000000 a

04 40 001000100 2
15 51 001001001 3
26 62 100100001 3
37 73 010000000 1 match 0

Matching output
0 37 73
1 03 30
2 13 31
3 absent
4 absent
5 46 64
6 absent
7 absent

Left
37 40x
73 04x
Best: AND37: 1

Right
none
Best: none

OR
01 10 001011111 6
12 21 101111011 7
23 32 111111011 8
34 43 111111111 a
45 54 111101101 7
56 65 111101101 7
67 76 111100101 6
70 07 011010100 4

02 20 101111111 8
13 31 111011011 7 match 4
24 42 101111111 8
35 53 111011111 8
46 64 101100101 5 match 7
57 75 111001101 6 match 6
60 06 101110101 6
71 17 011001111 6

03 30 111011111 8
14 41 101101111 7
25 52 111111111 a
36 63 111111111 a
47 74 111100100 5
50 05 111011101 7
61 16 101101111 7
72 27 110111111 8

04 40 101110100 5
15 51 111001111 7
26 62 101111111 8
37 73 111011111 8

Matching output
0 absent
1 absent
2 absent
3 absent
4 13 31
5 absent
6 57 75
7 46 64

Left
none
Best: none

Right
46 35x
64 53x
Best: OR46: 1

XOR
01 10 000011111 5
12 21 101110000 4
23 32 011100000 3
34 43 010111111 7
45 54 010101001 4
56 65 010101000 3
67 76 111100001 5
70 07 011010000 3

02 20 101101111 7
13 31 110010000 3
24 42 001011111 6
35 53 000010110 3
46 64 000000001 1
57 75 101001001 4
60 06 100110001 4
71 17 011001111 6

03 30 110001111 6
14 41 100101111 6
25 52 011110110 6
36 63 010111110 6
47 74 111100000 4
50 05 110011001 5
61 16 100101110 5
72 27 110111111 8

04 40 100110000 3
15 51 110000110 4
26 62 001011110 5
37 73 101011111 7

Matching output
0 absent
1 absent
2 absent
3 absent
4 absent
5 absent
6 absent
7 absent

Left
none
Best: none

Right
none
Best: none

AND-NOT
01 000010100 2
12 001000000 1
23 000100000 1
34 010011011 5
45 000100000 1
56 010001000 2
67 101100001 4
70 010000000 1 match 0

02 001000100 2
13 000000000 a
24 000011011 4
35 000010010 2
46 000000000 a
57 101001001 4
60 100100001 3
71 010000100 2

03 000000100 1
14 000001011 3
25 000110010 3
36 010011010 4
47 101100000 3
50 110001001 4
61 100100100 3
72 010000100 2

04 000010000 1
15 000000010 1
26 000011010 3
37 101011011 6
40 100100000 2
51 110000100 3
62 001000100 2
73 000000100 1

05 000010000 1
16 000001010 2
27 100111011 6 match 3
30 110001011 5
41 100100100 3
52 011000100 3
63 000100100 2
74 010000000 1 match 0

06 000010000 1
17 001001011 4 match 2
20 100101011 5
31 110010000 3
42 001000100 2
53 000000100 1
64 000000001 1
75 000000000 a

07 001010000 2 match 1
10 000001011 3
21 100110000 3
32 011000000 2
43 000100100 2
54 010001001 3
65 000100000 1
76 010000000 1 match 0

Matching output
0 70 74 76
1 07
2 17
3 27
4 absent
5 absent
6 absent
7 absent

Left
70 01x
74 05x
76 07 10x
Best: AND-NOT76 07: 2

Right
none
Best: none

OR-NOT
01 111110100 6
12 011001111 6
23 100111111 7
34 111011011 7 match 4
45 101110110 6
56 111011111 8
67 101111111 8
70 110101111 7

02 011010100 4
13 001101111 6
24 110111011 7
35 111111011 8
46 111111110 8
57 111111111 a
60 111101111 8
71 110110100 5

03 001110100 4
14 011011011 6
25 100111011 6 match 3
36 111011011 7 match 4
47 101111111 8
50 111101111 8
61 111110101 7
72 011000100 3

04 011011111 7
15 001111011 6
26 110111011 7
37 111111011 8
40 111101111 8
51 111111101 8
62 111100101 6
73 010100100 3

05 001110110 5
16 011011011 6
27 101111011 7
30 111111011 8
41 111110100 6
52 111001101 6 match 6
63 101100101 5 match 7
74 010011111 6

06 011011110 6
17 101111011 7
20 110111011 7
31 111111111 a
42 111100100 5
53 111101101 7
64 111111111 a
75 010110110 5

07 101111111 8
10 111101011 7
21 110111111 8
32 111011111 8
43 101100100 4 match 5
54 111011111 8
65 101110111 7
76 010011110 5

Matching output
0 absent
1 absent
2 absent
3 25
4 34 36
5 43
6 52
7 63

Left
none
Best: none

Right
63 52 41x
Best: OR-NOT63 52: 2

XOR-NOT
01 111100000 4
12 010001111 5
23 100011111 6
34 101000000 2
45 101010110 5
56 101010111 6
67 000011110 4
70 100101111 6

02 010010000 2
13 001101111 6
24 110100000 3
35 111101001 6
46 111111110 8
57 010110110 5
60 011001110 5
71 100110000 3

03 001110000 3
14 011010000 3
25 100001001 3
36 101000001 3
47 000011111 5
50 001100110 4
61 011010001 4
72 001000000 1

04 011001111 6
15 001111001 5
26 110100001 4
37 010100000 2
40 011001111 6
51 001111001 5
62 110100001 4
73 010100000 2

05 001100110 4
16 011010001 4
27 001000000 1
30 001110000 3
41 011010000 3
52 100001001 3
63 101000001 3
74 000011111 5

06 011001110 5
17 100110000 3
20 010010000 2
31 001101111 6
42 110100000 3
53 111101001 6
64 111111110 8
75 010110110 5

07 100101111 6
10 111100000 4
21 010001111 5
32 100011111 6
43 101000000 2
54 101010110 5
65 101010111 6
76 000011110 4

Matching output
0 absent
1 absent
2 absent
3 absent
4 absent
5 absent
6 absent
7 absent

Left
none
Best: none

Right
none
Best: none

Selecting

Lefts
Identity none
NOT none
Constant none
AND AND37: 1
OR none
XOR none
AND-NOT AND-NOT76 07: 2
OR-NOT none
XOR-NOT none

Rights
Identity I6 5 4 3 2 1: 6
NOT none
Constant none
AND none
OR OR46: 1
XOR none
AND-NOT none
OR-NOT OR-NOT63 52: 2
XOR-NOT none

Left longest: 2
Right longest: 6

Right winner: Identity yes, NOT no, Constant no, AND no, OR no, XOR no, AND-NOT no, OR-NOT no, XOR-NOT no
Left winner: Identity no, NOT no, Constant no, AND no, OR no, XOR no, AND-NOT yes, OR-NOT no, XOR-NOT no

Best right: I6 5 4 3 2 1: 6
Best left: AND-NOT76 07: 2

Truncated right: I6 5 4 3 2 1: 6
Truncated left: AND-NOT76 07: 2

Tentative from right
7 I6
6 I5
5 I4
4 I3
3 I2
2 I1
1 pending
0 pending

Tentative
0 AND-NOT76
1 AND-NOT07
2 I1
3 I2
4 I3
5 I4
6 I5
7 I6

Preferred from right
7 I6
6 I5
5 I4
4 I3
3 I2
2 I1
1 AND-NOT07
0 AND-NOT76

Preferred from left
0 AND-NOT76
1 AND-NOT07
2 I1
3 I2
4 I3
5 I4
6 I5
7 I6

Preferred
0 AND-NOT76
1 AND-NOT07
2 I1
3 I2
4 I3
5 I4
6 I5
7 I6

Matching
0 AND-NOT76
1 AND-NOT07
2 I1
3 I2
4 I3
5 I4
6 I5
7 I6

Perfect match
Identity no
NOT no
Constant no
AND no
OR no
XOR no
AND-NOT no
OR-NOT no
XOR-NOT no

Matched
0 AND-NOT76
1 AND-NOT07
2 I1
3 I2
4 I3
5 I4
6 I5
7 I6

Selected
0 AND-NOT76
1 AND-NOT07
2 I1
3 I2
4 I3
5 I4
6 I5
7 I6

Applying to 11001110
Input
0 1
1 1
2 0
3 0
4 1
5 1
6 1
7 0
Output
0 AND-NOT76 = AND(0,NOT(1)) = 0
1 AND-NOT07 = AND(1,NOT(0)) = 1
2 I1 = 1
3 I2 = 0
4 I3 = 0
5 I4 = 1
6 I5 = 1
7 I6 = 1

I will now return the answer in \boxed{}
The answer in \boxed is
\boxed{01100111}