We need to deduce the transformation by matching the example outputs.
I will put my final answer inside \boxed{}.

Output 0: 01111001
0 0
1 1
2 1
3 1
4 1
5 0
6 0
7 1

Output 1: 11010011
0 1
1 1
2 0
3 1
4 0
5 0
6 1
7 1

Output 2: 11110110
0 1
1 1
2 1
3 1
4 0
5 1
6 1
7 0

Output 3: 10110100
0 1
1 0
2 1
3 1
4 0
5 1
6 0
7 0

Output 4: 00111000
0 0
1 0
2 1
3 1
4 1
5 0
6 0
7 0

Output 5: 00110101
0 0
1 0
2 1
3 1
4 0
5 1
6 0
7 1

Output 6: 01111110
0 0
1 1
2 1
3 1
4 1
5 1
6 1
7 0

Output 7: 10110110
0 1
1 0
2 1
3 1
4 0
5 1
6 1
7 0

Output 8: 01001111
0 0
1 1
2 0
3 0
4 1
5 1
6 1
7 1

Output 9: 01111111
0 0
1 1
2 1
3 1
4 1
5 1
6 1
7 1

Output bit columns (with bitsum as hash)
0 0111000100 4
1 1110001011 6
2 1011111101 8
3 1111111101 9
4 1000101011 5
5 0011011111 7
6 0110001111 6
7 1100010011 5

Input 0: 00111111
0 0
1 0
2 1
3 1
4 1
5 1
6 1
7 1

Input 1: 01111010
0 0
1 1
2 1
3 1
4 1
5 0
6 1
7 0

Input 2: 11011110
0 1
1 1
2 0
3 1
4 1
5 1
6 1
7 0

Input 3: 10010110
0 1
1 0
2 0
3 1
4 0
5 1
6 1
7 0

Input 4: 00000111
0 0
1 0
2 0
3 0
4 0
5 1
6 1
7 1

Input 5: 10100110
0 1
1 0
2 1
3 0
4 0
5 1
6 1
7 0

Input 6: 11001111
0 1
1 1
2 0
3 0
4 1
5 1
6 1
7 1

Input 7: 11010110
0 1
1 1
2 0
3 1
4 0
5 1
6 1
7 0

Input 8: 11111001
0 1
1 1
2 1
3 1
4 1
5 0
6 0
7 1

Input 9: 11111111
0 1
1 1
2 1
3 1
4 1
5 1
6 1
7 1

When matching output
x: not in operator
y: wrong position

Identity
0 0011011111 7 match 5
1 0110001111 6 match 6
2 1100010011 5 match 7
3 1111000111 7
4 1110001011 6 match 1
5 1011111101 8 match 2
6 1111111101 9 match 3
7 1000101011 5 match 4

Matching output
0 absent
1 4
2 5
3 6
4 7
5 0
6 1
7 2

Left
none
Best: none

Right
2 1 0 7 6 5 4 3x
Best: I2 1 0 7 6 5 4: 7

NOT
0 1100100000 3
1 1001110000 4
2 0011101100 5
3 0000111000 3
4 0001110100 4
5 0100000010 2
6 0000000010 1
7 0111010100 5

Matching output
0 absent
1 absent
2 absent
3 absent
4 absent
5 absent
6 absent
7 absent

Left
none
Best: none

Right
none
Best: none

Constant
0 0000000000 a
1 1111111111 a

Matching output
0 absent
1 absent
2 absent
3 absent
4 absent
5 absent
6 absent
7 absent

Left
none
Best: none

Right
none
Best: none

AND
01 10 0010001111 5
12 21 0100000011 3
23 32 1100000011 4
34 43 1110000011 5
45 54 1010001001 4
56 65 1011111101 8 match 2
67 76 1000101001 4
70 07 0000001011 3

02 20 0000010011 3
13 31 0110000111 5
24 42 1100000011 4
35 53 1011000101 5
46 64 1110001001 5
57 75 1000101001 4
60 06 0011011101 6
71 17 0000001011 3

03 30 0011000111 5
14 41 0110001011 5
25 52 1000010001 3
36 63 1111000101 6
47 74 1000001011 4
50 05 0011011101 6
61 16 0110001101 5
72 27 1000000011 3

04 40 0010001011 4
15 51 0010001101 4
26 62 1100010001 4
37 73 1000000011 3

Matching output
0 absent
1 absent
2 56 65
3 absent
4 absent
5 absent
6 absent
7 absent

Left
none
Best: none

Right
none
Best: none

OR
01 10 0111011111 8
12 21 1110011111 8
23 32 1111010111 8
34 43 1111001111 8
45 54 1111111111 a
56 65 1111111101 9 match 3
67 76 1111111111 a
70 07 1011111111 9

02 20 1111011111 9
13 31 1111001111 8
24 42 1110011011 7
35 53 1111111111 a
46 64 1111111111 a
57 75 1011111111 9
60 06 1111111111 a
71 17 1110101111 8

03 30 1111011111 9
14 41 1110001111 7
25 52 1111111111 a
36 63 1111111111 a
47 74 1110101011 7
50 05 1011111111 9
61 16 1111111111 a
72 27 1100111011 7

04 40 1111011111 9
15 51 1111111111 a
26 62 1111111111 a
37 73 1111101111 9

Matching output
0 absent
1 absent
2 absent
3 56 65
4 absent
5 absent
6 absent
7 absent

Left
none
Best: none

Right
none
Best: none

XOR
01 10 0101010000 3
12 21 1010011100 5
23 32 0011010100 4
34 43 0001001100 3
45 54 0101110110 6
56 65 0100000000 1
67 76 0111010110 6
70 07 1011110100 6

02 20 1111001100 6
13 31 1001001000 3
24 42 0010011000 3
35 53 0100111010 5
46 64 0001110110 5
57 75 0011010110 5
60 06 1100100010 4
71 17 1110100100 5

03 30 1100011000 4
14 41 1000000100 2
25 52 0111101110 7
36 63 0000111010 4
47 74 0110100000 3
50 05 1000100010 3
61 16 1001110010 5
72 27 0100111000 4

04 40 1101010100 5
15 51 1101110010 6
26 62 0011101110 6
37 73 0111101100 6

Matching output
0 absent
1 absent
2 absent
3 absent
4 absent
5 absent
6 absent
7 absent

Left
none
Best: none

Right
none
Best: none

AND-NOT
01 0001010000 2
12 0010001100 3
23 0000010000 1
34 0001000100 2
45 0100000010 2
56 0000000000 a
67 0111010100 5
70 1000100000 2

02 0011001100 4
13 0000001000 1
24 0000010000 1
35 0100000010 2
46 0000000010 1
57 0011010100 4
60 1100100000 3
71 1000100000 2

03 0000011000 2
14 0000000100 1
25 0100000010 2
36 0000000010 1
47 0110000000 2
50 1000100000 2
61 1001110000 4
72 0000101000 2

04 0001010100 3
15 0100000010 2
26 0000000010 1
37 0111000100 4 match 0
40 1100000000 2
51 1001110000 4
62 0011101100 5
73 0000101000 2

05 0000000010 1
16 0000000010 1
27 0100010000 2
30 1100000000 2
41 1000000000 1
52 0011101100 5
63 0000111000 3
74 0000100000 1

06 0000000010 1
17 0110000100 3
20 1100000000 2
31 1001000000 2
42 0010001000 2
53 0000111000 3
64 0001110100 4
75 0000000010 1

07 0011010100 4
10 0100000000 1
21 1000010000 2
32 0011000100 3
43 0000001000 1
54 0001110100 4
65 0100000000 1
76 0000000010 1

Matching output
0 37
1 absent
2 absent
3 absent
4 absent
5 absent
6 absent
7 absent

Left
37 40x
Best: AND-NOT37: 1

Right
none
Best: none

OR-NOT
01 1011111111 9
12 0111101111 8
23 1100111011 7
34 1111110111 9
45 1110001011 6 match 1
56 1011111111 9
67 1111111101 9 match 3
70 1100101011 6

02 0011111111 8
13 0110111111 8
24 1101110111 8
35 1111000111 7
46 1110001011 6 match 1
57 1111111101 9 match 3
60 1111111101 9 match 3
71 1001111011 7

03 0011111111 8
14 0111111111 9
25 1100010011 5 match 7
36 1111000111 7
47 1111011111 9
50 1111111101 9 match 3
61 1111111101 9 match 3
72 1011101111 8

04 0011111111 8
15 0110001111 6 match 6
26 1100010011 5 match 7
37 1111010111 8
40 1110101011 7
51 1011111101 8 match 2
62 1111111101 9 match 3
73 1000111011 6

05 0111011111 8
16 0110001111 6 match 6
27 1111010111 8
30 1111100111 8
41 1111111011 9
52 1011111101 8 match 2
63 1111111101 9 match 3
74 1001111111 8

06 0011011111 7 match 5
17 0111011111 8
20 1100110011 6
31 1111110111 9
42 1111101111 9
53 1011111101 8 match 2
64 1111111101 9 match 3
75 1100101011 6

07 0111011111 8
10 1110101111 8
21 1101110011 7
32 1111101111 9
43 1110111011 8
54 1011111101 8 match 2
65 1111111111 a
76 1000101011 5 match 4

Matching output
0 absent
1 45 46
2 51 52 53 54
3 67 57 60 50 61 62 63 64
4 76
5 06
6 15 16
7 25 26

Left
none
Best: none

Right
25 14x
26 15 04x
Best: OR-NOT26 15: 2

XOR-NOT
01 1010101111 7
12 0101100011 5
23 1100101011 6
34 1110110011 7
45 1010001001 4
56 1011111111 9
67 1000101001 4
70 0100001011 4

02 0000110011 4
13 0110110111 7
24 1101100111 7
35 1011000101 5
46 1110001001 5
57 1100101001 5
60 0011011101 6
71 0001011011 5

03 0011100111 6
14 0111111011 8
25 1000010001 3
36 1111000101 6
47 1001011111 7
50 0111011101 7
61 0110001101 5
72 1011000111 6

04 0010101011 5
15 0010001101 4
26 1100010001 4
37 1000010011 4
40 0010101011 5
51 0010001101 4
62 1100010001 4
73 1000010011 4

05 0111011101 7
16 0110001101 5
27 1011000111 6
30 0011100111 6
41 0111111011 8
52 1000010001 3
63 1111000101 6
74 1001011111 7

06 0011011101 6
17 0001011011 5
20 0000110011 4
31 0110110111 7
42 1101100111 7
53 1011000101 5
64 1110001001 5
75 1100101001 5

07 0100001011 4
10 1010101111 7
21 0101100011 5
32 1100101011 6
43 1110110011 7
54 1010001001 4
65 1011111111 9
76 1000101001 4

Matching output
0 absent
1 absent
2 absent
3 absent
4 absent
5 absent
6 absent
7 absent

Left
none
Best: none

Right
none
Best: none

Selecting

Lefts
Identity none
NOT none
Constant none
AND none
OR none
XOR none
AND-NOT AND-NOT37: 1
OR-NOT none
XOR-NOT none

Rights
Identity I2 1 0 7 6 5 4: 7
NOT none
Constant none
AND none
OR none
XOR none
AND-NOT none
OR-NOT OR-NOT26 15: 2
XOR-NOT none

Left longest: 1
Right longest: 7

Right winner: Identity yes, NOT no, Constant no, AND no, OR no, XOR no, AND-NOT no, OR-NOT no, XOR-NOT no
Left winner: Identity no, NOT no, Constant no, AND no, OR no, XOR no, AND-NOT yes, OR-NOT no, XOR-NOT no

Best right: I2 1 0 7 6 5 4: 7
Best left: AND-NOT37: 1

Truncated right: I2 1 0 7 6 5 4: 7
Truncated left: AND-NOT37: 1

Tentative from right
7 I2
6 I1
5 I0
4 I7
3 I6
2 I5
1 I4
0 pending

Tentative
0 AND-NOT37
1 I4
2 I5
3 I6
4 I7
5 I0
6 I1
7 I2

Preferred from right
7 I2
6 I1
5 I0
4 I7
3 I6
2 I5
1 I4
0 AND-NOT37

Preferred from left
0 AND-NOT37
1 I4
2 I5
3 I6
4 I7
5 I0
6 I1
7 I2

Preferred
0 AND-NOT37
1 I4
2 I5
3 I6
4 I7
5 I0
6 I1
7 I2

Matching
0 AND-NOT37
1 I4
2 I5
3 I6
4 I7
5 I0
6 I1
7 I2

Perfect match
Identity no
NOT no
Constant no
AND no
OR no
XOR no
AND-NOT no
OR-NOT no
XOR-NOT no

Matched
0 AND-NOT37
1 I4
2 I5
3 I6
4 I7
5 I0
6 I1
7 I2

Selected
0 AND-NOT37
1 I4
2 I5
3 I6
4 I7
5 I0
6 I1
7 I2

Applying to 11110100
Input
0 1
1 1
2 1
3 1
4 0
5 1
6 0
7 0
Output
0 AND-NOT37 = AND(1,NOT(0)) = 1
1 I4 = 0
2 I5 = 1
3 I6 = 0
4 I7 = 0
5 I0 = 1
6 I1 = 1
7 I2 = 1

I will now return the answer in \boxed{}
The answer in \boxed is
\boxed{10100111}