We need to deduce the transformation by matching the example outputs.
I will put my final answer inside \boxed{}.

Output 0: 01001111
0 0
1 1
2 0
3 0
4 1
5 1
6 1
7 1

Output 1: 10110010
0 1
1 0
2 1
3 1
4 0
5 0
6 1
7 0

Output 2: 11110100
0 1
1 1
2 1
3 1
4 0
5 1
6 0
7 0

Output 3: 11110111
0 1
1 1
2 1
3 1
4 0
5 1
6 1
7 1

Output 4: 11111110
0 1
1 1
2 1
3 1
4 1
5 1
6 1
7 0

Output 5: 01000000
0 0
1 1
2 0
3 0
4 0
5 0
6 0
7 0

Output 6: 00111010
0 0
1 0
2 1
3 1
4 1
5 0
6 1
7 0

Output 7: 10010011
0 1
1 0
2 0
3 1
4 0
5 0
6 1
7 1

Output bit columns (with bitsum as hash)
0 01111001 5
1 10111100 5
2 01111010 5
3 01111011 6
4 10001010 3
5 10111000 4
6 11011011 6
7 10010001 3

Input 0: 11110100
0 1
1 1
2 1
3 1
4 0
5 1
6 0
7 0

Input 1: 00100111
0 0
1 0
2 1
3 0
4 0
5 1
6 1
7 1

Input 2: 01000011
0 0
1 1
2 0
3 0
4 0
5 0
6 1
7 1

Input 3: 01110011
0 0
1 1
2 1
3 1
4 0
5 0
6 1
7 1

Input 4: 11100011
0 1
1 1
2 1
3 0
4 0
5 0
6 1
7 1

Input 5: 00000100
0 0
1 0
2 0
3 0
4 0
5 1
6 0
7 0

Input 6: 10101111
0 1
1 0
2 1
3 0
4 1
5 1
6 1
7 1

Input 7: 00111101
0 0
1 0
2 1
3 1
4 1
5 1
6 0
7 1

When matching output
x: not in operator
y: wrong position

Identity
0 10001010 3 match 4
1 10111000 4 match 5
2 11011011 6 match 6
3 10010001 3 match 7
4 00000011 2
5 11000111 5
6 01111010 5 match 2
7 01111011 6 match 3

Matching output
0 absent
1 absent
2 6
3 7
4 0
5 1
6 2
7 3

Left
none
Best: none

Right
3 2 1 0 7 6 5x
Best: I3 2 1 0 7 6: 6

NOT
0 01110101 5
1 01000111 4
2 00100100 2
3 01101110 5
4 11111100 6
5 00111000 3
6 10000101 3
7 10000100 2

Matching output
0 absent
1 absent
2 absent
3 absent
4 absent
5 absent
6 absent
7 absent

Left
none
Best: none

Right
none
Best: none

Constant
0 00000000 a
1 11111111 a

Matching output
0 absent
1 absent
2 absent
3 absent
4 absent
5 absent
6 absent
7 absent

Left
none
Best: none

Right
none
Best: none

AND
01 10 10001000 2
12 21 10011000 3
23 32 10010001 3 match 7
34 43 00000001 1
45 54 00000011 2
56 65 01000010 2
67 76 01111010 5 match 2
70 07 00001010 2

02 20 10001010 3 match 4
13 31 10010000 2
24 42 00000011 2
35 53 10000001 2
46 64 00000010 1
57 75 01000011 3
60 06 00001010 2
71 17 00111000 3

03 30 10000000 1
14 41 00000000 a
25 52 11000011 4
36 63 00010000 1
47 74 00000011 2
50 05 10000010 2
61 16 00111000 3
72 27 01011011 5

04 40 00000010 1
15 51 10000000 1
26 62 01011010 4
37 73 00010001 2

Matching output
0 absent
1 absent
2 67 76
3 absent
4 02 20
5 absent
6 absent
7 23 32

Left
none
Best: none

Right
23 12x
32 21x
Best: AND23: 1

OR
01 10 10111010 5
12 21 11111011 7
23 32 11011011 6 match 6
34 43 10010011 4
45 54 11000111 5
56 65 11111111 a
67 76 01111011 6 match 3
70 07 11111011 7

02 20 11011011 6 match 6
13 31 10111001 5
24 42 11011011 6 match 6
35 53 11010111 6
46 64 01111011 6 match 3
57 75 11111111 a
60 06 11111010 6
71 17 11111011 7

03 30 10011011 5
14 41 10111011 6
25 52 11011111 7
36 63 11111011 7
47 74 01111011 6 match 3
50 05 11001111 6
61 16 11111010 6
72 27 11111011 7

04 40 10001011 4
15 51 11111111 a
26 62 11111011 7
37 73 11111011 7

Matching output
0 absent
1 absent
2 absent
3 67 76 46 64 47 74
4 absent
5 absent
6 23 32 02 20 24 42
7 absent

Left
none
Best: none

Right
none
Best: none

XOR
01 10 00110010 3
12 21 01100011 4
23 32 01001010 3
34 43 10010010 3
45 54 11000100 3
56 65 10111101 6
67 76 00000001 1
70 07 11110001 5

02 20 01010001 3
13 31 00101001 3
24 42 11011000 4
35 53 01010110 4
46 64 01111001 5 match 0
57 75 10111100 5 match 1
60 06 11110000 4
71 17 11000011 4

03 30 00011011 4
14 41 10111011 6
25 52 00011100 3
36 63 11101011 6
47 74 01111000 4
50 05 01001101 4
61 16 11000010 3
72 27 10100000 2

04 40 10001001 3
15 51 01111111 7
26 62 10100001 3
37 73 11101010 5

Matching output
0 46 64
1 57 75
2 absent
3 absent
4 absent
5 absent
6 absent
7 absent

Left
46 57 60x
64 75 06x
Best: XOR46 57: 2

Right
none
Best: none

AND-NOT
01 00000010 1
12 00100000 1
23 01001010 3
34 10010000 2
45 00000000 a
56 10000101 3
67 00000000 a
70 01110001 4

02 00000000 a
13 00101000 2
24 11011000 4
35 00010000 1
46 00000001 1
57 10000100 2
60 01110000 3
71 01000011 3

03 00001010 2
14 10111000 4 match 5
25 00011000 2
36 10000001 2
47 00000000 a
50 01000101 3
61 01000010 2
72 00100000 1

04 10001000 2
15 00111000 3
26 10000001 2
37 10000000 1
40 00000001 1
51 01000111 4
62 00100000 1
73 01101010 4

05 00001000 1
16 10000000 1
27 10000000 1
30 00010001 2
41 00000011 2
52 00000100 1
63 01101010 4
74 01111000 4

06 10000000 1
17 10000000 1
20 01010001 3
31 00000001 1
42 00000000 a
53 01000110 3
64 01111000 4
75 00111000 3

07 10000000 1
10 00110000 2
21 01000011 3
32 00000000 a
43 00000010 1
54 11000100 3
65 00111000 3
76 00000001 1

Matching output
0 absent
1 absent
2 absent
3 absent
4 absent
5 14
6 absent
7 absent

Left
none
Best: none

Right
none
Best: none

OR-NOT
01 11001111 6
12 10111100 5 match 1
23 11111111 a
34 11111101 7
45 00111011 5
56 11000111 5
67 11111110 7
70 01111111 7

02 10101110 5
13 11111110 7
24 11111111 a
35 10111001 5
46 10000111 4
57 11000111 5
60 01111111 7
71 01111111 7

03 11101110 6
14 11111100 6
25 11111011 7
36 10010101 4
47 10000111 4
50 11110111 7
61 01111111 7
72 01111111 7

04 11111110 7
15 10111000 4 match 5
26 11011111 7
37 10010101 4
40 01110111 6
51 11000111 5
62 01111110 6
73 01111111 7

05 10111010 5
16 10111101 6
27 11011111 7
30 11110101 6
41 01000111 4
52 11100111 6
63 01111110 6
74 11111111 a

06 10001111 5
17 10111100 5 match 1
20 11111111 a
31 11010111 6
42 00100111 4
53 11101111 7
64 11111110 7
75 01111011 6 match 3

07 10001110 4
10 11111101 7
21 11011111 7
32 10110101 5
43 01101111 6
54 11111111 a
65 01111010 5 match 2
76 11111111 a

Matching output
0 absent
1 12 17
2 65
3 75
4 absent
5 15
6 absent
7 absent

Left
none
Best: none

Right
none
Best: none

XOR-NOT
01 11001101 5
12 10011100 4
23 10110101 5
34 01101101 5
45 00111011 5
56 01000010 2
67 11111110 7
70 00001110 3

02 10101110 5
13 11010110 5
24 00100111 4
35 10101001 4
46 10000110 3
57 01000011 3
60 00001111 4
71 00111100 4

03 11100100 4
14 01000100 2
25 11100011 5
36 00010100 2
47 10000111 4
50 10110010 4
61 00111101 5
72 01011111 6

04 01110110 5
15 10000000 1
26 01011110 5
37 00010101 3
40 01110110 5
51 10000000 1
62 01011110 5
73 00010101 3

05 10110010 4
16 00111101 5
27 01011111 6
30 11100100 4
41 01000100 2
52 11100011 5
63 00010100 2
74 10000111 4

06 00001111 4
17 00111100 4
20 10101110 5
31 11010110 5
42 00100111 4
53 10101001 4
64 10000110 3
75 01000011 3

07 00001110 3
10 11001101 5
21 10011100 4
32 10110101 5
43 01101101 5
54 00111011 5
65 01000010 2
76 11111110 7

Matching output
0 absent
1 absent
2 absent
3 absent
4 absent
5 absent
6 absent
7 absent

Left
none
Best: none

Right
none
Best: none

Selecting

Lefts
Identity none
NOT none
Constant none
AND none
OR none
XOR XOR46 57: 2
AND-NOT none
OR-NOT none
XOR-NOT none

Rights
Identity I3 2 1 0 7 6: 6
NOT none
Constant none
AND AND23: 1
OR none
XOR none
AND-NOT none
OR-NOT none
XOR-NOT none

Left longest: 2
Right longest: 6

Right winner: Identity yes, NOT no, Constant no, AND no, OR no, XOR no, AND-NOT no, OR-NOT no, XOR-NOT no
Left winner: Identity no, NOT no, Constant no, AND no, OR no, XOR yes, AND-NOT no, OR-NOT no, XOR-NOT no

Best right: I3 2 1 0 7 6: 6
Best left: XOR46 57: 2

Truncated right: I3 2 1 0 7 6: 6
Truncated left: XOR46 57: 2

Tentative from right
7 I3
6 I2
5 I1
4 I0
3 I7
2 I6
1 pending
0 pending

Tentative
0 XOR46
1 XOR57
2 I6
3 I7
4 I0
5 I1
6 I2
7 I3

Preferred from right
7 I3
6 I2
5 I1
4 I0
3 I7
2 I6
1 XOR57
0 XOR46

Preferred from left
0 XOR46
1 XOR57
2 I6
3 I7
4 I0
5 I1
6 I2
7 I3

Preferred
0 XOR46
1 XOR57
2 I6
3 I7
4 I0
5 I1
6 I2
7 I3

Matching
0 XOR46
1 XOR57
2 I6
3 I7
4 I0
5 I1
6 I2
7 I3

Perfect match
Identity no
NOT no
Constant no
AND no
OR no
XOR no
AND-NOT no
OR-NOT no
XOR-NOT no

Matched
0 XOR46
1 XOR57
2 I6
3 I7
4 I0
5 I1
6 I2
7 I3

Selected
0 XOR46
1 XOR57
2 I6
3 I7
4 I0
5 I1
6 I2
7 I3

Applying to 11011000
Input
0 1
1 1
2 0
3 1
4 1
5 0
6 0
7 0
Output
0 XOR46 = XOR(1,0) = 1
1 XOR57 = XOR(0,0) = 0
2 I6 = 0
3 I7 = 0
4 I0 = 1
5 I1 = 1
6 I2 = 0
7 I3 = 1

I will now return the answer in \boxed{}
The answer in \boxed is
\boxed{10001101}