We need to deduce the transformation by matching the example outputs.
I will put my final answer inside \boxed{}.

Output 0: 00000000
0 0
1 0
2 0
3 0
4 0
5 0
6 0
7 0

Output 1: 00000000
0 0
1 0
2 0
3 0
4 0
5 0
6 0
7 0

Output 2: 00000000
0 0
1 0
2 0
3 0
4 0
5 0
6 0
7 0

Output 3: 10000000
0 1
1 0
2 0
3 0
4 0
5 0
6 0
7 0

Output 4: 00000000
0 0
1 0
2 0
3 0
4 0
5 0
6 0
7 0

Output 5: 10000000
0 1
1 0
2 0
3 0
4 0
5 0
6 0
7 0

Output 6: 01000000
0 0
1 1
2 0
3 0
4 0
5 0
6 0
7 0

Output 7: 00000000
0 0
1 0
2 0
3 0
4 0
5 0
6 0
7 0

Output 8: 00000000
0 0
1 0
2 0
3 0
4 0
5 0
6 0
7 0

Output bit columns (with bitsum as hash)
0 000101000 2
1 000000100 1
2 000000000 a
3 000000000 a
4 000000000 a
5 000000000 a
6 000000000 a
7 000000000 a

Input 0: 00101101
0 0
1 0
2 1
3 0
4 1
5 1
6 0
7 1

Input 1: 01000001
0 0
1 1
2 0
3 0
4 0
5 0
6 0
7 1

Input 2: 10001000
0 1
1 0
2 0
3 0
4 1
5 0
6 0
7 0

Input 3: 00001111
0 0
1 0
2 0
3 0
4 1
5 1
6 1
7 1

Input 4: 00001000
0 0
1 0
2 0
3 0
4 1
5 0
6 0
7 0

Input 5: 01000111
0 0
1 1
2 0
3 0
4 0
5 1
6 1
7 1

Input 6: 11100101
0 1
1 1
2 1
3 0
4 0
5 1
6 0
7 1

Input 7: 00000100
0 0
1 0
2 0
3 0
4 0
5 1
6 0
7 0

Input 8: 01011000
0 0
1 1
2 0
3 1
4 1
5 0
6 0
7 0

When matching output
x: not in operator
y: wrong position

Identity
0 001000100 2
1 010001101 4
2 100000100 2
3 000000001 1
4 101110001 5
5 100101110 5
6 000101000 2 match 0
7 110101100 5

Matching output
0 6
1 absent
2 absent
3 absent
4 absent
5 absent
6 absent
7 absent

Left
6 7x
Best: I6: 1

Right
none
Best: none

NOT
0 110111011 7
1 101110010 5
2 011111011 7
3 111111110 8
4 010001110 4
5 011010001 4
6 111010111 7
7 001010011 4

Matching output
0 absent
1 absent
2 absent
3 absent
4 absent
5 absent
6 absent
7 absent

Left
none
Best: none

Right
none
Best: none

Constant
0 000000000 a match 2 3 4 5 6 7
1 111111111 a

Matching output
0 absent
1 absent
2 C0
3 C0
4 C0
5 C0
6 C0
7 C0

Left
none
Best: none

Right
0 0 0 0 0 0
Best: C0 0 0 0 0 0: 6

AND
01 10 000000100 1 match 1
12 21 000000100 1 match 1
23 32 000000000 a match 2 3 4 5 6 7
34 43 000000001 1
45 54 100100000 2
56 65 000101000 2 match 0
67 76 000101000 2 match 0
70 07 000000100 1 match 1

02 20 000000100 1 match 1
13 31 000000001 1
24 42 100000000 1
35 53 000000000 a match 2 3 4 5 6 7
46 64 000100000 1
57 75 100101100 4
60 06 000000000 a match 2 3 4 5 6 7
71 17 010001100 3

03 30 000000000 a match 2 3 4 5 6 7
14 41 000000001 1
25 52 100000100 2
36 63 000000000 a match 2 3 4 5 6 7
47 74 100100000 2
50 05 000000100 1 match 1
61 16 000001000 1
72 27 100000100 2

04 40 001000000 1
15 51 000001100 2
26 62 000000000 a match 2 3 4 5 6 7
37 73 000000000 a match 2 3 4 5 6 7

Matching output
0 56 65 67 76
1 01 10 12 21 70 07 02 20 50 05
2 23 32 35 53 60 06 03 30 36 63 26 62 37 73
3 23 32 35 53 60 06 03 30 36 63 26 62 37 73
4 23 32 35 53 60 06 03 30 36 63 26 62 37 73
5 23 32 35 53 60 06 03 30 36 63 26 62 37 73
6 23 32 35 53 60 06 03 30 36 63 26 62 37 73
7 23 32 35 53 60 06 03 30 36 63 26 62 37 73

Left
56 67y
65 76y
67 70 01y
76 07 10y
Best: AND67 70: 2

Right
23 12y
32 21y
35 24x
53 42x
60 57x
06 75x
03 72x
30 27x
36 25x
63 52x
26 15x
62 51x
37 26 15x
73 62 51x
Best: AND37 26: 2

OR
01 10 011001101 5
12 21 110001101 5
23 32 100000101 3
34 43 101110001 5
45 54 101111111 8
56 65 100101110 5
67 76 110101100 5
70 07 111101100 6

02 20 101000100 3
13 31 010001101 4
24 42 101110101 6
35 53 100101111 6
46 64 101111001 6
57 75 110101110 6
60 06 001101100 4
71 17 110101101 6

03 30 001000101 3
14 41 111111101 8
25 52 100101110 5
36 63 000101001 3
47 74 111111101 8
50 05 101101110 6
61 16 010101101 5
72 27 110101100 5

04 40 101110101 6
15 51 110101111 7
26 62 100101100 4
37 73 110101101 6

Matching output
0 absent
1 absent
2 absent
3 absent
4 absent
5 absent
6 absent
7 absent

Left
none
Best: none

Right
none
Best: none

XOR
01 10 011001001 4
12 21 110001001 4
23 32 100000101 3
34 43 101110000 4
45 54 001011111 6
56 65 100000110 3
67 76 110000100 3
70 07 111101000 5

02 20 101000000 2
13 31 010001100 3
24 42 001110101 5
35 53 100101111 6
46 64 101011001 5
57 75 010000010 2
60 06 001101100 4
71 17 100100001 3

03 30 001000101 3
14 41 111111100 7
25 52 000101010 3
36 63 000101001 3
47 74 011011101 6
50 05 101101010 5
61 16 010100101 4
72 27 010101000 3

04 40 100110101 5
15 51 110100011 5
26 62 100101100 4
37 73 110101101 6

Matching output
0 absent
1 absent
2 absent
3 absent
4 absent
5 absent
6 absent
7 absent

Left
none
Best: none

Right
none
Best: none

AND-NOT
01 001000000 1
12 010001001 3
23 100000100 2
34 000000000 a match 2 3 4 5 6 7
45 001010001 3
56 100000110 3
67 000000000 a match 2 3 4 5 6 7
70 110101000 4

02 001000000 1
13 010001100 3
24 000000100 1 match 1
35 000000001 1
46 101010001 4
57 000000010 1
60 000101000 2 match 0
71 100100000 2

03 001000100 2
14 010001100 3
25 000000000 a match 2 3 4 5 6 7
36 000000001 1
47 001010001 3
50 100101010 4
61 000100000 1
72 010101000 3

04 000000100 1 match 1
15 010000001 2
26 100000100 2
37 000000001 1
40 100110001 4
51 100100010 3
62 000101000 2 match 0
73 110101100 5

05 001000000 1
16 010000101 3
27 000000000 a match 2 3 4 5 6 7
30 000000001 1
41 101110000 4
52 000101010 3
63 000101000 2 match 0
74 010001100 3

06 001000100 2
17 000000001 1
20 100000000 1
31 000000000 a match 2 3 4 5 6 7
42 001110001 4
53 100101110 5
64 000001000 1
75 010000000 1

07 001000000 1
10 010001001 3
21 100000000 1
32 000000001 1
43 101110000 4
54 000001110 3
65 000000000 a match 2 3 4 5 6 7
76 110000100 3

Matching output
0 60 62 63
1 24 04
2 34 67 25 27 31 65
3 34 67 25 27 31 65
4 34 67 25 27 31 65
5 34 67 25 27 31 65
6 34 67 25 27 31 65
7 34 67 25 27 31 65

Left
60 71x
62 73x
63 74x
Best: AND-NOT60: 1

Right
34 23x
67 56x
25 14x
27 16x
31 20x
65 54x
Best: AND-NOT34: 1

OR-NOT
01 101110110 6
12 011111111 8
23 111111110 8
34 010001111 5
45 111110001 6
56 111111111 a
67 001111011 6
70 110111111 8

02 011111111 8
13 111111111 a
24 110001110 5
35 011010001 4
46 111110111 8
57 101111111 8
60 110111011 7
71 111111110 8

03 111111110 8
14 010001111 5
25 111010101 6
36 111010111 7
47 101110011 6
50 110111111 8
61 101111010 6
72 111111111 a

04 011001110 5
15 011011101 6
26 111010111 7
37 001010011 4
40 111111011 8
51 101111110 7
62 011111011 7
73 111111110 8

05 011010101 5
16 111011111 8
27 101010111 6
30 110111011 7
41 101110011 6
52 111111111 a
63 111111110 8
74 110101110 6

06 111010111 7
17 011011111 7
20 110111111 8
31 101110011 6
42 111111011 8
53 111111110 8
64 010101110 5
75 111111101 8

07 001010111 5
10 110111111 8
21 101110110 6
32 011111011 7
43 111111111 a
54 110101110 6
65 011111001 6
76 111111111 a

Matching output
0 absent
1 absent
2 absent
3 absent
4 absent
5 absent
6 absent
7 absent

Left
none
Best: none

Right
none
Best: none

XOR-NOT
01 100110110 5
12 001110110 5
23 011111010 6
34 010001111 5
45 110100000 3
56 011111001 6
67 001111011 6
70 000010111 4

02 010111111 7
13 101110011 6
24 110001010 4
35 011010000 3
46 010100110 4
57 101111101 7
60 110010011 5
71 011011110 6

03 110111010 6
14 000000011 2
25 111010101 6
36 111010110 6
47 100100010 3
50 010010101 4
61 101011010 5
72 101010111 6

04 011001010 4
15 001011100 4
26 011010011 5
37 001010010 3
40 011001010 4
51 001011100 4
62 011010011 5
73 001010010 3

05 010010101 4
16 101011010 5
27 101010111 6
30 110111010 6
41 000000011 2
52 111010101 6
63 111010110 6
74 100100010 3

06 110010011 5
17 011011110 6
20 010111111 7
31 101110011 6
42 110001010 4
53 011010000 3
64 010100110 4
75 101111101 7

07 000010111 4
10 100110110 5
21 001110110 5
32 011111010 6
43 010001111 5
54 110100000 3
65 011111001 6
76 001111011 6

Matching output
0 absent
1 absent
2 absent
3 absent
4 absent
5 absent
6 absent
7 absent

Left
none
Best: none

Right
none
Best: none

Selecting

Lefts
Identity I6: 1
NOT none
Constant none
AND AND67 70: 2
OR none
XOR none
AND-NOT AND-NOT60: 1
OR-NOT none
XOR-NOT none

Rights
Identity none
NOT none
Constant C0 0 0 0 0 0: 6
AND AND37 26: 2
OR none
XOR none
AND-NOT AND-NOT34: 1
OR-NOT none
XOR-NOT none

Left longest: 2
Right longest: 6

Right winner: Identity no, NOT no, Constant yes, AND no, OR no, XOR no, AND-NOT no, OR-NOT no, XOR-NOT no
Left winner: Identity no, NOT no, Constant no, AND yes, OR no, XOR no, AND-NOT no, OR-NOT no, XOR-NOT no

Best right: C0 0 0 0 0 0: 6
Best left: AND67 70: 2

Truncated right: C0 0 0 0 0 0: 6
Truncated left: AND67 70: 2

Tentative from right
7 C0
6 C0
5 C0
4 C0
3 C0
2 C0
1 pending
0 pending

Tentative
0 AND67
1 AND70
2 C0
3 C0
4 C0
5 C0
6 C0
7 C0

Preferred from right
7 C0
6 C0
5 C0
4 C0
3 C0
2 C0
1 AND70
0 AND67

Preferred from left
0 AND67
1 AND70
2 C0
3 C0
4 C0
5 C0
6 C0
7 C0

Preferred
0 AND67
1 AND70
2 C0
3 C0
4 C0
5 C0
6 C0
7 C0

Matching
0 AND67
1 AND70
2 C0
3 C0
4 C0
5 C0
6 C0
7 C0

Perfect match
Identity no
NOT no
Constant no
AND no
OR no
XOR no
AND-NOT no
OR-NOT no
XOR-NOT no

Matched
0 AND67
1 AND70
2 C0
3 C0
4 C0
5 C0
6 C0
7 C0

Selected
0 AND67
1 AND70
2 C0
3 C0
4 C0
5 C0
6 C0
7 C0

Applying to 01001101
Input
0 0
1 1
2 0
3 0
4 1
5 1
6 0
7 1
Output
0 AND67 = AND(0,1) = 0
1 AND70 = AND(1,0) = 0
2 C0 = 0
3 C0 = 0
4 C0 = 0
5 C0 = 0
6 C0 = 0
7 C0 = 0

I will now return the answer in \boxed{}
The answer in \boxed is
\boxed{00000000}