We need to deduce the transformation by matching the example outputs.
I will put my final answer inside \boxed{}.

Output 0: 10001011
0 1
1 0
2 0
3 0
4 1
5 0
6 1
7 1

Output 1: 10111010
0 1
1 0
2 1
3 1
4 1
5 0
6 1
7 0

Output 2: 00000101
0 0
1 0
2 0
3 0
4 0
5 1
6 0
7 1

Output 3: 11110110
0 1
1 1
2 1
3 1
4 0
5 1
6 1
7 0

Output 4: 10111011
0 1
1 0
2 1
3 1
4 1
5 0
6 1
7 1

Output 5: 11110111
0 1
1 1
2 1
3 1
4 0
5 1
6 1
7 1

Output 6: 10110011
0 1
1 0
2 1
3 1
4 0
5 0
6 1
7 1

Output 7: 01111101
0 0
1 1
2 1
3 1
4 1
5 1
6 0
7 1

Output 8: 11010111
0 1
1 1
2 0
3 1
4 0
5 1
6 1
7 1

Output bit columns (with bitsum as hash)
0 110111101 7
1 000101011 4
2 010111110 6
3 010111111 7
4 110010010 4
5 001101011 5
6 110111101 7
7 101011111 7

Input 0: 11010110
0 1
1 1
2 0
3 1
4 0
5 1
6 1
7 0

Input 1: 10101000
0 1
1 0
2 1
3 0
4 1
5 0
6 0
7 0

Input 2: 01010011
0 0
1 1
2 0
3 1
4 0
5 0
6 1
7 1

Input 3: 00110101
0 0
1 0
2 1
3 1
4 0
5 1
6 0
7 1

Input 4: 11101000
0 1
1 1
2 1
3 0
4 1
5 0
6 0
7 0

Input 5: 00010101
0 0
1 0
2 0
3 1
4 0
5 1
6 0
7 1

Input 6: 11111101
0 1
1 1
2 1
3 1
4 1
5 1
6 0
7 1

Input 7: 01110000
0 0
1 1
2 1
3 1
4 0
5 0
6 0
7 0

Input 8: 00000001
0 0
1 0
2 0
3 0
4 0
5 0
6 0
7 1

When matching output
x: not in operator
y: wrong position

Identity
0 110010100 4
1 101010110 5
2 010110110 5
3 101101110 6
4 010010100 3
5 100101100 4
6 101000000 2
7 001101101 5

Matching output
0 absent
1 absent
2 absent
3 absent
4 absent
5 absent
6 absent
7 absent

Left
none
Best: none

Right
none
Best: none

NOT
0 001101011 5 match 5
1 010101001 4
2 101001001 4
3 010010001 3
4 101101011 6
5 011010011 5
6 010111111 7 match 3
7 110010010 4 match 4

Matching output
0 absent
1 absent
2 absent
3 6
4 7
5 0
6 absent
7 absent

Left
none
Best: none

Right
none
Best: none

Constant
0 000000000 a
1 111111111 a

Matching output
0 absent
1 absent
2 absent
3 absent
4 absent
5 absent
6 absent
7 absent

Left
none
Best: none

Right
none
Best: none

AND
01 10 100010100 3
12 21 000010110 3
23 32 000100110 3
34 43 000000100 1
45 54 000000100 1
56 65 100000000 1
67 76 001000000 1
70 07 000000100 1

02 20 010010100 3
13 31 101000110 4
24 42 010010100 3
35 53 100101100 4
46 64 000000000 a
57 75 000101100 3
60 06 100000000 1
71 17 001000100 2

03 30 100000100 2
14 41 000010100 2
25 52 000100100 2
36 63 101000000 2
47 74 000000100 1
50 05 100000100 2
61 16 101000000 2
72 27 000100100 2

04 40 010010100 3
15 51 100000100 2
26 62 000000000 a
37 73 001101100 4

Matching output
0 absent
1 absent
2 absent
3 absent
4 absent
5 absent
6 absent
7 absent

Left
none
Best: none

Right
none
Best: none

OR
01 10 111010110 6
12 21 111110110 7
23 32 111111110 8
34 43 111111110 8
45 54 110111100 6
56 65 101101100 5
67 76 101101101 6
70 07 111111101 8

02 20 110110110 6
13 31 101111110 7
24 42 010110110 5
35 53 101101110 6
46 64 111010100 5
57 75 101101101 6
60 06 111010100 5
71 17 101111111 8

03 30 111111110 8
14 41 111010110 6
25 52 110111110 7
36 63 101101110 6
47 74 011111101 7
50 05 110111100 6
61 16 101010110 5
72 27 011111111 8

04 40 110010100 4
15 51 101111110 7
26 62 111110110 7
37 73 101101111 7

Matching output
0 absent
1 absent
2 absent
3 absent
4 absent
5 absent
6 absent
7 absent

Left
none
Best: none

Right
none
Best: none

XOR
01 10 011000010 3
12 21 111100000 4
23 32 111011000 5
34 43 111111010 7
45 54 110111000 5
56 65 001101100 4
67 76 100101101 5
70 07 111111001 7

02 20 100100010 3
13 31 000111000 3
24 42 000100010 2
35 53 001000010 2
46 64 111010100 5
57 75 101000001 3
60 06 011010100 4
71 17 100111011 6

03 30 011111010 6
14 41 111000010 4
25 52 110011010 5
36 63 000101110 4
47 74 011111001 6
50 05 010111000 4
61 16 000010110 3
72 27 011011011 6

04 40 100000000 1
15 51 001111010 5
26 62 111110110 7
37 73 100000011 3

Matching output
0 absent
1 absent
2 absent
3 absent
4 absent
5 absent
6 absent
7 absent

Left
none
Best: none

Right
none
Best: none

AND-NOT
01 010000000 1
12 101000000 2
23 010010000 2
34 101101010 5
45 010010000 2
56 000101100 3
67 100000000 1
70 001101001 4

02 100000000 1
13 000010000 1
24 000100010 2
35 001000010 2
46 010010100 3
57 100000000 1
60 001000000 1
71 000101001 3

03 010010000 2
14 101000010 3
25 010010010 3
36 000101110 4
47 010010000 2
50 000101000 2
61 000000000 a
72 001001001 3

04 100000000 1
15 001010010 3
26 010110110 5
37 100000010 2
40 000000000 a
51 000101000 2
62 101000000 2
73 000000001 1

05 010010000 2
16 000010110 3
27 010010010 3
30 001101010 4
41 010000000 1
52 100001000 2
63 000000000 a
74 001101001 4

06 010010100 3
17 100010010 3
20 000100010 2
31 000101000 2
42 000000000 a
53 000000000 a
64 101000000 2
75 001000001 2

07 110010000 3
10 001000010 2
21 010100000 2
32 101001000 3
43 010010000 2
54 100101000 3
65 001000000 1
76 000101101 4

Matching output
0 absent
1 absent
2 absent
3 absent
4 absent
5 absent
6 absent
7 absent

Left
none
Best: none

Right
none
Best: none

OR-NOT
01 110111101 7 match 0 6
12 101011111 7 match 7
23 010110111 6
34 101101111 7
45 011010111 6
56 110111111 8
67 111010010 5
70 001101111 6

02 111011101 7
13 111010111 7
24 111111111 a
35 111111111 a
46 010111111 7 match 3
57 110111110 7
60 101101011 6
71 011101101 6

03 110010101 5
14 101111111 8
25 011110111 7
36 111111111 a
47 110010110 5
50 101101111 7
61 111101001 6
72 101101101 6

04 111111111 a
15 111010111 7
26 010111111 7 match 3
37 111111110 8
40 011111111 8
51 110101101 6
62 101001001 4
73 011111101 7

05 111010111 7
16 111111111 a
27 110110110 6
30 101101111 7
41 010111101 6
52 101101101 6
63 111010001 5
74 101101111 7

06 110111111 8
17 111010110 6
20 011111111 8
31 111101111 8
42 111011101 7
53 110111101 7 match 0 6
64 101101011 6
75 011111111 8

07 110010110 5
10 101111111 8
21 010111111 7 match 3
32 101101111 7
43 010010101 4
54 101101111 7
65 111010011 6
76 011111111 8

Matching output
0 01 53
1 absent
2 absent
3 46 26 21
4 absent
5 absent
6 01 53
7 12

Left
01 12y
53 64x
Best: OR-NOT01: 1

Right
12 01 70x
Best: OR-NOT12 01: 2

XOR-NOT
01 100111101 6
12 000011111 5
23 000100111 4
34 000000101 2
45 001000111 4
56 110010011 5
67 011010010 4
70 000000110 2

02 011011101 6
13 111000111 6
24 111011101 7
35 110111101 7 match 0 6
46 000101011 4 match 1
57 010111110 6 match 2
60 100101011 5
71 011000100 3

03 100000101 3
14 000111101 5
25 001100101 4
36 111010001 5
47 100000110 3
50 101000111 5
61 111101001 6
72 100100100 3

04 011111111 8
15 110000101 4
26 000001001 2
37 011111100 6
40 011111111 8
51 110000101 4
62 000001001 2
73 011111100 6

05 101000111 5
16 111101001 6
27 100100100 3
30 100000101 3
41 000111101 5
52 001100101 4
63 111010001 5
74 100000110 3

06 100101011 5
17 011000100 3
20 011011101 6
31 111000111 6
42 111011101 7
53 110111101 7 match 0 6
64 000101011 4 match 1
75 010111110 6 match 2

07 000000110 2
10 100111101 6
21 000011111 5
32 000100111 4
43 000000101 2
54 001000111 4
65 110010011 5
76 011010010 4

Matching output
0 35 53
1 46 64
2 57 75
3 absent
4 absent
5 absent
6 35 53
7 absent

Left
35 46 57 60x
53 64 75 06x
Best: XOR-NOT35 46 57: 3

Right
none
Best: none

Selecting

Lefts
Identity none
NOT none
Constant none
AND none
OR none
XOR none
AND-NOT none
OR-NOT OR-NOT01: 1
XOR-NOT XOR-NOT35 46 57: 3

Rights
Identity none
NOT none
Constant none
AND none
OR none
XOR none
AND-NOT none
OR-NOT OR-NOT12 01: 2
XOR-NOT none

Left longest: 3
Right longest: 2

Left winner: Identity no, NOT no, Constant no, AND no, OR no, XOR no, AND-NOT no, OR-NOT no, XOR-NOT yes
Right winner: Identity no, NOT no, Constant no, AND no, OR no, XOR no, AND-NOT no, OR-NOT yes, XOR-NOT no

Best left: XOR-NOT35 46 57: 3
Best right: OR-NOT12 01: 2

Truncated left: XOR-NOT35 46 57: 3
Truncated right: OR-NOT12 01: 2

Tentative from right
7 OR-NOT12
6 OR-NOT01
5 pending
4 pending
3 pending
2 pending
1 pending
0 pending

Tentative
0 XOR-NOT35
1 XOR-NOT46
2 XOR-NOT57
3 pending
4 pending
5 pending
6 OR-NOT01
7 OR-NOT12

Preferred from left
0 XOR-NOT35
1 XOR-NOT46
2 XOR-NOT57
3 ?60
4 ?71
5 ?02
6 OR-NOT01
7 OR-NOT12

Preferred from right
7 OR-NOT12
6 OR-NOT01
5 ?02
4 ?71
3 ?60
2 XOR-NOT57
1 XOR-NOT46
0 XOR-NOT35

Preferred
0 XOR-NOT35
1 XOR-NOT46
2 XOR-NOT57
3 ?60 ?06
4 ?71 ?17
5 ?02 ?20
6 OR-NOT01
7 OR-NOT12

Matching
0 XOR-NOT35
1 XOR-NOT46
2 XOR-NOT57
3 ?60 ?06 - Identity absent, NOT NOT6, Constant absent, AND absent, OR absent, XOR absent, AND-NOT absent, OR-NOT absent, XOR-NOT absent
4 ?71 ?17 - Identity absent, NOT NOT7, Constant absent, AND absent, OR absent, XOR absent, AND-NOT absent, OR-NOT absent, XOR-NOT absent
5 ?02 ?20 - Identity absent, NOT NOT0, Constant absent, AND absent, OR absent, XOR absent, AND-NOT absent, OR-NOT absent, XOR-NOT absent
6 OR-NOT01
7 OR-NOT12

Perfect match
Identity no
NOT yes
Constant no
AND no
OR no
XOR no
AND-NOT no
OR-NOT no
XOR-NOT no

Matched
0 XOR-NOT35
1 XOR-NOT46
2 XOR-NOT57
3 NOT6
4 NOT7
5 NOT0
6 OR-NOT01
7 OR-NOT12

Selected
0 XOR-NOT35
1 XOR-NOT46
2 XOR-NOT57
3 NOT6
4 NOT7
5 NOT0
6 OR-NOT01
7 OR-NOT12

Applying to 01110010
Input
0 0
1 1
2 1
3 1
4 0
5 0
6 1
7 0
Output
0 XOR-NOT35 = XOR(1,NOT(0)) = 0
1 XOR-NOT46 = XOR(0,NOT(1)) = 0
2 XOR-NOT57 = XOR(0,NOT(0)) = 1
3 NOT6 = NOT(1) = 0
4 NOT7 = NOT(0) = 1
5 NOT0 = NOT(0) = 1
6 OR-NOT01 = OR(0,NOT(1)) = 0
7 OR-NOT12 = OR(1,NOT(1)) = 1

I will now return the answer in \boxed{}
The answer in \boxed is
\boxed{00101101}