We need to deduce the transformation by matching the example outputs.
I will put my final answer inside \boxed{}.

Output 0: 01111110
0 0
1 1
2 1
3 1
4 1
5 1
6 1
7 0

Output 1: 11010111
0 1
1 1
2 0
3 1
4 0
5 1
6 1
7 1

Output 2: 01010001
0 0
1 1
2 0
3 1
4 0
5 0
6 0
7 1

Output 3: 00111100
0 0
1 0
2 1
3 1
4 1
5 1
6 0
7 0

Output 4: 10111111
0 1
1 0
2 1
3 1
4 1
5 1
6 1
7 1

Output 5: 01111101
0 0
1 1
2 1
3 1
4 1
5 1
6 0
7 1

Output 6: 00111011
0 0
1 0
2 1
3 1
4 1
5 0
6 1
7 1

Output 7: 01111010
0 0
1 1
2 1
3 1
4 1
5 0
6 1
7 0

Output 8: 01011011
0 0
1 1
2 0
3 1
4 1
5 0
6 1
7 1

Output bit columns (with bitsum as hash)
0 010010000 2
1 111001011 6
2 100111110 6
3 111111111 a
4 100111111 7
5 110111000 5
6 110010111 6
7 011011101 6

Input 0: 11101010
0 1
1 1
2 1
3 0
4 1
5 0
6 1
7 0

Input 1: 01010011
0 0
1 1
2 0
3 1
4 0
5 0
6 1
7 1

Input 2: 01000110
0 0
1 1
2 0
3 0
4 0
5 1
6 1
7 0

Input 3: 11100010
0 1
1 1
2 1
3 0
4 0
5 0
6 1
7 0

Input 4: 11110111
0 1
1 1
2 1
3 1
4 0
5 1
6 1
7 1

Input 5: 10010101
0 1
1 0
2 0
3 1
4 0
5 1
6 0
7 1

Input 6: 01001010
0 0
1 1
2 0
3 0
4 1
5 0
6 1
7 0

Input 7: 01101011
0 0
1 1
2 1
3 0
4 1
5 0
6 1
7 1

Input 8: 01101111
0 0
1 1
2 1
3 0
4 1
5 1
6 1
7 1

When matching output
x: not in operator
y: wrong position

Identity
0 100111000 4
1 111110111 8
2 100110011 5
3 010011000 3
4 100000111 4
5 001011001 4
6 111110111 8
7 010011011 5

Matching output
0 absent
1 absent
2 absent
3 absent
4 absent
5 absent
6 absent
7 absent

Left
none
Best: none

Right
none
Best: none

NOT
0 011000111 5
1 000001000 1
2 011001100 4
3 101100111 6
4 011111000 5
5 110100110 5
6 000001000 1
7 101100100 4

Matching output
0 absent
1 absent
2 absent
3 absent
4 absent
5 absent
6 absent
7 absent

Left
none
Best: none

Right
none
Best: none

Constant
0 000000000 a
1 111111111 a match 3

Matching output
0 absent
1 absent
2 absent
3 C1
4 absent
5 absent
6 absent
7 absent

Left
none
Best: none

Right
none
Best: none

AND
01 10 100110000 3
12 21 100110011 5
23 32 000010000 1
34 43 000000000 a
45 54 000000001 1
56 65 001010001 3
67 76 010010011 4
70 07 000011000 2

02 20 100110000 3
13 31 010010000 2 match 0
24 42 100000011 3
35 53 000011000 2
46 64 100000111 4
57 75 000011001 3
60 06 100110000 3
71 17 010010011 4

03 30 000011000 2
14 41 100000111 4
25 52 000010001 2
36 63 010010000 2 match 0
47 74 000000011 2
50 05 000011000 2
61 16 111110111 8
72 27 000010011 3

04 40 100000000 1
15 51 001010001 3
26 62 100110011 5
37 73 010011000 3

Matching output
0 13 31 36 63
1 absent
2 absent
3 absent
4 absent
5 absent
6 absent
7 absent

Left
13 24x
31 42x
36 47x
63 74x
Best: AND13: 1

Right
none
Best: none

OR
01 10 111111111 a match 3
12 21 111110111 8
23 32 110111011 7
34 43 110011111 7
45 54 101011111 7
56 65 111111111 a match 3
67 76 111111111 a match 3
70 07 110111011 7

02 20 100111011 6
13 31 111111111 a match 3
24 42 100110111 6
35 53 011011001 5
46 64 111110111 8
57 75 011011011 6
60 06 111111111 a match 3
71 17 111111111 a match 3

03 30 110111000 5 match 5
14 41 111110111 8
25 52 101111011 7
36 63 111111111 a match 3
47 74 110011111 7
50 05 101111001 6
61 16 111110111 8
72 27 110111011 7

04 40 100111111 7 match 4
15 51 111111111 a match 3
26 62 111110111 8
37 73 010011011 5

Matching output
0 absent
1 absent
2 absent
3 01 10 56 65 67 76 13 31 60 06 71 17 36 63 15 51
4 04 40
5 03 30
6 absent
7 absent

Left
none
Best: none

Right
none
Best: none

XOR
01 10 011001111 6
12 21 011000100 3
23 32 110101011 6
34 43 110011111 7
45 54 101011110 6
56 65 110101110 6
67 76 101101100 5
70 07 110100011 5

02 20 000001011 3
13 31 101101111 7
24 42 000110100 3
35 53 011000001 3
46 64 011110000 4
57 75 011000010 3
60 06 011001111 6
71 17 101101100 5

03 30 110100000 3
14 41 011110000 4
25 52 101101010 5
36 63 101101111 7
47 74 110011100 5
50 05 101100001 4
61 16 000000000 a
72 27 110101000 4

04 40 000111111 6
15 51 110101110 6
26 62 011000100 3
37 73 000000011 2

Matching output
0 absent
1 absent
2 absent
3 absent
4 absent
5 absent
6 absent
7 absent

Left
none
Best: none

Right
none
Best: none

AND-NOT
01 000001000 1
12 011000100 3
23 100100011 4
34 010011000 3
45 100000110 3
56 000001000 1
67 101100100 4
70 010000011 3

02 000001000 1
13 101100111 6
24 000110000 2
35 010000000 1
46 000000000 a
57 001000000 1
60 011000111 5
71 000001000 1

03 100100000 2
14 011110000 4
25 100100010 3
36 000001000 1
47 100000100 2
50 001000001 2
61 000000000 a
72 010001000 2

04 000111000 3
15 110100110 5
26 000000000 a
37 000000000 a
40 000000111 3
51 000001000 1
62 011000100 3
73 000000011 2

05 100100000 2
16 000000000 a
27 100100000 2
30 010000000 1
41 000000000 a
52 001001000 2
63 101100111 6
74 010011000 3

06 000001000 1
17 101100100 4
20 000000011 2
31 000001000 1
42 000000100 1
53 001000001 2
64 011110000 4
75 010000010 2

07 100100000 2
10 011000111 5
21 000000000 a
32 010001000 2
43 100000111 4
54 001011000 3
65 110100110 5
76 000001000 1

Matching output
0 absent
1 absent
2 absent
3 absent
4 absent
5 absent
6 absent
7 absent

Left
none
Best: none

Right
none
Best: none

OR-NOT
01 100111000 4
12 111111111 a match 3
23 101110111 7
34 011111000 5
45 110100111 6
56 001011001 4
67 111110111 8
70 011011111 7

02 111111100 7
13 111110111 8
24 111111011 8
35 110111110 7
46 100001111 5
57 101111101 7
60 111110111 8
71 010011011 5

03 101111111 8
14 111111111 a match 3
25 110110111 7
36 010011000 3
47 101100111 6
50 011011111 7
61 111111111 a match 3
72 011011111 7

04 111111000 6
15 111110111 8
26 100111011 6
37 111111100 7
40 111000111 6
51 001011001 4
62 111111111 a match 3
73 111111111 a match 3

05 110111110 7
16 111111111 a match 3
27 101110111 7
30 011011111 7
41 100001111 5
52 011011101 6 match 7
63 111110111 8
74 011111011 7

06 100111000 4
17 111110111 8
20 111110111 8
31 010011000 3
42 111001111 7
53 101111111 8
64 111111111 a match 3
75 110111111 8

07 101111100 6
10 111110111 8
21 100111011 6
32 011011100 5
43 101100111 6
54 011111001 6
65 111110111 8
76 010011011 5

Matching output
0 absent
1 absent
2 absent
3 12 14 61 62 73 16 64
4 absent
5 absent
6 absent
7 52

Left
none
Best: none

Right
52 41x
Best: OR-NOT52: 1

XOR-NOT
01 100110000 3
12 100111011 6
23 001010100 3
34 001100000 2
45 010100001 3
56 001010001 3
67 010010011 4
70 001011100 4

02 111110100 6
13 010010000 2 match 0
24 111001011 6 match 1
35 100111110 6 match 2
46 100001111 5
57 100111101 6
60 100110000 3
71 010010011 4

03 001011111 6
14 100001111 5
25 010010101 4
36 010010000 2 match 0
47 001100011 4
50 010011110 5
61 111111111 a match 3
72 001010111 5

04 111000000 3
15 001010001 3
26 100111011 6
37 111111100 7
40 111000000 3
51 001010001 3
62 100111011 6
73 111111100 7

05 010011110 5
16 111111111 a match 3
27 001010111 5
30 001011111 6
41 100001111 5
52 010010101 4
63 010010000 2 match 0
74 001100011 4

06 100110000 3
17 010010011 4
20 111110100 6
31 010010000 2 match 0
42 111001011 6 match 1
53 100111110 6 match 2
64 100001111 5
75 100111101 6

07 001011100 4
10 100110000 3
21 100111011 6
32 001010100 3
43 001100000 2
54 010100001 3
65 001010001 3
76 010010011 4

Matching output
0 13 36 63 31
1 24 42
2 35 53
3 61 16
4 absent
5 absent
6 absent
7 absent

Left
13 24 35 46x
36 47x
63 74x
31 42 53 64x
Best: XOR-NOT13 24 35: 3

Right
none
Best: none

Selecting

Lefts
Identity none
NOT none
Constant none
AND AND13: 1
OR none
XOR none
AND-NOT none
OR-NOT none
XOR-NOT XOR-NOT13 24 35: 3

Rights
Identity none
NOT none
Constant none
AND none
OR none
XOR none
AND-NOT none
OR-NOT OR-NOT52: 1
XOR-NOT none

Left longest: 3
Right longest: 1

Left winner: Identity no, NOT no, Constant no, AND no, OR no, XOR no, AND-NOT no, OR-NOT no, XOR-NOT yes
Right winner: Identity no, NOT no, Constant no, AND no, OR no, XOR no, AND-NOT no, OR-NOT yes, XOR-NOT no

Best left: XOR-NOT13 24 35: 3
Best right: OR-NOT52: 1

Truncated left: XOR-NOT13 24 35: 3
Truncated right: OR-NOT52: 1

Tentative from right
7 OR-NOT52
6 pending
5 pending
4 pending
3 pending
2 pending
1 pending
0 pending

Tentative
0 XOR-NOT13
1 XOR-NOT24
2 XOR-NOT35
3 pending
4 pending
5 pending
6 pending
7 OR-NOT52

Preferred from left
0 XOR-NOT13
1 XOR-NOT24
2 XOR-NOT35
3 ?46
4 ?57
5 ?60
6 ?71
7 OR-NOT52

Preferred from right
7 OR-NOT52
6 ?71
5 ?60
4 ?57
3 ?46
2 XOR-NOT35
1 XOR-NOT24
0 XOR-NOT13

Preferred
0 XOR-NOT13
1 XOR-NOT24
2 XOR-NOT35
3 ?46 ?64
4 ?57 ?75
5 ?60 ?06
6 ?71 ?17
7 OR-NOT52

Matching
0 XOR-NOT13
1 XOR-NOT24
2 XOR-NOT35
3 ?46 ?64 - Identity absent, NOT absent, Constant C1, AND absent, OR absent, XOR absent, AND-NOT absent, OR-NOT64, XOR-NOT absent
4 ?57 ?75 - Identity absent, NOT absent, Constant absent, AND absent, OR absent, XOR absent, AND-NOT absent, OR-NOT absent, XOR-NOT absent
5 ?60 ?06 - Identity absent, NOT absent, Constant absent, AND absent, OR absent, XOR absent, AND-NOT absent, OR-NOT absent, XOR-NOT absent
6 ?71 ?17 - Identity absent, NOT absent, Constant absent, AND absent, OR absent, XOR absent, AND-NOT absent, OR-NOT absent, XOR-NOT absent
7 OR-NOT52

Perfect match
Identity no
NOT no
Constant no
AND no
OR no
XOR no
AND-NOT no
OR-NOT no
XOR-NOT no

Matched
0 XOR-NOT13
1 XOR-NOT24
2 XOR-NOT35
3 C1 OR-NOT64
4 none
5 none
6 none
7 OR-NOT52

Selected
0 XOR-NOT13
1 XOR-NOT24
2 XOR-NOT35
3 C1
4 default 1
5 CH(7,3,2)
6 MAJ(1,3,4)
7 OR-NOT52

Applying to 01100100
Input
0 0
1 1
2 1
3 0
4 0
5 1
6 0
7 0
Output
0 XOR-NOT13 = XOR(1,NOT(0)) = 0
1 XOR-NOT24 = XOR(1,NOT(0)) = 0
2 XOR-NOT35 = XOR(0,NOT(1)) = 0
3 C1 = 1
4 default 1 = 1
5 CH(7,3,2) = CH(0,0,1) = 1
6 MAJ(1,3,4) = MAJ(1,0,0) = 0
7 OR-NOT52 = OR(1,NOT(1)) = 1

I will now return the answer in \boxed{}
The answer in \boxed{–} is \boxed{00011101}