We need to deduce the transformation by matching the example outputs.
I will put my final answer inside \boxed{}.

Output 0: 01000000
0 0
1 1
2 0
3 0
4 0
5 0
6 0
7 0

Output 1: 01000011
0 0
1 1
2 0
3 0
4 0
5 0
6 1
7 1

Output 2: 00000000
0 0
1 0
2 0
3 0
4 0
5 0
6 0
7 0

Output 3: 10100001
0 1
1 0
2 1
3 0
4 0
5 0
6 0
7 1

Output 4: 00000000
0 0
1 0
2 0
3 0
4 0
5 0
6 0
7 0

Output 5: 00100000
0 0
1 0
2 1
3 0
4 0
5 0
6 0
7 0

Output 6: 10000000
0 1
1 0
2 0
3 0
4 0
5 0
6 0
7 0

Output 7: 01000000
0 0
1 1
2 0
3 0
4 0
5 0
6 0
7 0

Output 8: 11000010
0 1
1 1
2 0
3 0
4 0
5 0
6 1
7 0

Output bit columns (with bitsum as hash)
0 000100101 3
1 110000011 4
2 000101000 2
3 000000000 a
4 000000000 a
5 000000000 a
6 010000001 2
7 010100000 2

Input 0: 10001011
0 1
1 0
2 0
3 0
4 1
5 0
6 1
7 1

Input 1: 11010110
0 1
1 1
2 0
3 1
4 0
5 1
6 1
7 0

Input 2: 00000001
0 0
1 0
2 0
3 0
4 0
5 0
6 0
7 1

Input 3: 01100111
0 0
1 1
2 1
3 0
4 0
5 1
6 1
7 1

Input 4: 01100000
0 0
1 1
2 1
3 0
4 0
5 0
6 0
7 0

Input 5: 11110001
0 1
1 1
2 1
3 1
4 0
5 0
6 0
7 1

Input 6: 00100111
0 0
1 0
2 1
3 0
4 0
5 1
6 1
7 1

Input 7: 10100010
0 1
1 0
2 1
3 0
4 0
5 0
6 1
7 0

Input 8: 10101111
0 1
1 0
2 1
3 0
4 1
5 1
6 1
7 1

When matching output
x: not in operator
y: wrong position

Identity
0 110001011 5
1 010111000 4
2 000111111 6
3 010001000 2
4 100000001 2
5 010100101 4
6 110100111 6
7 101101101 6

Matching output
0 absent
1 absent
2 absent
3 absent
4 absent
5 absent
6 absent
7 absent

Left
none
Best: none

Right
none
Best: none

NOT
0 001110100 4
1 101000111 5
2 111000000 3
3 101110111 7
4 011111110 7
5 101011010 5
6 001011000 3
7 010010010 3

Matching output
0 absent
1 absent
2 absent
3 absent
4 absent
5 absent
6 absent
7 absent

Left
none
Best: none

Right
none
Best: none

Constant
0 000000000 a match 3 4 5
1 111111111 a

Matching output
0 absent
1 absent
2 absent
3 C0
4 C0
5 C0
6 absent
7 absent

Left
none
Best: none

Right
none
Best: none

AND
01 10 010001000 2
12 21 000111000 3
23 32 000001000 1
34 43 000000000 a match 3 4 5
45 54 000000001 1
56 65 010100101 4
67 76 100100101 4
70 07 100001001 3

02 20 000001011 3
13 31 010001000 2
24 42 000000001 1
35 53 010000000 1
46 64 100000001 2
57 75 000100101 3 match 0
60 06 110000011 4 match 1
71 17 000101000 2 match 2

03 30 010001000 2
14 41 000000000 a match 3 4 5
25 52 000100101 3 match 0
36 63 010000000 1
47 74 100000001 2
50 05 010000001 2 match 6
61 16 010100000 2 match 7
72 27 000101101 4

04 40 100000001 2
15 51 010100000 2 match 7
26 62 000100111 4
37 73 000001000 1

Matching output
0 57 75 25 52
1 60 06
2 71 17
3 34 43 14 41
4 34 43 14 41
5 34 43 14 41
6 50 05
7 61 16 15 51

Left
57 60 71 02x
75 06 17 20x
25 36x
52 63x
Best: AND57 60 71: 3

Right
61 50 47x
16 05 74x
15 04x
51 40x
Best: AND61 50: 2

OR
01 10 110111011 7
12 21 010111111 7
23 32 010111111 7
34 43 110001001 4
45 54 110100101 5
56 65 110100111 6
67 76 111101111 8
70 07 111101111 8

02 20 110111111 8
13 31 010111000 4
24 42 100111111 7
35 53 010101101 5
46 64 110100111 6
57 75 111101101 7
60 06 110101111 7
71 17 111111101 8

03 30 110001011 5
14 41 110111001 6
25 52 010111111 7
36 63 110101111 7
47 74 101101101 6
50 05 110101111 7
61 16 110111111 8
72 27 101111111 8

04 40 110001011 5
15 51 010111101 6
26 62 110111111 8
37 73 111101101 7

Matching output
0 absent
1 absent
2 absent
3 absent
4 absent
5 absent
6 absent
7 absent

Left
none
Best: none

Right
none
Best: none

XOR
01 10 100110011 5
12 21 010000111 4
23 32 010110111 6
34 43 110001001 4
45 54 110100100 4
56 65 100000010 2
67 76 011001010 4
70 07 011100110 5

02 20 110110100 5
13 31 000110000 2
24 42 100111110 6
35 53 000101101 4
46 64 010100110 4
57 75 111001000 4
60 06 000101100 3
71 17 111010101 6

03 30 100000011 3
14 41 110111001 6
25 52 010011010 4
36 63 100101111 6
47 74 001101100 4
50 05 100101110 5
61 16 100011111 6
72 27 101010010 4

04 40 010001010 3
15 51 000011101 4
26 62 110011000 4
37 73 111100101 6

Matching output
0 absent
1 absent
2 absent
3 absent
4 absent
5 absent
6 absent
7 absent

Left
none
Best: none

Right
none
Best: none

AND-NOT
01 100000011 3
12 010000000 1
23 000110111 5
34 010001000 2
45 100000000 1
56 000000000 a match 3 4 5
67 010000010 2
70 001100100 3

02 110000000 2
13 000110000 2
24 000111110 5
35 000001000 1
46 000000000 a match 3 4 5
57 010000000 1
60 000100100 2
71 101000101 4

03 100000011 3
14 010111000 4
25 000011010 3
36 000001000 1
47 000000000 a match 3 4 5
50 000100100 2
61 100000111 4
72 101000000 2

04 010001010 3
15 000011000 2
26 000011000 2
37 010000000 1
40 000000000 a match 3 4 5
51 000000101 2
62 110000000 2
73 101100101 5

05 100001010 3
16 000011000 2
27 000010010 2
30 000000000 a match 3 4 5
41 100000001 2
52 010000000 1
63 100100111 5
74 001101100 4

06 000001000 1
17 010010000 2
20 000110100 3
31 000000000 a match 3 4 5
42 100000000 1
53 000100101 3 match 0
64 010100110 4
75 101001000 3

07 010000010 2
10 000110000 2
21 000000111 3
32 010000000 1
43 100000001 2
54 010100100 3
65 100000010 2
76 001001000 2

Matching output
0 53
1 absent
2 absent
3 56 46 47 40 30 31
4 56 46 47 40 30 31
5 56 46 47 40 30 31
6 absent
7 absent

Left
53 64x
Best: AND-NOT53: 1

Right
none
Best: none

OR-NOT
01 111001111 7
12 111111000 6
23 101111111 8
34 011111110 7
45 101011011 6
56 011111101 7
67 110110111 7
70 101111101 7

02 111001011 6
13 111111111 a
24 011111111 8
35 111011010 6
46 101011001 5
57 010110111 6
60 111110111 8
71 101101111 7

03 111111111 a
14 011111110 7
25 101111111 8
36 011011000 4
47 110010011 5
50 011110101 6
61 111100111 7
72 111101101 7

04 111111111 a
15 111111010 7
26 001111111 7
37 010011010 4
40 101110101 6
51 111100111 7
62 111100111 7
73 101111111 8

05 111011011 7
16 011111000 5
27 010111111 7
30 011111100 6
41 101000111 5
52 111100101 6
63 111110111 8
74 111111111 a

06 111011011 7
17 010111010 5
20 001111111 7
31 111001111 7
42 111000001 4
53 111110111 8
64 111111111 a
75 101111111 8

07 110011011 6
10 011111100 6
21 101111111 8
32 111001000 4
43 101110111 7
54 011111111 8
65 111111111 a
76 101111101 7

Matching output
0 absent
1 absent
2 absent
3 absent
4 absent
5 absent
6 absent
7 absent

Left
none
Best: none

Right
none
Best: none

XOR-NOT
01 011001100 4
12 101111000 5
23 101001000 3
34 001110110 5
45 001011011 5
56 011111101 7
67 100110101 5
70 100011001 4

02 001001011 4
13 111001111 7
24 011000001 3
35 111010010 5
46 101011001 5
57 000110111 5
60 111010011 6
71 000101010 3

03 011111100 6
14 001000110 3
25 101100101 5
36 011010000 3
47 110010011 5
50 011010001 4
61 011100000 3
72 010101101 5

04 101110101 6
15 111100010 5
26 001100111 5
37 000011010 3
40 101110101 6
51 111100010 5
62 001100111 5
73 000011010 3

05 011010001 4
16 011100000 3
27 010101101 5
30 011111100 6
41 001000110 3
52 101100101 5
63 011010000 3
74 110010011 5

06 111010011 6
17 000101010 3
20 001001011 4
31 111001111 7
42 011000001 3
53 111010010 5
64 101011001 5
75 000110111 5

07 100011001 4
10 011001100 4
21 101111000 5
32 101001000 3
43 001110110 5
54 001011011 5
65 011111101 7
76 100110101 5

Matching output
0 absent
1 absent
2 absent
3 absent
4 absent
5 absent
6 absent
7 absent

Left
none
Best: none

Right
none
Best: none

Selecting

Lefts
Identity none
NOT none
Constant none
AND AND57 60 71: 3
OR none
XOR none
AND-NOT AND-NOT53: 1
OR-NOT none
XOR-NOT none

Rights
Identity none
NOT none
Constant none
AND AND61 50: 2
OR none
XOR none
AND-NOT none
OR-NOT none
XOR-NOT none

Left longest: 3
Right longest: 2

Left winner: Identity no, NOT no, Constant no, AND yes, OR no, XOR no, AND-NOT no, OR-NOT no, XOR-NOT no
Right winner: Identity no, NOT no, Constant no, AND yes, OR no, XOR no, AND-NOT no, OR-NOT no, XOR-NOT no

Best left: AND57 60 71: 3
Best right: AND61 50: 2

Truncated left: AND57 60 71: 3
Truncated right: AND61 50: 2

Tentative from right
7 AND61
6 AND50
5 pending
4 pending
3 pending
2 pending
1 pending
0 pending

Tentative
0 AND57
1 AND60
2 AND71
3 pending
4 pending
5 pending
6 AND50
7 AND61

Preferred from left
0 AND57
1 AND60
2 AND71
3 ?02
4 ?13
5 ?24
6 AND50
7 AND61

Preferred from right
7 AND61
6 AND50
5 ?24
4 ?13
3 ?02
2 AND71
1 AND60
0 AND57

Preferred
0 AND57
1 AND60
2 AND71
3 ?02 ?20
4 ?13 ?31
5 ?24 ?42
6 AND50
7 AND61

Matching
0 AND57
1 AND60
2 AND71
3 ?02 ?20 - Identity absent, NOT absent, Constant C0, AND absent, OR absent, XOR absent, AND-NOT absent, OR-NOT absent, XOR-NOT absent
4 ?13 ?31 - Identity absent, NOT absent, Constant C0, AND absent, OR absent, XOR absent, AND-NOT31, OR-NOT absent, XOR-NOT absent
5 ?24 ?42 - Identity absent, NOT absent, Constant C0, AND absent, OR absent, XOR absent, AND-NOT absent, OR-NOT absent, XOR-NOT absent
6 AND50
7 AND61

Perfect match
Identity no
NOT no
Constant yes
AND no
OR no
XOR no
AND-NOT no
OR-NOT no
XOR-NOT no

Matched
0 AND57
1 AND60
2 AND71
3 C0
4 C0
5 C0
6 AND50
7 AND61

Selected
0 AND57
1 AND60
2 AND71
3 C0
4 C0
5 C0
6 AND50
7 AND61

Applying to 01111110
Input
0 0
1 1
2 1
3 1
4 1
5 1
6 1
7 0
Output
0 AND57 = AND(1,0) = 0
1 AND60 = AND(1,0) = 0
2 AND71 = AND(0,1) = 0
3 C0 = 0
4 C0 = 0
5 C0 = 0
6 AND50 = AND(1,0) = 0
7 AND61 = AND(1,1) = 1

I will now return the answer in \boxed{}
The answer in \boxed is
\boxed{00000001}