We need to deduce the transformation by matching the example outputs.
I will put my final answer inside \boxed{}.

Output 0: 11010011
0 1
1 1
2 0
3 1
4 0
5 0
6 1
7 1

Output 1: 01101110
0 0
1 1
2 1
3 0
4 1
5 1
6 1
7 0

Output 2: 01111111
0 0
1 1
2 1
3 1
4 1
5 1
6 1
7 1

Output 3: 01110011
0 0
1 1
2 1
3 1
4 0
5 0
6 1
7 1

Output 4: 00111011
0 0
1 0
2 1
3 1
4 1
5 0
6 1
7 1

Output 5: 00011001
0 0
1 0
2 0
3 1
4 1
5 0
6 0
7 1

Output 6: 10011101
0 1
1 0
2 0
3 1
4 1
5 1
6 0
7 1

Output 7: 00011011
0 0
1 0
2 0
3 1
4 1
5 0
6 1
7 1

Output 8: 01001111
0 0
1 1
2 0
3 0
4 1
5 1
6 1
7 1

Output bit columns (with bitsum as hash)
0 100000100 2
1 111100001 5
2 011110000 4
3 101111110 7
4 011011111 7
5 011000101 4
6 111110011 7
7 101111111 8

Input 0: 10010110
0 1
1 0
2 0
3 1
4 0
5 1
6 1
7 0

Input 1: 01110011
0 0
1 1
2 1
3 1
4 0
5 0
6 1
7 1

Input 2: 11110011
0 1
1 1
2 1
3 1
4 0
5 0
6 1
7 1

Input 3: 10010011
0 1
1 0
2 0
3 1
4 0
5 0
6 1
7 1

Input 4: 11010001
0 1
1 1
2 0
3 1
4 0
5 0
6 0
7 1

Input 5: 11001000
0 1
1 1
2 0
3 0
4 1
5 0
6 0
7 0

Input 6: 11101100
0 1
1 1
2 1
3 0
4 1
5 1
6 0
7 0

Input 7: 11011000
0 1
1 1
2 0
3 1
4 1
5 0
6 0
7 0

Input 8: 01111010
0 0
1 1
2 1
3 1
4 1
5 0
6 1
7 0

When matching output
x: not in operator
y: wrong position

Identity
0 101111110 7 match 3
1 011011111 7 match 4
2 011000101 4 match 5
3 111110011 7 match 6
4 000001111 4
5 100000100 2 match 0
6 111100001 5 match 1
7 011110000 4 match 2

Matching output
0 5
1 6
2 7
3 0
4 1
5 2
6 3
7 absent

Left
5 6 7 0 1 2 3 4x
Best: I5 6 7 0 1 2 3: 7

Right
none
Best: none

NOT
0 010000001 2
1 100100000 2
2 100111010 5
3 000001100 2
4 111110000 5
5 011111011 7
6 000011110 4
7 100001111 5

Matching output
0 absent
1 absent
2 absent
3 absent
4 absent
5 absent
6 absent
7 absent

Left
none
Best: none

Right
none
Best: none

Constant
0 000000000 a
1 111111111 a

Matching output
0 absent
1 absent
2 absent
3 absent
4 absent
5 absent
6 absent
7 absent

Left
none
Best: none

Right
none
Best: none

AND
01 10 001011110 5
12 21 011000101 4 match 5
23 32 011000001 3
34 43 000000011 2
45 54 000000100 1
56 65 100000000 1
67 76 011100000 3
70 07 001110000 3

02 20 001000100 2
13 31 011010011 5
24 42 000000101 2
35 53 100000000 1
46 64 000000001 1
57 75 000000000 a
60 06 101100000 3
71 17 011010000 3

03 30 101110010 5
14 41 000001111 4
25 52 000000100 1
36 63 111100001 5 match 1
47 74 000000000 a
50 05 100000100 2 match 0
61 16 011000001 3
72 27 011000000 2

04 40 000001110 3
15 51 000000100 1
26 62 011000001 3
37 73 011110000 4 match 2

Matching output
0 50 05
1 36 63
2 37 73
3 absent
4 absent
5 12 21
6 absent
7 absent

Left
50 61x
05 16x
Best: AND50: 1

Right
none
Best: none

OR
01 10 111111111 a
12 21 011011111 7 match 4
23 32 111110111 8
34 43 111111111 a
45 54 100001111 5
56 65 111100101 6
67 76 111110001 6
70 07 111111110 8

02 20 111111111 a
13 31 111111111 a
24 42 011001111 6
35 53 111110111 8
46 64 111101111 8
57 75 111110100 6
60 06 111111111 a
71 17 011111111 8

03 30 111111111 a
14 41 011011111 7 match 4
25 52 111000101 5
36 63 111110011 7 match 6
47 74 011111111 8
50 05 101111110 7 match 3
61 16 111111111 a
72 27 011110101 6

04 40 101111111 8 match 7
15 51 111011111 8
26 62 111100101 6
37 73 111110011 7 match 6

Matching output
0 absent
1 absent
2 absent
3 50 05
4 12 21 14 41
5 absent
6 36 63 37 73
7 04 40

Left
none
Best: none

Right
04 73 62x
40 37 26x
Best: OR04 73: 2

XOR
01 10 110100001 4
12 21 000011010 3
23 32 100110110 5
34 43 111111100 7
45 54 100001011 4
56 65 011100101 5
67 76 100010001 3
70 07 110001110 5

02 20 110111011 7
13 31 100101100 4
24 42 011001010 4
35 53 011110111 7
46 64 111101110 7
57 75 111110100 6
60 06 010011111 6
71 17 000101111 5

03 30 010001101 4
14 41 011010000 3
25 52 111000001 4
36 63 000010010 2
47 74 011111111 8
50 05 001111010 5
61 16 100111110 6
72 27 000110101 4

04 40 101110001 5
15 51 111011011 7
26 62 100100100 3
37 73 100000011 3

Matching output
0 absent
1 absent
2 absent
3 absent
4 absent
5 absent
6 absent
7 absent

Left
none
Best: none

Right
none
Best: none

AND-NOT
01 100100000 2
12 000011010 3
23 000000100 1
34 111110000 5
45 000001011 3
56 000000100 1
67 100000001 2
70 010000000 1

02 100111010 5
13 000001100 2
24 011000000 2
35 011110011 6
46 000001110 3
57 100000100 2 match 0
60 010000001 2
71 000100000 1

03 000001100 2
14 011010000 3
25 011000001 3
36 000010010 2
47 000001111 4
50 000000000 a
61 100100000 2
72 000110000 2

04 101110000 4
15 011011011 6
26 000000100 1
37 100000011 3
40 000000001 1
51 100000000 1
62 100100000 2
73 000000000 a

05 001111010 5
16 000011110 4
27 000000101 2
30 010000001 2
41 000000000 a
52 100000000 1
63 000000000 a
74 011110000 4 match 2

06 000011110 4
17 000001111 4
20 010000001 2
31 100100000 2
42 000001010 2
53 000000100 1
64 111100000 4
75 011110000 4 match 2

07 100001110 4
10 010000001 2
21 000000000 a
32 100110010 4
43 000001100 2
54 100000000 1
65 011100001 4
76 000010000 1

Matching output
0 57
1 absent
2 74 75
3 absent
4 absent
5 absent
6 absent
7 absent

Left
57 60x
Best: AND-NOT57: 1

Right
none
Best: none

OR-NOT
01 101111110 7 match 3
12 111111111 a
23 011001101 5
34 111110011 7 match 6
45 011111111 8
56 100011110 5
67 111101111 8
70 011110001 5

02 101111110 7 match 3
13 011011111 7 match 4
24 111110101 7
35 111111011 8
46 000011111 5
57 100001111 5
60 111100001 5 match 1
71 111110000 5

03 101111110 7 match 3
14 111111111 a
25 011111111 8
36 111111111 a
47 100001111 5
50 110000101 4
61 111100001 5 match 1
72 111111010 7

04 111111110 8
15 011111111 8
26 011011111 7 match 4
37 111111111 a
40 010001111 5
51 100100100 3
62 111111011 8
73 011111100 6

05 111111111 a
16 011011111 7 match 4
27 111001111 7
30 111110011 7 match 6
41 100101111 6
52 100111110 6
63 111101101 7
74 111110000 5

06 101111110 7 match 3
17 111011111 8
20 011000101 4 match 5
31 111110011 7 match 6
42 100111111 7
53 100001100 3
64 111110001 6
75 011111011 7

07 101111111 8 match 7
10 011011111 7 match 4
21 111100101 6
32 111111011 8
43 000001111 4
54 111110100 6
65 111111011 8
76 011111110 7

Matching output
0 absent
1 60 61
2 absent
3 01 02 03 06
4 13 26 16 10
5 20
6 34 30 31
7 07

Left
none
Best: none

Right
07 76x
Best: OR-NOT07: 1

XOR-NOT
01 001011110 5
12 111100101 6
23 011001001 4
34 000000011 2
45 011110100 5
56 100011010 4
67 011101110 6
70 001110001 4

02 001000100 2
13 011010011 5
24 100110101 5
35 100001000 2
46 000010001 2
57 000001011 3
60 101100000 3
71 111010000 4

03 101110010 5
14 100101111 6
25 000111110 5
36 111101101 7
47 100000000 1
50 110000101 4
61 011000001 3
72 111001010 5

04 010001110 4
15 000100100 2
26 011011011 6
37 011111100 6
40 010001110 4
51 000100100 2
62 011011011 6
73 011111100 6

05 110000101 4
16 011000001 3
27 111001010 5
30 101110010 5
41 100101111 6
52 000111110 5
63 111101101 7
74 100000000 1

06 101100000 3
17 111010000 4
20 001000100 2
31 011010011 5
42 100110101 5
53 100001000 2
64 000010001 2
75 000001011 3

07 001110001 4
10 001011110 5
21 111100101 6
32 011001001 4
43 000000011 2
54 011110100 5
65 100011010 4
76 011101110 6

Matching output
0 absent
1 absent
2 absent
3 absent
4 absent
5 absent
6 absent
7 absent

Left
none
Best: none

Right
none
Best: none

Selecting

Lefts
Identity I5 6 7 0 1 2 3: 7
NOT none
Constant none
AND AND50: 1
OR none
XOR none
AND-NOT AND-NOT57: 1
OR-NOT none
XOR-NOT none

Rights
Identity none
NOT none
Constant none
AND none
OR OR04 73: 2
XOR none
AND-NOT none
OR-NOT OR-NOT07: 1
XOR-NOT none

Left longest: 7
Right longest: 2

Left winner: Identity yes, NOT no, Constant no, AND no, OR no, XOR no, AND-NOT no, OR-NOT no, XOR-NOT no
Right winner: Identity no, NOT no, Constant no, AND no, OR yes, XOR no, AND-NOT no, OR-NOT no, XOR-NOT no

Best left: I5 6 7 0 1 2 3: 7
Best right: OR04 73: 2

Truncated left: I5 6 7 0 1 2 3: 7
Truncated right: OR04: 1 truncated

Tentative from right
7 OR04
6 pending
5 pending
4 pending
3 pending
2 pending
1 pending
0 pending

Tentative
0 I5
1 I6
2 I7
3 I0
4 I1
5 I2
6 I3
7 OR04

Preferred from left
0 I5
1 I6
2 I7
3 I0
4 I1
5 I2
6 I3
7 OR04

Preferred from right
7 OR04
6 I3
5 I2
4 I1
3 I0
2 I7
1 I6
0 I5

Preferred
0 I5
1 I6
2 I7
3 I0
4 I1
5 I2
6 I3
7 OR04

Matching
0 I5
1 I6
2 I7
3 I0
4 I1
5 I2
6 I3
7 OR04

Perfect match
Identity no
NOT no
Constant no
AND no
OR no
XOR no
AND-NOT no
OR-NOT no
XOR-NOT no

Matched
0 I5
1 I6
2 I7
3 I0
4 I1
5 I2
6 I3
7 OR04

Selected
0 I5
1 I6
2 I7
3 I0
4 I1
5 I2
6 I3
7 OR04

Applying to 00110011
Input
0 0
1 0
2 1
3 1
4 0
5 0
6 1
7 1
Output
0 I5 = 0
1 I6 = 1
2 I7 = 1
3 I0 = 0
4 I1 = 0
5 I2 = 1
6 I3 = 1
7 OR04 = OR(0,0) = 0

I will now return the answer in \boxed{}
The answer in \boxed is
\boxed{01100110}