We need to deduce the transformation by matching the example outputs.
I will put my final answer inside \boxed{}.

Output 0: 00000001
0 0
1 0
2 0
3 0
4 0
5 0
6 0
7 1

Output 1: 11100011
0 1
1 1
2 1
3 0
4 0
5 0
6 1
7 1

Output 2: 01000010
0 0
1 1
2 0
3 0
4 0
5 0
6 1
7 0

Output 3: 10100000
0 1
1 0
2 1
3 0
4 0
5 0
6 0
7 0

Output 4: 00000010
0 0
1 0
2 0
3 0
4 0
5 0
6 1
7 0

Output 5: 10100000
0 1
1 0
2 1
3 0
4 0
5 0
6 0
7 0

Output 6: 10000010
0 1
1 0
2 0
3 0
4 0
5 0
6 1
7 0

Output 7: 10000001
0 1
1 0
2 0
3 0
4 0
5 0
6 0
7 1

Output 8: 01000000
0 0
1 1
2 0
3 0
4 0
5 0
6 0
7 0

Output 9: 11000011
0 1
1 1
2 0
3 0
4 0
5 0
6 1
7 1

Output bit columns (with bitsum as hash)
0 0101011101 6
1 0110000011 4
2 0101010000 3
3 0000000000 a
4 0000000000 a
5 0000000000 a
6 0110101001 5
7 1100000101 4

Input 0: 01010000
0 0
1 1
2 0
3 1
4 0
5 0
6 0
7 0

Input 1: 11101111
0 1
1 1
2 1
3 0
4 1
5 1
6 1
7 1

Input 2: 10000010
0 1
1 0
2 0
3 0
4 0
5 0
6 1
7 0

Input 3: 00000101
0 0
1 0
2 0
3 0
4 0
5 1
6 0
7 1

Input 4: 10100000
0 1
1 0
2 1
3 0
4 0
5 0
6 0
7 0

Input 5: 00101101
0 0
1 0
2 1
3 0
4 1
5 1
6 0
7 1

Input 6: 10000100
0 1
1 0
2 0
3 0
4 0
5 1
6 0
7 0

Input 7: 01111100
0 0
1 1
2 1
3 1
4 1
5 1
6 0
7 0

Input 8: 00111010
0 0
1 0
2 1
3 1
4 1
5 0
6 1
7 0

Input 9: 11000110
0 1
1 1
2 0
3 0
4 0
5 1
6 1
7 0

When matching output
x: not in operator
y: wrong position

Identity
0 0110101001 5 match 6
1 1100000101 4 match 7
2 0100110110 5
3 1000000110 3
4 0100010110 4
5 0101011101 6 match 0
6 0110000011 4 match 1
7 0101010000 3 match 2

Matching output
0 5
1 6
2 7
3 absent
4 absent
5 absent
6 0
7 1

Left
5 6 7 0y
Best: I5 6 7: 3

Right
1 0 7y
Best: I1 0: 2

NOT
0 1001010110 5
1 0011111010 6
2 1011001001 5
3 0111111001 7
4 1011101001 6
5 1010100010 4
6 1001111100 6
7 1010101111 7

Matching output
0 absent
1 absent
2 absent
3 absent
4 absent
5 absent
6 absent
7 absent

Left
none
Best: none

Right
none
Best: none

Constant
0 0000000000 a match 3 4 5
1 1111111111 a

Matching output
0 absent
1 absent
2 absent
3 C0
4 C0
5 C0
6 absent
7 absent

Left
none
Best: none

Right
none
Best: none

AND
01 10 0100000001 2
12 21 0100000100 2
23 32 0000000110 2
34 43 0000000110 2
45 54 0100010100 3
56 65 0100000001 2
67 76 0100000000 1
70 07 0100000000 1

02 20 0100100000 2
13 31 1000000100 2
24 42 0100010110 4
35 53 0000000100 1
46 64 0100000010 2
57 75 0101010000 3 match 2
60 06 0110000001 3
71 17 0100000000 1

03 30 0000000000 a match 3 4 5
14 41 0100000100 2
25 52 0100010100 3
36 63 0000000010 1
47 74 0100010000 2
50 05 0100001001 3
61 16 0100000001 2
72 27 0100010000 2

04 40 0100000000 1
15 51 0100000101 3
26 62 0100000010 2
37 73 0000000000 a match 3 4 5

Matching output
0 absent
1 absent
2 57 75
3 03 30 37 73
4 03 30 37 73
5 03 30 37 73
6 absent
7 absent

Left
none
Best: none

Right
none
Best: none

OR
01 10 1110101101 7
12 21 1100110111 7
23 32 1100110110 6
34 43 1100010110 5
45 54 0101011111 7
56 65 0111011111 8
67 76 0111010011 6
70 07 0111111001 7

02 20 0110111111 8
13 31 1100000111 5
24 42 0100110110 5
35 53 1101011111 8
46 64 0110010111 6
57 75 0101011101 6 match 0
60 06 0110101011 6
71 17 1101010101 6

03 30 1110101111 8
14 41 1100010111 6
25 52 0101111111 8
36 63 1110000111 6
47 74 0101010110 5
50 05 0111111101 8
61 16 1110000111 6
72 27 0101110110 6

04 40 0110111111 8
15 51 1101011101 7
26 62 0110110111 7
37 73 1101010110 6

Matching output
0 57 75
1 absent
2 absent
3 absent
4 absent
5 absent
6 absent
7 absent

Left
57 60x
75 06x
Best: OR57: 1

Right
none
Best: none

XOR
01 10 1010101100 5
12 21 1000110011 5
23 32 1100110000 4
34 43 1100010000 3
45 54 0001001011 4
56 65 0011011110 6
67 76 0011010011 5
70 07 0011111001 6

02 20 0010011111 6
13 31 0100000011 3
24 42 0000100000 1
35 53 1101011011 7
46 64 0010010101 4
57 75 0000001101 3
60 06 0000101010 3
71 17 1001010101 5

03 30 1110101111 8
14 41 1000010011 4
25 52 0001101011 5
36 63 1110000101 5
47 74 0001000110 3
50 05 0011110100 5
61 16 1010000110 4
72 27 0001100110 4

04 40 0010111111 7
15 51 1001011000 4
26 62 0010110101 5
37 73 1101010110 6

Matching output
0 absent
1 absent
2 absent
3 absent
4 absent
5 absent
6 absent
7 absent

Left
none
Best: none

Right
none
Best: none

AND-NOT
01 0010101000 3
12 1000000001 2
23 0100110000 3
34 1000000000 1
45 0000000010 1
56 0001011100 4
67 0010000011 3
70 0001010000 2

02 0010001001 3
13 0100000001 2
24 0000100000 1
35 1000000010 2
46 0000010100 2
57 0000001101 3
60 0000000010 1
71 0001010000 2

03 0110101001 5 match 6
14 1000000001 2
25 0000100010 2
36 1000000100 2
47 0000000110 2
50 0001010100 3
61 0010000010 2
72 0001000000 1

04 0010101001 4
15 1000000000 1
26 0000110100 3
37 1000000110 3
40 0000010110 3
51 0001011000 3
62 0010000001 2
73 0101010000 3 match 2

05 0010100000 2
16 1000000100 2
27 0000100110 3
30 1000000110 3
41 0000010010 2
52 0001001001 3
63 0110000001 3
74 0001000000 1

06 0000101000 2
17 1000000101 3
20 0000010110 3
31 0000000010 1
42 0000000000 a match 3 4 5
53 0101011001 5
64 0010000001 2
75 0000000000 a match 3 4 5

07 0010101001 4
10 1000000100 2
21 0000110010 3
32 1000000000 1
43 0100010000 2
54 0001001001 3
65 0010000010 2
76 0001010000 2

Matching output
0 absent
1 absent
2 73
3 42 75
4 42 75
5 42 75
6 03
7 absent

Left
none
Best: none

Right
none
Best: none

OR-NOT
01 0111111011 8
12 1111001101 7
23 0111111111 9
34 1011101111 8
45 1110110110 7
56 1101111101 8
67 1110101111 8
70 1101010110 6

02 1111101001 7
13 1111111101 9
24 1111111111 a
35 1010100110 5
46 1101111110 8
57 1111111111 a
60 1111010111 8
71 0111111010 7

03 0111111001 7
14 1111101101 8
25 1110110110 7
36 1001111110 7
47 1110111111 9
50 1101011111 8
61 0111111011 8
72 1111011001 7

04 1111101001 7
15 1110100111 7
26 1101111110 8
37 1010101111 7
40 1101010110 6
51 0111111111 9
62 1111001011 7
73 0111111001 7

05 1110101011 7
16 1101111101 8
27 1110111111 9
30 1001010110 5
41 0111111110 8
52 1111011101 8
63 0111111011 8
74 1111111001 8

06 1111111101 9
17 1110101111 8
20 1101110110 7
31 1011111110 8
42 1111011111 9
53 0111111101 8
64 1111101011 8
75 1111110010 7

07 1110101111 8
10 1101010111 7
21 0111111110 8
32 1011001111 7
43 0111111111 9
54 1111111101 9
65 1110100011 6
76 1101111100 7

Matching output
0 absent
1 absent
2 absent
3 absent
4 absent
5 absent
6 absent
7 absent

Left
none
Best: none

Right
none
Best: none

XOR-NOT
01 0101010011 5
12 0111001100 5
23 0011001111 6
34 0011101111 7
45 1110110100 6
56 1100100001 4
67 1100101100 5
70 1100000110 4

02 1101100000 4
13 1011111100 7
24 1111011111 9
35 0010100100 3
46 1101101010 6
57 1111110010 7
60 1111010101 7
71 0110101010 5

03 0001010000 2
14 0111101100 6
25 1110010100 5
36 0001111010 5
47 1110111001 7
50 1100001011 5
61 0101111001 6
72 1110011001 6

04 1101000000 3
15 0110100111 6
26 1101001010 5
37 0010101001 4
40 1101000000 3
51 0110100111 6
62 1101001010 5
73 0010101001 4

05 1100001011 5
16 0101111001 6
27 1110011001 6
30 0001010000 2
41 0111101100 6
52 1110010100 5
63 0001111010 5
74 1110111001 7

06 1111010101 7
17 0110101010 5
20 1101100000 4
31 1011111100 7
42 1111011111 9
53 0010100100 3
64 1101101010 6
75 1111110010 7

07 1100000110 4
10 0101010011 5
21 0111001100 5
32 0011001111 6
43 0011101111 7
54 1110110100 6
65 1100100001 4
76 1100101100 5

Matching output
0 absent
1 absent
2 absent
3 absent
4 absent
5 absent
6 absent
7 absent

Left
none
Best: none

Right
none
Best: none

Selecting

Lefts
Identity I5 6 7: 3
NOT none
Constant none
AND none
OR OR57: 1
XOR none
AND-NOT none
OR-NOT none
XOR-NOT none

Rights
Identity I1 0: 2
NOT none
Constant none
AND none
OR none
XOR none
AND-NOT none
OR-NOT none
XOR-NOT none

Left longest: 3
Right longest: 2

Left winner: Identity yes, NOT no, Constant no, AND no, OR no, XOR no, AND-NOT no, OR-NOT no, XOR-NOT no
Right winner: Identity yes, NOT no, Constant no, AND no, OR no, XOR no, AND-NOT no, OR-NOT no, XOR-NOT no

Best left: I5 6 7: 3
Best right: I1 0: 2

Truncated left: I5 6 7: 3
Truncated right: I1 0: 2

Tentative from right
7 I1
6 I0
5 pending
4 pending
3 pending
2 pending
1 pending
0 pending

Tentative
0 I5
1 I6
2 I7
3 pending
4 pending
5 pending
6 I0
7 I1

Preferred from left
0 I5
1 I6
2 I7
3 ?0?
4 ?1?
5 ?2?
6 I0
7 I1

Preferred from right
7 I1
6 I0
5 ?27
4 ?16
3 ?05
2 I7
1 I6
0 I5

Preferred
0 I5
1 I6
2 I7
3 ?05 ?50
4 ?16 ?61
5 ?27 ?72
6 I0
7 I1

Matching
0 I5
1 I6
2 I7
3 ?05 ?50 - Identity absent, NOT absent, Constant C0, AND absent, OR absent, XOR absent, AND-NOT absent, OR-NOT absent, XOR-NOT absent
4 ?16 ?61 - Identity absent, NOT absent, Constant C0, AND absent, OR absent, XOR absent, AND-NOT absent, OR-NOT absent, XOR-NOT absent
5 ?27 ?72 - Identity absent, NOT absent, Constant C0, AND absent, OR absent, XOR absent, AND-NOT absent, OR-NOT absent, XOR-NOT absent
6 I0
7 I1

Perfect match
Identity no
NOT no
Constant yes
AND no
OR no
XOR no
AND-NOT no
OR-NOT no
XOR-NOT no

Matched
0 I5
1 I6
2 I7
3 C0
4 C0
5 C0
6 I0
7 I1

Selected
0 I5
1 I6
2 I7
3 C0
4 C0
5 C0
6 I0
7 I1

Applying to 10010100
Input
0 1
1 0
2 0
3 1
4 0
5 1
6 0
7 0
Output
0 I5 = 1
1 I6 = 0
2 I7 = 0
3 C0 = 0
4 C0 = 0
5 C0 = 0
6 I0 = 1
7 I1 = 0

I will now return the answer in \boxed{}
The answer in \boxed is
\boxed{10000010}