We need to deduce the transformation by matching the example outputs.
I will put my final answer inside \boxed{}.

Output 0: 10101000
0 1
1 0
2 1
3 0
4 1
5 0
6 0
7 0

Output 1: 11000000
0 1
1 1
2 0
3 0
4 0
5 0
6 0
7 0

Output 2: 00111011
0 0
1 0
2 1
3 1
4 1
5 0
6 1
7 1

Output 3: 01000010
0 0
1 1
2 0
3 0
4 0
5 0
6 1
7 0

Output 4: 11010100
0 1
1 1
2 0
3 1
4 0
5 1
6 0
7 0

Output 5: 11111101
0 1
1 1
2 1
3 1
4 1
5 1
6 0
7 1

Output 6: 11001101
0 1
1 1
2 0
3 0
4 1
5 1
6 0
7 1

Output 7: 00000010
0 0
1 0
2 0
3 0
4 0
5 0
6 1
7 0

Output bit columns (with bitsum as hash)
0 11001110 5
1 01011110 5
2 10100100 3
3 00101100 3
4 10100110 4
5 00001110 3
6 00110001 3
7 00100110 3

Input 0: 00101010
0 0
1 0
2 1
3 0
4 1
5 0
6 1
7 0

Input 1: 00110000
0 0
1 0
2 1
3 1
4 0
5 0
6 0
7 0

Input 2: 11001110
0 1
1 1
2 0
3 0
4 1
5 1
6 1
7 0

Input 3: 10010000
0 1
1 0
2 0
3 1
4 0
5 0
6 0
7 0

Input 4: 00110101
0 0
1 0
2 1
3 1
4 0
5 1
6 0
7 1

Input 5: 01111111
0 0
1 1
2 1
3 1
4 1
5 1
6 1
7 1

Input 6: 01110011
0 0
1 1
2 1
3 1
4 0
5 0
6 1
7 1

Input 7: 10000000
0 1
1 0
2 0
3 0
4 0
5 0
6 0
7 0

When matching output
x: not in operator
y: wrong position

Identity
0 00110001 3 match 6
1 00100110 3 match 7
2 11001110 5 match 0
3 01011110 5 match 1
4 10100100 3 match 2
5 00101100 3 match 3
6 10100110 4 match 4
7 00001110 3 match 5

Matching output
0 2
1 3
2 4
3 5
4 6
5 7
6 0
7 1

Left
2 3 4 5 6 7 0 1
Best: I2 3 4 5 6 7 0 1: 8

Right
1 0 7 6 5 4 3 2
Best: I1 0 7 6 5 4 3 2: 8

NOT
0 11001110 5 match 0
1 11011001 5
2 00110001 3 match 6
3 10100001 3
4 01011011 5
5 11010011 5
6 01011001 4
7 11110001 5

Matching output
0 0
1 absent
2 absent
3 absent
4 absent
5 absent
6 2
7 absent

Left
0 1x
Best: NOT0: 1

Right
none
Best: none

Constant
0 00000000 a
1 11111111 a

Matching output
0 absent
1 absent
2 absent
3 absent
4 absent
5 absent
6 absent
7 absent

Left
none
Best: none

Right
none
Best: none

AND
01 10 00100000 1
12 21 00000110 2
23 32 01001110 4
34 43 00000100 1
45 54 00100100 2
56 65 00100100 2
67 76 00000110 2
70 07 00000000 a

02 20 00000000 a
13 31 00000110 2
24 42 10000100 2
35 53 00001100 2
46 64 10100100 3 match 2
57 75 00001100 2
60 06 00100000 1
71 17 00000110 2

03 30 00010000 1
14 41 00100100 2
25 52 00001100 2
36 63 00000110 2
47 74 00000100 1
50 05 00100000 1
61 16 00100110 3 match 7
72 27 00001110 3 match 5

04 40 00100000 1
15 51 00100100 2
26 62 10000110 3
37 73 00001110 3 match 5

Matching output
0 absent
1 absent
2 46 64
3 absent
4 absent
5 72 27 37 73
6 absent
7 61 16

Left
none
Best: none

Right
61 50x
16 05x
Best: AND61: 1

OR
01 10 00110111 5
12 21 11101110 6
23 32 11011110 6
34 43 11111110 7
45 54 10101100 4
56 65 10101110 5
67 76 10101110 5
70 07 00111111 6

02 20 11111111 a
13 31 01111110 6
24 42 11101110 6
35 53 01111110 6
46 64 10100110 4 match 4
57 75 00101110 4
60 06 10110111 6
71 17 00101110 4

03 30 01111111 7
14 41 10100110 4 match 4
25 52 11101110 6
36 63 11111110 7
47 74 10101110 5
50 05 00111101 5
61 16 10100110 4 match 4
72 27 11001110 5 match 0

04 40 10110101 5
15 51 00101110 4
26 62 11101110 6
37 73 01011110 5 match 1

Matching output
0 72 27
1 37 73
2 absent
3 absent
4 46 64 14 41 61 16
5 absent
6 absent
7 absent

Left
72 03x
27 30x
Best: OR72: 1

Right
none
Best: none

XOR
01 10 00010111 4
12 21 11101000 4
23 32 10010000 2
34 43 11111010 6
45 54 10001000 2
56 65 10001010 3
67 76 10101000 3
70 07 00111111 6

02 20 11111111 a
13 31 01111000 4
24 42 01101010 4
35 53 01110010 4
46 64 00000010 1
57 75 00100010 2
60 06 10010111 5
71 17 00101000 2

03 30 01101111 6
14 41 10000010 2
25 52 11100010 4
36 63 11111000 5
47 74 10101010 4
50 05 00011101 4
61 16 10000000 1
72 27 11000000 2

04 40 10010101 4
15 51 00001010 2
26 62 01101000 3
37 73 01010000 2

Matching output
0 absent
1 absent
2 absent
3 absent
4 absent
5 absent
6 absent
7 absent

Left
none
Best: none

Right
none
Best: none

AND-NOT
01 00010001 2
12 00100000 1
23 10000000 1
34 01011010 4
45 10000000 1
56 00001000 1
67 10100000 2
70 00001110 3 match 5

02 00110001 3 match 6
13 00100000 1
24 01001010 3
35 01010010 3
46 00000000 a
57 00100000 1
60 10000110 3
71 00001000 1

03 00100001 2
14 00000010 1
25 11000010 3
36 01011000 3
47 10100000 2
50 00001100 2
61 10000000 1
72 00000000 a

04 00010001 2
15 00000010 1
26 01001000 2
37 01010000 2
40 10000100 2
51 00001000 1
62 00100000 1
73 00000000 a

05 00010001 2
16 00000000 a
27 11000000 2
30 01001110 4
41 10000000 1
52 00100000 1
63 10100000 2
74 00001010 2

06 00010001 2
17 00100000 1
20 11001110 5 match 0
31 01011000 3
42 00100000 1
53 00100000 1
64 00000010 1
75 00000010 1

07 00110001 3 match 6
10 00000110 2
21 11001000 3
32 00010000 1
43 10100000 2
54 00001000 1
65 10000010 2
76 00001000 1

Matching output
0 20
1 absent
2 absent
3 absent
4 absent
5 70
6 02 07
7 absent

Left
20 31x
Best: AND-NOT20: 1

Right
none
Best: none

OR-NOT
01 11111001 6
12 00110111 5
23 11101111 7
34 01011111 6
45 11110111 7
56 01111101 6
67 11110111 7
70 11001110 5 match 0

02 00110001 3 match 6
13 10100111 5
24 11011111 7
35 11011111 7
46 11111101 7
57 11111101 7
60 11101110 6
71 11011111 7

03 10110001 4
14 01111111 7
25 11011111 7
36 01011111 6
47 11110101 6
50 11101110 6
61 11111111 a
72 00111111 6

04 01111011 6
15 11110111 7
26 11011111 7
37 11111111 a
40 11101110 6
51 11111101 7
62 10110111 6
73 10101111 6

05 11110011 6
16 01111111 7
27 11111111 a
30 11011110 6
41 11111101 7
52 00111101 5
63 10100111 5
74 01011111 6

06 01111001 5
17 11110111 7
20 11001110 5 match 0
31 11011111 7
42 10110101 5
53 10101101 5
64 11111111 a
75 11011111 7

07 11110001 5
10 11101110 6
21 11011111 7
32 01111111 7
43 10100101 4
54 01111111 7
65 11110111 7
76 01011111 6

Matching output
0 70 20
1 absent
2 absent
3 absent
4 absent
5 absent
6 02
7 absent

Left
70 01x
20 31x
Best: OR-NOT70: 1

Right
none
Best: none

XOR-NOT
01 11101000 4
12 00010111 4
23 01101111 6
34 00000101 2
45 01110111 6
56 01110101 5
67 01010111 5
70 11000000 2

02 00000000 a
13 10000111 4
24 10010101 4
35 10001101 4
46 11111101 7
57 11011101 6
60 01101000 3
71 11010111 6

03 10010000 2
14 01111101 6
25 00011101 4
36 00000111 3
47 01010101 4
50 11100010 4
61 01111111 7
72 00111111 6

04 01101010 4
15 11110101 6
26 10010111 5
37 10101111 6
40 01101010 4
51 11110101 6
62 10010111 5
73 10101111 6

05 11100010 4
16 01111111 7
27 00111111 6
30 10010000 2
41 01111101 6
52 00011101 4
63 00000111 3
74 01010101 4

06 01101000 3
17 11010111 6
20 00000000 a
31 10000111 4
42 10010101 4
53 10001101 4
64 11111101 7
75 11011101 6

07 11000000 2
10 11101000 4
21 00010111 4
32 01101111 6
43 00000101 2
54 01110111 6
65 01110101 5
76 01010111 5

Matching output
0 absent
1 absent
2 absent
3 absent
4 absent
5 absent
6 absent
7 absent

Left
none
Best: none

Right
none
Best: none

Selecting

Lefts
Identity I2 3 4 5 6 7 0 1: 8
NOT NOT0: 1
Constant none
AND none
OR OR72: 1
XOR none
AND-NOT AND-NOT20: 1
OR-NOT OR-NOT70: 1
XOR-NOT none

Rights
Identity I1 0 7 6 5 4 3 2: 8
NOT none
Constant none
AND AND61: 1
OR none
XOR none
AND-NOT none
OR-NOT none
XOR-NOT none

Left longest: 8
Right longest: 8

Left winner: Identity yes, NOT no, Constant no, AND no, OR no, XOR no, AND-NOT no, OR-NOT no, XOR-NOT no
Right winner: Identity yes, NOT no, Constant no, AND no, OR no, XOR no, AND-NOT no, OR-NOT no, XOR-NOT no

Best left: I2 3 4 5 6 7 0 1: 8
Best right: I1 0 7 6 5 4 3 2: 8

Truncated left: I2 3 4 5 6 7 0 1: 8
Truncated right: none truncated

Tentative from right
7 pending
6 pending
5 pending
4 pending
3 pending
2 pending
1 pending
0 pending

Tentative
0 I2
1 I3
2 I4
3 I5
4 I6
5 I7
6 I0
7 I1

Preferred from left
0 I2
1 I3
2 I4
3 I5
4 I6
5 I7
6 I0
7 I1

Preferred from right
7 I1
6 I0
5 I7
4 I6
3 I5
2 I4
1 I3
0 I2

Preferred
0 I2
1 I3
2 I4
3 I5
4 I6
5 I7
6 I0
7 I1

Matching
0 I2
1 I3
2 I4
3 I5
4 I6
5 I7
6 I0
7 I1

Perfect match
Identity no
NOT no
Constant no
AND no
OR no
XOR no
AND-NOT no
OR-NOT no
XOR-NOT no

Matched
0 I2
1 I3
2 I4
3 I5
4 I6
5 I7
6 I0
7 I1

Selected
0 I2
1 I3
2 I4
3 I5
4 I6
5 I7
6 I0
7 I1

Applying to 01011110
Input
0 0
1 1
2 0
3 1
4 1
5 1
6 1
7 0
Output
0 I2 = 0
1 I3 = 1
2 I4 = 1
3 I5 = 1
4 I6 = 1
5 I7 = 0
6 I0 = 0
7 I1 = 1

I will now return the answer in \boxed{}
The answer in \boxed is
\boxed{01111001}