We need to deduce the transformation by matching the example outputs.
I will put my final answer inside \boxed{}.

Output 0: 11001001
0 1
1 1
2 0
3 0
4 1
5 0
6 0
7 1

Output 1: 10000100
0 1
1 0
2 0
3 0
4 0
5 1
6 0
7 0

Output 2: 00001111
0 0
1 0
2 0
3 0
4 1
5 1
6 1
7 1

Output 3: 10000000
0 1
1 0
2 0
3 0
4 0
5 0
6 0
7 0

Output 4: 10001001
0 1
1 0
2 0
3 0
4 1
5 0
6 0
7 1

Output 5: 00000100
0 0
1 0
2 0
3 0
4 0
5 1
6 0
7 0

Output 6: 00111100
0 0
1 0
2 1
3 1
4 1
5 1
6 0
7 0

Output 7: 00000000
0 0
1 0
2 0
3 0
4 0
5 0
6 0
7 0

Output 8: 00100000
0 0
1 0
2 1
3 0
4 0
5 0
6 0
7 0

Output bit columns (with bitsum as hash)
0 110110000 4
1 100000000 1
2 000000101 2
3 000000100 1
4 101010100 4
5 011001100 4
6 001000000 1
7 101010000 3

Input 0: 11110110
0 1
1 1
2 1
3 1
4 0
5 1
6 1
7 0

Input 1: 01101011
0 0
1 1
2 1
3 0
4 1
5 0
6 1
7 1

Input 2: 11000111
0 1
1 1
2 0
3 0
4 0
5 1
6 1
7 1

Input 3: 01100001
0 0
1 1
2 1
3 0
4 0
5 0
6 0
7 1

Input 4: 11100110
0 1
1 1
2 1
3 0
4 0
5 1
6 1
7 0

Input 5: 01000011
0 0
1 1
2 0
3 0
4 0
5 0
6 1
7 1

Input 6: 00011111
0 0
1 0
2 0
3 1
4 1
5 1
6 1
7 1

Input 7: 00101001
0 0
1 0
2 1
3 0
4 1
5 0
6 0
7 1

Input 8: 01011001
0 0
1 1
2 0
3 1
4 1
5 0
6 0
7 1

When matching output
x: not in operator
y: wrong position

Identity
0 101010000 3 match 7
1 111111001 7
2 110110010 5
3 100000101 3
4 010000111 4
5 101010100 4 match 4
6 111011100 6
7 011101111 7

Matching output
0 absent
1 absent
2 absent
3 absent
4 5
5 absent
6 absent
7 0

Left
none
Best: none

Right
0 7x
Best: I0: 1

NOT
0 010101111 6
1 000000110 2
2 001001101 4
3 011111010 6
4 101111000 5
5 010101011 5
6 000100011 3
7 100010000 2

Matching output
0 absent
1 absent
2 absent
3 absent
4 absent
5 absent
6 absent
7 absent

Left
none
Best: none

Right
none
Best: none

Constant
0 000000000 a
1 111111111 a

Matching output
0 absent
1 absent
2 absent
3 absent
4 absent
5 absent
6 absent
7 absent

Left
none
Best: none

Right
none
Best: none

AND
01 10 101010000 3 match 7
12 21 110110000 4 match 0
23 32 100000000 1 match 1
34 43 000000101 2 match 2
45 54 000000100 1 match 3
56 65 101010100 4 match 4
67 76 011001100 4 match 5
70 07 001000000 1 match 6

02 20 100010000 2
13 31 100000001 2
24 42 010000010 2
35 53 100000100 2
46 64 010000100 2
57 75 001000100 2
60 06 101010000 3 match 7
71 17 011101001 5

03 30 100000000 1 match 1
14 41 010000001 2
25 52 100010000 2
36 63 100000100 2
47 74 010000111 4
50 05 101010000 3 match 7
61 16 111011000 5
72 27 010100010 3

04 40 000000000 a
15 51 101010000 3 match 7
26 62 110010000 3
37 73 000000101 2 match 2

Matching output
0 12 21
1 23 32 03 30
2 34 43 37 73
3 45 54
4 56 65
5 67 76
6 70 07
7 01 10 60 06 50 05 15 51

Left
12 23 34 45 56 67 70 01
21 32 43 54 65 76 07 10
Best: AND12 23 34 45 56 67 70 01: 8

Right
01 70 67 56 45 34 23 12
10 07 76 65 54 43 32 21
60 57x
06 75x
50 47x
05 74x
15 04x
51 40x
Best: AND01 70 67 56 45 34 23 12: 8

OR
01 10 111111001 7
12 21 111111011 8
23 32 110110111 7
34 43 110000111 5
45 54 111010111 7
56 65 111011100 6
67 76 111111111 a
70 07 111111111 a

02 20 111110010 6
13 31 111111101 8
24 42 110110111 7
35 53 101010101 5
46 64 111011111 8
57 75 111111111 a
60 06 111011100 6
71 17 111111111 a

03 30 101010101 5
14 41 111111111 a
25 52 111110110 7
36 63 111011101 7
47 74 011101111 7
50 05 101010100 4 match 4
61 16 111111101 8
72 27 111111111 a

04 40 111010111 7
15 51 111111101 8
26 62 111111110 8
37 73 111101111 8

Matching output
0 absent
1 absent
2 absent
3 absent
4 50 05
5 absent
6 absent
7 absent

Left
none
Best: none

Right
none
Best: none

XOR
01 10 010101001 4
12 21 001001011 4
23 32 010110111 6
34 43 110000010 3
45 54 111010011 6
56 65 010001000 2
67 76 100110011 5
70 07 110111111 8

02 20 011100010 4
13 31 011111100 6
24 42 100110101 5
35 53 001010001 3
46 64 101011011 6
57 75 110111011 7
60 06 010001100 3
71 17 100010110 4

03 30 001010101 4
14 41 101111110 7
25 52 011100110 5
36 63 011011001 5
47 74 001101000 3
50 05 000000100 1 match 3
61 16 000100101 3
72 27 101011101 6

04 40 111010111 7
15 51 010101101 5
26 62 001101110 5
37 73 111101010 6

Matching output
0 absent
1 absent
2 absent
3 50 05
4 absent
5 absent
6 absent
7 absent

Left
none
Best: none

Right
none
Best: none

AND-NOT
01 000000000 a
12 001001001 3
23 010110010 4
34 100000000 1 match 1
45 010000011 3
56 000000000 a
67 100010000 2
70 010101111 6

02 001000000 1 match 6
13 011111000 5
24 100110000 3
35 000000001 1
46 000000011 2
57 100010000 2
60 010001100 3
71 000000110 2

03 001010000 2
14 101111000 5
25 010100010 3
36 000000001 1
47 000000000 a
50 000000100 1 match 3
61 000000100 1 match 3
72 001001101 4

04 101010000 3 match 7
15 010101001 4
26 000100010 2
37 100000000 1 match 1
40 010000111 4
51 000000100 1 match 3
62 001001100 3
73 011101010 5

05 000000000 a
16 000100001 2
27 100010000 2
30 000000101 2 match 2
41 000000110 2
52 001000100 2
63 011011000 4
74 001101000 3

06 000000000 a
17 100010000 2
20 010100010 3
31 000000100 1 match 3
42 000000101 2 match 2
53 001010000 2
64 101011000 4
75 010101011 5

07 100010000 2
10 010101001 4
21 000000010 1
32 000000101 2 match 2
43 010000010 2
54 101010000 3 match 7
65 010001000 2
76 000100011 3

Matching output
0 absent
1 34 37
2 30 42 32
3 50 61 51 31
4 absent
5 absent
6 02
7 04 54

Left
none
Best: none

Right
04 73x
54 43x
Best: AND-NOT04: 1

OR-NOT
01 101010110 5
12 111111101 8
23 111111010 7
34 101111101 7
45 010101111 6
56 101110111 7
67 111011100 6
70 011101111 7

02 101011101 6
13 111111011 8
24 111111010 7
35 110101111 7
46 010100111 5
57 101010100 4 match 4
60 111111111 a
71 011101111 7

03 111111010 7
14 111111001 7
25 110111011 7
36 100100111 5
47 110010111 6
50 111111111 a
61 111011110 7
72 011101111 7

04 101111000 5
15 111111011 8
26 110110011 6
37 100010101 4
40 010101111 6
51 101010110 5
62 111011101 7
73 011111111 8

05 111111011 8
16 111111011 8
27 110110010 5
30 110101111 7
41 010000111 4
52 101011101 6
63 111111110 8
74 111111111 a

06 101110011 6
17 111111001 7
20 110111111 8
31 100000111 4
42 011001111 6
53 111111110 8
64 111111100 7
75 011101111 7

07 101010000 3 match 7
10 111111111 a
21 110110110 6
32 101001101 5
43 011111111 8
54 101111100 6
65 111111111 a
76 011101111 7

Matching output
0 absent
1 absent
2 absent
3 absent
4 57
5 absent
6 absent
7 07

Left
none
Best: none

Right
07 76x
Best: OR-NOT07: 1

XOR-NOT
01 101010110 5
12 110110100 5
23 101001000 3
34 001111101 6
45 000101100 3
56 101110111 7
67 011001100 4 match 5
70 001000000 1 match 6

02 100011101 5
13 100000011 3
24 011001010 4
35 110101110 6
46 010100100 3
57 001000100 2
60 101110011 6
71 011101001 5

03 110101010 5
14 010000001 2
25 100011001 4
36 100100110 4
47 110010111 6
50 111111011 8
61 111011010 6
72 010100010 3

04 000101000 2
15 101010010 4
26 110010001 4
37 000010101 3
40 000101000 2
51 101010010 4
62 110010001 4
73 000010101 3

05 111111011 8
16 111011010 6
27 010100010 3
30 110101010 5
41 010000001 2
52 100011001 4
63 100100110 4
74 110010111 6

06 101110011 6
17 011101001 5
20 100011101 5
31 100000011 3
42 011001010 4
53 110101110 6
64 010100100 3
75 001000100 2

07 001000000 1 match 6
10 101010110 5
21 110110100 5
32 101001000 3
43 001111101 6
54 000101100 3
65 101110111 7
76 011001100 4 match 5

Matching output
0 absent
1 absent
2 absent
3 absent
4 absent
5 67 76
6 70 07
7 absent

Left
none
Best: none

Right
none
Best: none

Selecting

Lefts
Identity none
NOT none
Constant none
AND AND12 23 34 45 56 67 70 01: 8
OR none
XOR none
AND-NOT none
OR-NOT none
XOR-NOT none

Rights
Identity I0: 1
NOT none
Constant none
AND AND01 70 67 56 45 34 23 12: 8
OR none
XOR none
AND-NOT AND-NOT04: 1
OR-NOT OR-NOT07: 1
XOR-NOT none

Left longest: 8
Right longest: 8

Left winner: Identity no, NOT no, Constant no, AND yes, OR no, XOR no, AND-NOT no, OR-NOT no, XOR-NOT no
Right winner: Identity no, NOT no, Constant no, AND yes, OR no, XOR no, AND-NOT no, OR-NOT no, XOR-NOT no

Best left: AND12 23 34 45 56 67 70 01: 8
Best right: AND01 70 67 56 45 34 23 12: 8

Truncated left: AND12 23 34 45 56 67 70 01: 8
Truncated right: none truncated

Tentative from right
7 pending
6 pending
5 pending
4 pending
3 pending
2 pending
1 pending
0 pending

Tentative
0 AND12
1 AND23
2 AND34
3 AND45
4 AND56
5 AND67
6 AND70
7 AND01

Preferred from left
0 AND12
1 AND23
2 AND34
3 AND45
4 AND56
5 AND67
6 AND70
7 AND01

Preferred from right
7 AND01
6 AND70
5 AND67
4 AND56
3 AND45
2 AND34
1 AND23
0 AND12

Preferred
0 AND12
1 AND23
2 AND34
3 AND45
4 AND56
5 AND67
6 AND70
7 AND01

Matching
0 AND12
1 AND23
2 AND34
3 AND45
4 AND56
5 AND67
6 AND70
7 AND01

Perfect match
Identity no
NOT no
Constant no
AND no
OR no
XOR no
AND-NOT no
OR-NOT no
XOR-NOT no

Matched
0 AND12
1 AND23
2 AND34
3 AND45
4 AND56
5 AND67
6 AND70
7 AND01

Selected
0 AND12
1 AND23
2 AND34
3 AND45
4 AND56
5 AND67
6 AND70
7 AND01

Applying to 00001100
Input
0 0
1 0
2 0
3 0
4 1
5 1
6 0
7 0
Output
0 AND12 = AND(0,0) = 0
1 AND23 = AND(0,0) = 0
2 AND34 = AND(0,1) = 0
3 AND45 = AND(1,1) = 1
4 AND56 = AND(1,0) = 0
5 AND67 = AND(0,0) = 0
6 AND70 = AND(0,0) = 0
7 AND01 = AND(0,0) = 0

I will now return the answer in \boxed{}
The answer in \boxed is
\boxed{00010000}