We need to deduce the transformation by matching the example outputs.
I will put my final answer inside \boxed{}.

Output 0: 01100000
0 0
1 1
2 1
3 0
4 0
5 0
6 0
7 0

Output 1: 11010001
0 1
1 1
2 0
3 1
4 0
5 0
6 0
7 1

Output 2: 10000001
0 1
1 0
2 0
3 0
4 0
5 0
6 0
7 1

Output 3: 00010000
0 0
1 0
2 0
3 1
4 0
5 0
6 0
7 0

Output 4: 00100001
0 0
1 0
2 1
3 0
4 0
5 0
6 0
7 1

Output 5: 11110001
0 1
1 1
2 1
3 1
4 0
5 0
6 0
7 1

Output 6: 10000001
0 1
1 0
2 0
3 0
4 0
5 0
6 0
7 1

Output 7: 11000000
0 1
1 1
2 0
3 0
4 0
5 0
6 0
7 0

Output 8: 00110001
0 0
1 0
2 1
3 1
4 0
5 0
6 0
7 1

Output 9: 10100000
0 1
1 0
2 1
3 0
4 0
5 0
6 0
7 0

Output bit columns (with bitsum as hash)
0 0110011101 6
1 1100010100 4
2 1000110011 5
3 0101010010 4
4 0000000000 a
5 0000000000 a
6 0000000000 a
7 0110111010 6

Input 0: 01100110
0 0
1 1
2 1
3 0
4 0
5 1
6 1
7 0

Input 1: 11001101
0 1
1 1
2 0
3 0
4 1
5 1
6 0
7 1

Input 2: 10101000
0 1
1 0
2 1
3 0
4 1
5 0
6 0
7 0

Input 3: 00100001
0 0
1 0
2 1
3 0
4 0
5 0
6 0
7 1

Input 4: 10100010
0 1
1 0
2 1
3 0
4 0
5 0
6 1
7 0

Input 5: 10101111
0 1
1 0
2 1
3 0
4 1
5 1
6 1
7 1

Input 6: 11111000
0 1
1 1
2 1
3 1
4 1
5 0
6 0
7 0

Input 7: 01101100
0 0
1 1
2 1
3 0
4 1
5 1
6 0
7 0

Input 8: 11110011
0 1
1 1
2 1
3 1
4 0
5 0
6 1
7 1

Input 9: 00111010
0 0
1 0
2 1
3 1
4 1
5 0
6 1
7 0

When matching output
x: not in operator
y: wrong position

Identity
0 0110111010 6 match 7
1 1100001110 5
2 1011111111 9
3 0000001011 3
4 0110011101 6 match 0
5 1100010100 4 match 1
6 1000110011 5 match 2
7 0101010010 4 match 3

Matching output
0 4
1 5
2 6
3 7
4 absent
5 absent
6 absent
7 0

Left
4 5 6 7 0y
Best: I4 5 6 7: 4

Right
0 7y
Best: I0: 1

NOT
0 1001000101 4
1 0011110001 5
2 0100000000 1
3 1111110100 7
4 1001100010 4
5 0011101011 6
6 0111001100 5
7 1010101101 6

Matching output
0 absent
1 absent
2 absent
3 absent
4 absent
5 absent
6 absent
7 absent

Left
none
Best: none

Right
none
Best: none

Constant
0 0000000000 a match 4 5 6
1 1111111111 a

Matching output
0 absent
1 absent
2 absent
3 absent
4 C0
5 C0
6 C0
7 absent

Left
none
Best: none

Right
none
Best: none

AND
01 10 0100001010 3
12 21 1000001110 4
23 32 0000001011 3
34 43 0000001001 2
45 54 0100010100 3
56 65 1000010000 2
67 76 0000010010 2
70 07 0100010010 3

02 20 0010111010 5
13 31 0000001010 2
24 42 0010011101 5
35 53 0000000000 a match 4 5 6
46 64 0000010001 2
57 75 0100010000 2
60 06 0000110010 3
71 17 0100000010 2

03 30 0000001010 2
14 41 0100001100 3
25 52 1000010100 3
36 63 0000000011 2
47 74 0100010000 2
50 05 0100010000 2
61 16 1000000010 2
72 27 0001010010 3

04 40 0110011000 4
15 51 1100000100 3
26 62 1000110011 5 match 2
37 73 0000000010 1

Matching output
0 absent
1 absent
2 26 62
3 absent
4 35 53
5 35 53
6 35 53
7 absent

Left
none
Best: none

Right
none
Best: none

OR
01 10 1110111110 8
12 21 1111111111 a
23 32 1011111111 9
34 43 0110011111 7
45 54 1110011101 7
56 65 1100110111 7
67 76 1101110011 7
70 07 0111111010 7

02 20 1111111111 a
13 31 1100001111 6
24 42 1111111111 a
35 53 1100011111 7
46 64 1110111111 9
57 75 1101010110 6
60 06 1110111011 8
71 17 1101011110 7

03 30 0110111011 7
14 41 1110011111 8
25 52 1111111111 a
36 63 1000111011 6
47 74 0111011111 8
50 05 1110111110 8
61 16 1100111111 8
72 27 1111111111 a

04 40 0110111111 8
15 51 1100011110 6
26 62 1011111111 9
37 73 0101011011 6

Matching output
0 absent
1 absent
2 absent
3 absent
4 absent
5 absent
6 absent
7 absent

Left
none
Best: none

Right
none
Best: none

XOR
01 10 1010110100 5
12 21 0111110001 6
23 32 1011110100 6
34 43 0110010110 5
45 54 1010001001 4
56 65 0100100111 5
67 76 1101100001 5
70 07 0011101000 4

02 20 1101000101 5
13 31 1100000101 4
24 42 1101100010 5
35 53 1100011111 7
46 64 1110101110 7
57 75 1001000110 4
60 06 1110001001 5
71 17 1001011100 5

03 30 0110110001 5
14 41 1010010011 5
25 52 0111101011 7
36 63 1000111000 4
47 74 0011001111 6
50 05 1010101110 6
61 16 0100111101 6
72 27 1110101101 7

04 40 0000100111 4
15 51 0000011010 3
26 62 0011001100 4
37 73 0101011001 5

Matching output
0 absent
1 absent
2 absent
3 absent
4 absent
5 absent
6 absent
7 absent

Left
none
Best: none

Right
none
Best: none

AND-NOT
01 0010110000 3
12 0100000000 1
23 1011110100 6
34 0000000010 1
45 0010001001 3
56 0100000100 2
67 1000100001 3
70 0001000000 1

02 0100000000 1
13 1100000100 3
24 1001100010 4
35 0000001011 3
46 0110001100 4
57 1000000100 2
60 1000000001 2
71 0001010000 2

03 0110110000 4
14 1000000010 2
25 0011101011 6
36 0000001000 1
47 0010001101 4
50 1000000100 2
61 0000110001 3
72 0100000000 1

04 0000100010 2
15 0000001010 2
26 0011001100 4
37 0000001001 2
40 0000000101 2
51 0000010000 1
62 0000000000 a match 4 5 6
73 0101010000 3

05 0010101010 4
16 0100001100 3
27 1010101101 6
30 0000000001 1
41 0010010001 3
52 0100000000 1
63 1000110000 3
74 0001000010 2

06 0110001000 3
17 1000001100 3
20 1001000101 4
31 0000000001 1
42 0100000000 1
53 1100010100 4 match 1
64 1000100010 3
75 0001000010 2

07 0010101000 3
10 1000000100 2
21 0011110001 5
32 0000000000 a match 4 5 6
43 0110010100 4
54 1000000000 1
65 0000100011 3
76 0101000000 2

Matching output
0 absent
1 53
2 absent
3 absent
4 62 32
5 62 32
6 62 32
7 absent

Left
none
Best: none

Right
none
Best: none

OR-NOT
01 0111111011 8
12 1100001110 5
23 1111111111 a
34 1001101011 6
45 0111111111 9
56 1111011100 7
67 1010111111 8
70 1101010111 7

02 0110111010 6 match 7
13 1111111110 9
24 1011111111 9
35 0011101011 6
46 0111011101 7
57 1110111101 8
60 1001110111 7
71 0111110011 7

03 1111111110 9
14 1101101110 7
25 1011111111 9
36 0111001111 7
47 1110111101 8
50 1101010101 6
61 1011110011 7
72 0101010010 4 match 3

04 1111111010 8
15 1111101111 9
26 1111111111 a
37 1010101111 7
40 1111011101 8
51 1111110101 8
62 1100110011 6
73 1111110110 8

05 0111111011 8
16 1111001110 7
27 1011111111 9
30 1001001111 6
41 0111111101 8
52 1100010100 4 match 1
63 1111110111 9
74 1101110010 6

06 0111111110 8
17 1110101111 8
20 1011111111 9
31 0011111011 7
42 0110011101 6 match 0
53 1111110100 7
64 1001110011 6
75 0111111011 8

07 1110111111 9
10 1101001111 7
21 1011111111 9
32 0100001011 4
43 1111111101 9
54 1101110110 7
65 1011111011 8
76 0111011110 7

Matching output
0 42
1 52
2 absent
3 72
4 absent
5 absent
6 absent
7 02

Left
42 53x
Best: OR-NOT42: 1

Right
02 71x
Best: OR-NOT02: 1

XOR-NOT
01 0101001011 5
12 1000001110 4
23 0100001011 4
34 1001101001 5
45 0101110110 6
56 1011011000 5
67 0010011110 5
70 1100010111 6

02 0010111010 5
13 0011111010 6
24 0010011101 5
35 0011100000 3
46 0001010001 3
57 0110111001 6
60 0001110110 5
71 0110100011 5

03 1001001110 5
14 0101101100 5
25 1000010100 3
36 0111000111 6
47 1100110000 4
50 0101010001 4
61 1011000010 4
72 0001010010 3

04 1111011000 6
15 1111100101 7
26 1100110011 6
37 1010100110 5
40 1111011000 6
51 1111100101 7
62 1100110011 6
73 1010100110 5

05 0101010001 4
16 1011000010 4
27 0001010010 3
30 1001001110 5
41 0101101100 5
52 1000010100 3
63 0111000111 6
74 1100110000 4

06 0001110110 5
17 0110100011 5
20 0010111010 5
31 0011111010 6
42 0010011101 5
53 0011100000 3
64 0001010001 3
75 0110111001 6

07 1100010111 6
10 0101001011 5
21 1000001110 4
32 0100001011 4
43 1001101001 5
54 0101110110 6
65 1011011000 5
76 0010011110 5

Matching output
0 absent
1 absent
2 absent
3 absent
4 absent
5 absent
6 absent
7 absent

Left
none
Best: none

Right
none
Best: none

Selecting

Lefts
Identity I4 5 6 7: 4
NOT none
Constant none
AND none
OR none
XOR none
AND-NOT none
OR-NOT OR-NOT42: 1
XOR-NOT none

Rights
Identity I0: 1
NOT none
Constant none
AND none
OR none
XOR none
AND-NOT none
OR-NOT OR-NOT02: 1
XOR-NOT none

Left longest: 4
Right longest: 1

Left winner: Identity yes, NOT no, Constant no, AND no, OR no, XOR no, AND-NOT no, OR-NOT no, XOR-NOT no
Right winner: Identity yes, NOT no, Constant no, AND no, OR no, XOR no, AND-NOT no, OR-NOT no, XOR-NOT no

Best left: I4 5 6 7: 4
Best right: I0: 1

Truncated left: I4 5 6 7: 4
Truncated right: I0: 1

Tentative from right
7 I0
6 pending
5 pending
4 pending
3 pending
2 pending
1 pending
0 pending

Tentative
0 I4
1 I5
2 I6
3 I7
4 pending
5 pending
6 pending
7 I0

Preferred from left
0 I4
1 I5
2 I6
3 I7
4 ?0?
5 ?1?
6 ?2?
7 I0

Preferred from right
7 I0
6 ?27
5 ?16
4 ?05
3 I7
2 I6
1 I5
0 I4

Preferred
0 I4
1 I5
2 I6
3 I7
4 ?05 ?50
5 ?16 ?61
6 ?27 ?72
7 I0

Matching
0 I4
1 I5
2 I6
3 I7
4 ?05 ?50 - Identity absent, NOT absent, Constant C0, AND absent, OR absent, XOR absent, AND-NOT absent, OR-NOT absent, XOR-NOT absent
5 ?16 ?61 - Identity absent, NOT absent, Constant C0, AND absent, OR absent, XOR absent, AND-NOT absent, OR-NOT absent, XOR-NOT absent
6 ?27 ?72 - Identity absent, NOT absent, Constant C0, AND absent, OR absent, XOR absent, AND-NOT absent, OR-NOT absent, XOR-NOT absent
7 I0

Perfect match
Identity no
NOT no
Constant yes
AND no
OR no
XOR no
AND-NOT no
OR-NOT no
XOR-NOT no

Matched
0 I4
1 I5
2 I6
3 I7
4 C0
5 C0
6 C0
7 I0

Selected
0 I4
1 I5
2 I6
3 I7
4 C0
5 C0
6 C0
7 I0

Applying to 10001110
Input
0 1
1 0
2 0
3 0
4 1
5 1
6 1
7 0
Output
0 I4 = 1
1 I5 = 1
2 I6 = 1
3 I7 = 0
4 C0 = 0
5 C0 = 0
6 C0 = 0
7 I0 = 1

I will now return the answer in \boxed{}
The answer in \boxed is
\boxed{11100001}