We need to deduce the transformation by matching the example outputs.
I will put my final answer inside \boxed{}.

Output 0: 11101111
0 1
1 1
2 1
3 0
4 1
5 1
6 1
7 1

Output 1: 00011000
0 0
1 0
2 0
3 1
4 1
5 0
6 0
7 0

Output 2: 11110100
0 1
1 1
2 1
3 1
4 0
5 1
6 0
7 0

Output 3: 10011110
0 1
1 0
2 0
3 1
4 1
5 1
6 1
7 0

Output 4: 01011001
0 0
1 1
2 0
3 1
4 1
5 0
6 0
7 1

Output 5: 11000111
0 1
1 1
2 0
3 0
4 0
5 1
6 1
7 1

Output 6: 01001100
0 0
1 1
2 0
3 0
4 1
5 1
6 0
7 0

Output 7: 00110000
0 0
1 0
2 1
3 1
4 0
5 0
6 0
7 0

Output 8: 01101011
0 0
1 1
2 1
3 0
4 1
5 0
6 1
7 1

Output bit columns (with bitsum as hash)
0 101101000 4
1 101011101 6
2 101000011 4
3 011110010 5
4 110110101 6
5 101101100 5
6 100101001 4
7 100011001 4

Input 0: 11111000
0 1
1 1
2 1
3 1
4 1
5 0
6 0
7 0

Input 1: 10000100
0 1
1 0
2 0
3 0
4 0
5 1
6 0
7 0

Input 2: 11110101
0 1
1 1
2 1
3 1
4 0
5 1
6 0
7 1

Input 3: 11000011
0 1
1 1
2 0
3 0
4 0
5 0
6 1
7 1

Input 4: 00101110
0 0
1 0
2 1
3 0
4 1
5 1
6 1
7 0

Input 5: 11101101
0 1
1 1
2 1
3 0
4 1
5 1
6 0
7 1

Input 6: 00100100
0 0
1 0
2 1
3 0
4 0
5 1
6 0
7 0

Input 7: 10010001
0 1
1 0
2 0
3 1
4 0
5 0
6 0
7 1

Input 8: 10111110
0 1
1 0
2 1
3 1
4 1
5 1
6 1
7 0

When matching output
x: not in operator
y: wrong position

Identity
0 111101011 7
1 101101000 4 match 0
2 101011101 6 match 1
3 101000011 4 match 2
4 100011001 4 match 7
5 011011101 6
6 000110001 3
7 001101010 4

Matching output
0 1
1 2
2 3
3 absent
4 absent
5 absent
6 absent
7 4

Left
1 2 3 4y
Best: I1 2 3: 3

Right
4 3y
Best: I4: 1

NOT
0 000010100 2
1 010010111 5
2 010100010 3
3 010111100 5
4 011100110 5
5 100100010 3
6 111001110 6
7 110010101 5

Matching output
0 absent
1 absent
2 absent
3 absent
4 absent
5 absent
6 absent
7 absent

Left
none
Best: none

Right
none
Best: none

Constant
0 000000000 a
1 111111111 a

Matching output
0 absent
1 absent
2 absent
3 absent
4 absent
5 absent
6 absent
7 absent

Left
none
Best: none

Right
none
Best: none

AND
01 10 101101000 4 match 0
12 21 101001000 3
23 32 101000001 3
34 43 100000001 2
45 54 000011001 3
56 65 000010001 2
67 76 000100000 1
70 07 001101010 4

02 20 101001001 4
13 31 101000000 2
24 42 100011001 4 match 7
35 53 001000001 2
46 64 000010001 2
57 75 001001000 2
60 06 000100001 2
71 17 001101000 3

03 30 101000011 4 match 2
14 41 100001000 2
25 52 001011101 5
36 63 000000001 1
47 74 000001000 1
50 05 011001001 4
61 16 000100000 1
72 27 001001000 2

04 40 100001001 3
15 51 001001000 2
26 62 000010001 2
37 73 001000010 2

Matching output
0 01 10
1 absent
2 03 30
3 absent
4 absent
5 absent
6 absent
7 24 42

Left
01 12x
10 21x
Best: AND01: 1

Right
24 13x
42 31x
Best: AND24: 1

OR
01 10 111101011 7
12 21 101111101 7
23 32 101011111 7
34 43 101011011 6
45 54 111011101 7
56 65 011111101 7
67 76 001111011 6
70 07 111101011 7

02 20 111111111 a
13 31 101101011 6
24 42 101011101 6 match 1
35 53 111011111 8
46 64 100111001 5
57 75 011111111 8
60 06 111111011 8
71 17 101101010 5

03 30 111101011 7
14 41 101111001 6
25 52 111011101 7
36 63 101110011 6
47 74 101111011 7
50 05 111111111 a
61 16 101111001 6
72 27 101111111 8

04 40 111111011 8
15 51 111111101 8
26 62 101111101 7
37 73 101101011 6

Matching output
0 absent
1 24 42
2 absent
3 absent
4 absent
5 absent
6 absent
7 absent

Left
none
Best: none

Right
none
Best: none

XOR
01 10 010000011 3
12 21 000110101 4
23 32 000011110 4
34 43 001011010 4
45 54 111000100 4
56 65 011101100 5
67 76 001011011 5
70 07 110000001 3

02 20 010110110 5
13 31 000101011 4
24 42 001000100 2
35 53 110011110 6
46 64 100101000 3
57 75 010110111 6
60 06 111011010 6
71 17 100000010 2

03 30 010101000 3
14 41 001110001 4
25 52 110000000 2
36 63 101110010 5
47 74 101110011 6
50 05 100110110 5
61 16 101011001 5
72 27 100110111 6

04 40 011110010 5 match 3
15 51 110110101 6 match 4
26 62 101101100 5 match 5
37 73 100101001 4 match 6

Matching output
0 absent
1 absent
2 absent
3 04 40
4 15 51
5 26 62
6 37 73
7 absent

Left
none
Best: none

Right
none
Best: none

AND-NOT
01 010000011 3
12 000100000 1
23 000011100 3
34 001000010 2
45 100000000 1
56 011001100 4
67 000010001 2
70 000000000 a

02 010100010 3
13 000101000 2
24 001000100 2
35 100000010 2
46 100001000 2
57 010010101 4
60 000010000 1
71 000000010 1

03 010101000 3
14 001100000 2
25 100000000 1
36 101000010 3
47 100010001 3
50 000010100 2
61 000010001 2
72 000100010 2

04 011100010 4
15 100100000 2
26 101001100 4
37 100000001 2
40 000010000 1
51 010010101 4
62 000100000 1
73 000101000 2

05 100100010 3
16 101001000 3
27 100010101 4
30 000000000 a
41 000010001 2
52 010000000 1
63 000110000 2
74 001100010 3

06 111001010 5
17 100000000 1
20 000010100 2
31 000000011 2
42 000000000 a
53 010011100 4
64 000100000 1
75 000100010 2

07 110000001 3
10 000000000 a
21 000010101 3
32 000000010 1
43 000011000 2
54 011000100 3
65 000100000 1
76 001001010 3

Matching output
0 absent
1 absent
2 absent
3 absent
4 absent
5 absent
6 absent
7 absent

Left
none
Best: none

Right
none
Best: none

OR-NOT
01 111111111 a
12 111101010 6
23 111111101 8
34 111100111 7
45 100111011 6
56 111011111 8
67 110110101 6 match 4
70 001111110 6

02 111101011 7
13 111111100 7
24 111111111 a
35 101100011 5
46 111011111 8
57 111011101 7
60 000110101 4
71 011111111 8

03 111111111 a
14 111101110 7
25 101111111 8
36 111001111 7
47 110011101 6
50 011011101 6
61 010110111 6
72 011101010 5

04 111101111 8
15 101101010 5
26 111011111 8
37 111010111 7
40 100011101 5
51 011011111 7
62 010110011 5
73 011111110 7

05 111101011 7
16 111101110 7
27 111011101 7
30 101010111 6
41 110011111 7
52 011111111 8
63 010111101 6
74 011101110 6

06 111101111 8
17 111111101 8
20 101011101 6 match 1
31 111010111 7
42 110111011 7
53 011111101 7
64 011110111 7
75 101101010 5

07 111111111 a
10 101111100 6
21 111011111 8
32 111100011 6
43 110111101 7
54 011111111 8
65 100110011 5
76 111101110 7

Matching output
0 absent
1 20
2 absent
3 absent
4 67
5 absent
6 absent
7 absent

Left
none
Best: none

Right
none
Best: none

XOR-NOT
01 101111100 6
12 111001010 5
23 111100001 5
34 110100101 5
45 000111011 5
56 100010011 4
67 110100100 4
70 001111110 6

02 101001001 4
13 111010100 5
24 110111011 7
35 001100001 3
46 011010111 6
57 101001000 3
60 000100101 3
71 011111101 7

03 101010111 6
14 110001110 5
25 001111111 7
36 010001101 4
47 010001100 3
50 011001001 4
61 010100110 4
72 011001000 3

04 100001101 4
15 001001010 3
26 010010011 4
37 011010110 5
40 100001101 4
51 001001010 3
62 010010011 4
73 011010110 5

05 011001001 4
16 010100110 4
27 011001000 3
30 101010111 6
41 110001110 5
52 001111111 7
63 010001101 4
74 010001100 3

06 000100101 3
17 011111101 7
20 101001001 4
31 111010100 5
42 110111011 7
53 001100001 3
64 011010111 6
75 101001000 3

07 001111110 6
10 101111100 6
21 111001010 5
32 111100001 5
43 110100101 5
54 000111011 5
65 100010011 4
76 110100100 4

Matching output
0 absent
1 absent
2 absent
3 absent
4 absent
5 absent
6 absent
7 absent

Left
none
Best: none

Right
none
Best: none

Selecting

Lefts
Identity I1 2 3: 3
NOT none
Constant none
AND AND01: 1
OR none
XOR none
AND-NOT none
OR-NOT none
XOR-NOT none

Rights
Identity I4: 1
NOT none
Constant none
AND AND24: 1
OR none
XOR none
AND-NOT none
OR-NOT none
XOR-NOT none

Left longest: 3
Right longest: 1

Left winner: Identity yes, NOT no, Constant no, AND no, OR no, XOR no, AND-NOT no, OR-NOT no, XOR-NOT no
Right winner: Identity yes, NOT no, Constant no, AND no, OR no, XOR no, AND-NOT no, OR-NOT no, XOR-NOT no

Best left: I1 2 3: 3
Best right: I4: 1

Truncated left: I1 2 3: 3
Truncated right: I4: 1

Tentative from right
7 I4
6 pending
5 pending
4 pending
3 pending
2 pending
1 pending
0 pending

Tentative
0 I1
1 I2
2 I3
3 pending
4 pending
5 pending
6 pending
7 I4

Preferred from left
0 I1
1 I2
2 I3
3 ?4?
4 ?5?
5 ?6?
6 ?7?
7 I4

Preferred from right
7 I4
6 ?73
5 ?62
4 ?51
3 ?40
2 I3
1 I2
0 I1

Preferred
0 I1
1 I2
2 I3
3 ?40 ?04
4 ?51 ?15
5 ?62 ?26
6 ?73 ?37
7 I4

Matching
0 I1
1 I2
2 I3
3 ?40 ?04 - Identity absent, NOT absent, Constant absent, AND absent, OR absent, XOR40, AND-NOT absent, OR-NOT absent, XOR-NOT absent
4 ?51 ?15 - Identity absent, NOT absent, Constant absent, AND absent, OR absent, XOR51, AND-NOT absent, OR-NOT absent, XOR-NOT absent
5 ?62 ?26 - Identity absent, NOT absent, Constant absent, AND absent, OR absent, XOR62, AND-NOT absent, OR-NOT absent, XOR-NOT absent
6 ?73 ?37 - Identity absent, NOT absent, Constant absent, AND absent, OR absent, XOR73, AND-NOT absent, OR-NOT absent, XOR-NOT absent
7 I4

Perfect match
Identity no
NOT no
Constant no
AND no
OR no
XOR yes
AND-NOT no
OR-NOT no
XOR-NOT no

Matched
0 I1
1 I2
2 I3
3 XOR40
4 XOR51
5 XOR62
6 XOR73
7 I4

Selected
0 I1
1 I2
2 I3
3 XOR40
4 XOR51
5 XOR62
6 XOR73
7 I4

Applying to 11011010
Input
0 1
1 1
2 0
3 1
4 1
5 0
6 1
7 0
Output
0 I1 = 1
1 I2 = 0
2 I3 = 1
3 XOR40 = XOR(1,1) = 0
4 XOR51 = XOR(0,1) = 1
5 XOR62 = XOR(1,0) = 1
6 XOR73 = XOR(0,1) = 1
7 I4 = 1

I will now return the answer in \boxed{}
The answer in \boxed is
\boxed{10101111}