We need to deduce the transformation by matching the example outputs.
I will put my final answer inside \boxed{}.

Output 0: 11111111
0 1
1 1
2 1
3 1
4 1
5 1
6 1
7 1

Output 1: 10111111
0 1
1 0
2 1
3 1
4 1
5 1
6 1
7 1

Output 2: 11111111
0 1
1 1
2 1
3 1
4 1
5 1
6 1
7 1

Output 3: 11111111
0 1
1 1
2 1
3 1
4 1
5 1
6 1
7 1

Output 4: 01111111
0 0
1 1
2 1
3 1
4 1
5 1
6 1
7 1

Output 5: 11111111
0 1
1 1
2 1
3 1
4 1
5 1
6 1
7 1

Output 6: 11111111
0 1
1 1
2 1
3 1
4 1
5 1
6 1
7 1

Output bit columns (with bitsum as hash)
0 1111011 6
1 1011111 6
2 1111111 a
3 1111111 a
4 1111111 a
5 1111111 a
6 1111111 a
7 1111111 a

Input 0: 11000000
0 1
1 1
2 0
3 0
4 0
5 0
6 0
7 0

Input 1: 10101011
0 1
1 0
2 1
3 0
4 1
5 0
6 1
7 1

Input 2: 01110000
0 0
1 1
2 1
3 1
4 0
5 0
6 0
7 0

Input 3: 11101100
0 1
1 1
2 1
3 0
4 1
5 1
6 0
7 0

Input 4: 00000110
0 0
1 0
2 0
3 0
4 0
5 1
6 1
7 0

Input 5: 10100100
0 1
1 0
2 1
3 0
4 0
5 1
6 0
7 0

Input 6: 01101000
0 0
1 1
2 1
3 0
4 1
5 0
6 0
7 0

When matching output
x: not in operator
y: wrong position

Identity
0 1101010 4
1 1011001 4
2 0111011 5
3 0010000 1
4 0101001 3
5 0001110 3
6 0100100 2
7 0100000 1

Matching output
0 absent
1 absent
2 absent
3 absent
4 absent
5 absent
6 absent
7 absent

Left
none
Best: none

Right
none
Best: none

NOT
0 0010101 3
1 0100110 3
2 1000100 2
3 1101111 6
4 1010110 4
5 1110001 4
6 1011011 5
7 1011111 6 match 1

Matching output
0 absent
1 7
2 absent
3 absent
4 absent
5 absent
6 absent
7 absent

Left
none
Best: none

Right
none
Best: none

Constant
0 0000000 a
1 1111111 a match 2 3 4 5 6 7

Matching output
0 absent
1 absent
2 C1
3 C1
4 C1
5 C1
6 C1
7 C1

Left
none
Best: none

Right
1 1 1 1 1 1
Best: C1 1 1 1 1 1: 6

AND
01 10 1001000 2
12 21 0011001 3
23 32 0010000 1
34 43 0000000 a
45 54 0001000 1
56 65 0000100 1
67 76 0100000 1
70 07 0100000 1

02 20 0101010 3
13 31 0010000 1
24 42 0101001 3
35 53 0000000 a
46 64 0100000 1
57 75 0000000 a
60 06 0100000 1
71 17 0000000 a

03 30 0000000 a
14 41 0001001 2
25 52 0001010 2
36 63 0000000 a
47 74 0100000 1
50 05 0001010 2
61 16 0000000 a
72 27 0100000 1

04 40 0101000 2
15 51 0001000 1
26 62 0100000 1
37 73 0000000 a

Matching output
0 absent
1 absent
2 absent
3 absent
4 absent
5 absent
6 absent
7 absent

Left
none
Best: none

Right
none
Best: none

OR
01 10 1111011 6 match 0
12 21 1111011 6 match 0
23 32 0111011 5
34 43 0111001 4
45 54 0101111 5
56 65 0101110 4
67 76 0100100 2
70 07 1101010 4

02 20 1111011 6 match 0
13 31 1011001 4
24 42 0111011 5
35 53 0011110 4
46 64 0101101 4
57 75 0101110 4
60 06 1101110 5
71 17 1111001 5

03 30 1111010 5
14 41 1111001 5
25 52 0111111 6
36 63 0110100 3
47 74 0101001 3
50 05 1101110 5
61 16 1111101 6
72 27 0111011 5

04 40 1101011 5
15 51 1011111 6 match 1
26 62 0111111 6
37 73 0110000 2

Matching output
0 01 10 12 21 02 20
1 15 51
2 absent
3 absent
4 absent
5 absent
6 absent
7 absent

Left
01 12y
10 21y
12 23x
21 32x
02 13x
20 31x
Best: OR01: 1

Right
none
Best: none

XOR
01 10 0110011 4
12 21 1100010 3
23 32 0101011 4
34 43 0111001 4
45 54 0100111 4
56 65 0101010 3
67 76 0000100 1
70 07 1001010 3

02 20 1010001 3
13 31 1001001 3
24 42 0010010 2
35 53 0011110 4
46 64 0001101 3
57 75 0101110 4
60 06 1001110 4
71 17 1111001 5

03 30 1111010 5
14 41 1110000 3
25 52 0110101 4
36 63 0110100 3
47 74 0001001 2
50 05 1100100 3
61 16 1111101 6
72 27 0011011 4

04 40 1000011 3
15 51 1010111 5
26 62 0011111 5
37 73 0110000 2

Matching output
0 absent
1 absent
2 absent
3 absent
4 absent
5 absent
6 absent
7 absent

Left
none
Best: none

Right
none
Best: none

AND-NOT
01 0100010 2
12 1000000 1
23 0101011 4
34 0010000 1
45 0100001 2
56 0001010 2
67 0000100 1
70 0000000 a

02 1000000 1
13 1001001 3
24 0010010 2
35 0010000 1
46 0001001 2
57 0001110 3
60 0000100 1
71 0100000 1

03 1101010 4
14 1010000 2
25 0110001 3
36 0010000 1
47 0001001 2
50 0000100 1
61 0100100 2
72 0000000 a

04 1000010 2
15 1010001 3
26 0011011 4
37 0010000 1
40 0000001 1
51 0000110 2
62 0000100 1
73 0100000 1

05 1100000 2
16 1011001 4
27 0011011 4
30 0010000 1
41 0100000 1
52 0000100 1
63 0100100 2
74 0000000 a

06 1001010 3
17 1011001 4
20 0010001 2
31 0000000 a
42 0000000 a
53 0001110 3
64 0000100 1
75 0100000 1

07 1001010 3
10 0010001 2
21 0100010 2
32 0000000 a
43 0101001 3
54 0000110 2
65 0100000 1
76 0000000 a

Matching output
0 absent
1 absent
2 absent
3 absent
4 absent
5 absent
6 absent
7 absent

Left
none
Best: none

Right
none
Best: none

OR-NOT
01 1101110 5
12 1011101 5
23 1111111 a match 2 3 4 5 6 7
34 1010110 4
45 1111001 5
56 1011111 6 match 1
67 1111111 a match 2 3 4 5 6 7
70 0110101 4

02 1101110 5
13 1111111 a match 2 3 4 5 6 7
24 1111111 a match 2 3 4 5 6 7
35 1110001 4
46 1111011 6 match 0
57 1011111 6 match 1
60 0110101 4
71 0100110 3

03 1101111 6
14 1011111 6 match 1
25 1111011 6 match 0
36 1011011 5
47 1111111 a match 2 3 4 5 6 7
50 0011111 5
61 0100110 3
72 1100100 3

04 1111110 6
15 1111001 5
26 1111011 6 match 0
37 1011111 6 match 1
40 0111101 5
51 0101110 4
62 1100100 3
73 1101111 6

05 1111011 6 match 0
16 1011011 5
27 1111111 a match 2 3 4 5 6 7
30 0010101 3
41 0101111 5
52 1001110 4
63 1101111 6
74 1110110 5

06 1111011 6 match 0
17 1011111 6 match 1
20 0111111 6
31 0110110 4
42 1101101 5
53 1101111 6
64 1110110 5
75 1110001 4

07 1111111 a match 2 3 4 5 6 7
10 1011101 5
21 0111111 6
32 1010100 3
43 1101111 6
54 1011110 5
65 1110101 5
76 1111011 6 match 0

Matching output
0 46 25 26 05 06 76
1 56 57 14 37 17
2 23 67 13 24 47 27 07
3 23 67 13 24 47 27 07
4 23 67 13 24 47 27 07
5 23 67 13 24 47 27 07
6 23 67 13 24 47 27 07
7 23 67 13 24 47 27 07

Left
46 57 60x
25 36x
26 37 40x
05 16x
06 17 20x
76 07y
Best: OR-NOT46 57: 2

Right
23 12x
67 56y
13 02x
24 13 02x
47 36x
27 16x
07 76y
Best: OR-NOT24 13: 2

XOR-NOT
01 1001100 3
12 0011101 4
23 1010100 3
34 1000110 3
45 1011000 3
56 1010101 4
67 1111011 6 match 0
70 0110101 4

02 0101110 4
13 0110110 4
24 1101101 5
35 1100001 3
46 1110010 4
57 1010001 3
60 0110001 3
71 0000110 2

03 0000101 2
14 0001111 4
25 1001010 3
36 1001011 4
47 1110110 5
50 0011011 4
61 0000010 1
72 1100100 3

04 0111100 4
15 0101000 2
26 1100000 2
37 1001111 5
40 0111100 4
51 0101000 2
62 1100000 2
73 1001111 5

05 0011011 4
16 0000010 1
27 1100100 3
30 0000101 2
41 0001111 4
52 1001010 3
63 1001011 4
74 1110110 5

06 0110001 3
17 0000110 2
20 0101110 4
31 0110110 4
42 1101101 5
53 1100001 3
64 1110010 4
75 1010001 3

07 0110101 4
10 1001100 3
21 0011101 4
32 1010100 3
43 1000110 3
54 1011000 3
65 1010101 4
76 1111011 6 match 0

Matching output
0 67 76
1 absent
2 absent
3 absent
4 absent
5 absent
6 absent
7 absent

Left
67 70x
76 07x
Best: XOR-NOT67: 1

Right
none
Best: none

Selecting

Lefts
Identity none
NOT none
Constant none
AND none
OR OR01: 1
XOR none
AND-NOT none
OR-NOT OR-NOT46 57: 2
XOR-NOT XOR-NOT67: 1

Rights
Identity none
NOT none
Constant C1 1 1 1 1 1: 6
AND none
OR none
XOR none
AND-NOT none
OR-NOT OR-NOT24 13: 2
XOR-NOT none

Left longest: 2
Right longest: 6

Right winner: Identity no, NOT no, Constant yes, AND no, OR no, XOR no, AND-NOT no, OR-NOT no, XOR-NOT no
Left winner: Identity no, NOT no, Constant no, AND no, OR no, XOR no, AND-NOT no, OR-NOT yes, XOR-NOT no

Best right: C1 1 1 1 1 1: 6
Best left: OR-NOT46 57: 2

Truncated right: C1 1 1 1 1 1: 6
Truncated left: OR-NOT46 57: 2

Tentative from right
7 C1
6 C1
5 C1
4 C1
3 C1
2 C1
1 pending
0 pending

Tentative
0 OR-NOT46
1 OR-NOT57
2 C1
3 C1
4 C1
5 C1
6 C1
7 C1

Preferred from right
7 C1
6 C1
5 C1
4 C1
3 C1
2 C1
1 OR-NOT57
0 OR-NOT46

Preferred from left
0 OR-NOT46
1 OR-NOT57
2 C1
3 C1
4 C1
5 C1
6 C1
7 C1

Preferred
0 OR-NOT46
1 OR-NOT57
2 C1
3 C1
4 C1
5 C1
6 C1
7 C1

Matching
0 OR-NOT46
1 OR-NOT57
2 C1
3 C1
4 C1
5 C1
6 C1
7 C1

Perfect match
Identity no
NOT no
Constant no
AND no
OR no
XOR no
AND-NOT no
OR-NOT no
XOR-NOT no

Matched
0 OR-NOT46
1 OR-NOT57
2 C1
3 C1
4 C1
5 C1
6 C1
7 C1

Selected
0 OR01
1 NOT7
2 C1
3 C1
4 C1
5 C1
6 C1
7 C1

Applying to 10010111
Input
0 1
1 0
2 0
3 1
4 0
5 1
6 1
7 1
Output
0 OR01 = OR(1,0) = 1
1 NOT7 = NOT(1) = 0
2 C1 = 1
3 C1 = 1
4 C1 = 1
5 C1 = 1
6 C1 = 1
7 C1 = 1

I will now return the answer in \boxed{}
The answer in \boxed{–} is \boxed{10111111}