We need to deduce the transformation by matching the example outputs.
I will put my final answer inside \boxed{}.

Output 0: 10101111
0 1
1 0
2 1
3 0
4 1
5 1
6 1
7 1

Output 1: 01111010
0 0
1 1
2 1
3 1
4 1
5 0
6 1
7 0

Output 2: 01010011
0 0
1 1
2 0
3 1
4 0
5 0
6 1
7 1

Output 3: 11110100
0 1
1 1
2 1
3 1
4 0
5 1
6 0
7 0

Output 4: 00111111
0 0
1 0
2 1
3 1
4 1
5 1
6 1
7 1

Output 5: 10111100
0 1
1 0
2 1
3 1
4 1
5 1
6 0
7 0

Output 6: 00111101
0 0
1 0
2 1
3 1
4 1
5 1
6 0
7 1

Output 7: 01111111
0 0
1 1
2 1
3 1
4 1
5 1
6 1
7 1

Output 8: 00101001
0 0
1 0
2 1
3 0
4 1
5 0
6 0
7 1

Output 9: 01000111
0 0
1 1
2 0
3 0
4 0
5 1
6 1
7 1

Output bit columns (with bitsum as hash)
0 1001010000 3
1 0111000101 5
2 1101111110 8
3 0111111100 7
4 1100111110 7
5 1001111101 7
6 1110100101 6
7 1010101111 7

Input 0: 00011001
0 0
1 0
2 0
3 1
4 1
5 0
6 0
7 1

Input 1: 11001001
0 1
1 1
2 0
3 0
4 1
5 0
6 0
7 1

Input 2: 01001010
0 0
1 1
2 0
3 0
4 1
5 0
6 1
7 0

Input 3: 10000011
0 1
1 0
2 0
3 0
4 0
5 0
6 1
7 1

Input 4: 01011001
0 0
1 1
2 0
3 1
4 1
5 0
6 0
7 1

Input 5: 11100011
0 1
1 1
2 1
3 0
4 0
5 0
6 1
7 1

Input 6: 00100011
0 0
1 0
2 1
3 0
4 0
5 0
6 1
7 1

Input 7: 01000000
0 0
1 1
2 0
3 0
4 0
5 0
6 0
7 0

Input 8: 10100101
0 1
1 0
2 1
3 0
4 0
5 1
6 0
7 1

Input 9: 00110110
0 0
1 0
2 1
3 1
4 0
5 1
6 1
7 0

When matching output
x: not in operator
y: wrong position

Identity
0 0101010010 4
1 0110110100 5
2 0000011011 4
3 1000100001 3
4 1110100000 4
5 0000000011 2
6 0011011001 5
7 1101111010 7

Matching output
0 absent
1 absent
2 absent
3 absent
4 absent
5 absent
6 absent
7 absent

Left
none
Best: none

Right
none
Best: none

NOT
0 1010101101 6
1 1001001011 5
2 1111100100 6
3 0111011110 7
4 0001011111 6
5 1111111100 8
6 1100100110 5
7 0010000101 3

Matching output
0 absent
1 absent
2 absent
3 absent
4 absent
5 absent
6 absent
7 absent

Left
none
Best: none

Right
none
Best: none

Constant
0 0000000000 a
1 1111111111 a

Matching output
0 absent
1 absent
2 absent
3 absent
4 absent
5 absent
6 absent
7 absent

Left
none
Best: none

Right
none
Best: none

AND
01 10 0100010000 2
12 21 0000010000 1
23 32 0000000001 1
34 43 1000100000 2
45 54 0000000000 a
56 65 0000000001 1
67 76 0001011000 3
70 07 0101010010 4

02 20 0000010010 2
13 31 0000100000 1
24 42 0000000000 a
35 53 0000000001 1
46 64 0010000000 1
57 75 0000000010 1
60 06 0001010000 2
71 17 0100110000 3

03 30 0000000000 a
14 41 0110100000 3
25 52 0000000011 2
36 63 0000000001 1
47 74 1100100000 3
50 05 0000000010 1
61 16 0010010000 2
72 27 0000011010 3

04 40 0100000000 1
15 51 0000000000 a
26 62 0000011001 3
37 73 1000100000 2

Matching output
0 absent
1 absent
2 absent
3 absent
4 absent
5 absent
6 absent
7 absent

Left
none
Best: none

Right
none
Best: none

OR
01 10 0111110110 7
12 21 0110111111 8
23 32 1000111011 6
34 43 1110100001 5
45 54 1110100011 6
56 65 0011011011 6
67 76 1111111011 9
70 07 1101111010 7

02 20 0101011011 6
13 31 1110110101 7
24 42 1110111011 8
35 53 1000100011 4
46 64 1111111001 8
57 75 1101111011 8
60 06 0111011011 7
71 17 1111111110 9

03 30 1101110011 7
14 41 1110110100 6
25 52 0000011011 4
36 63 1011111001 7
47 74 1111111010 8
50 05 0101010011 5
61 16 0111111101 8
72 27 1101111011 8

04 40 1111110010 7
15 51 0110110111 7
26 62 0011011011 6
37 73 1101111011 8

Matching output
0 absent
1 absent
2 absent
3 absent
4 absent
5 absent
6 absent
7 absent

Left
none
Best: none

Right
none
Best: none

XOR
01 10 0011100110 5
12 21 0110101111 7
23 32 1000111010 5
34 43 0110000001 3
45 54 1110100011 6
56 65 0011011010 5
67 76 1110100011 6
70 07 1000101000 3

02 20 0101001001 4
13 31 1110010101 6
24 42 1110111011 8
35 53 1000100010 3
46 64 1101111001 7
57 75 1101111001 7
60 06 0110001011 5
71 17 1011001110 6

03 30 1101110011 7
14 41 1000010100 3
25 52 0000011000 2
36 63 1011111000 6
47 74 0011011010 5
50 05 0101010001 4
61 16 0101101101 6
72 27 1101100001 5

04 40 1011110010 6
15 51 0110110111 7
26 62 0011000010 3
37 73 0101011011 6

Matching output
0 absent
1 absent
2 absent
3 absent
4 absent
5 absent
6 absent
7 absent

Left
none
Best: none

Right
none
Best: none

AND-NOT
01 0001000010 2
12 0110100100 4
23 0000011010 3
34 0000000001 1
45 1110100000 4
56 0000000010 1
67 0010000001 2
70 1000101000 3

02 0101000000 2
13 0110010100 4
24 0000011011 4
35 1000100000 2
46 1100100000 3
57 0000000001 1
60 0010001001 3
71 1001001010 4

03 0101010010 4
14 0000010100 2
25 0000011000 2
36 1000100000 2
47 0010000000 1
50 0000000001 1
61 0001001001 3
72 1101100000 4

04 0001010010 3
15 0110110100 5
26 0000000010 1
37 0000000001 1
40 1010100000 3
51 0000000011 2
62 0011000000 2
73 0101011010 5

05 0101010000 3
16 0100100100 3
27 0000000001 1
30 1000100001 3
41 1000000000 1
52 0000000000 a
63 0011011000 4
74 0001011010 4

06 0100000010 2
17 0010000100 2
20 0000001001 2
31 1000000001 2
42 1110100000 4
53 0000000010 1
64 0001011001 4
75 1101111000 6

07 0000000000 a
10 0010100100 3
21 0000001011 3
32 1000100000 2
43 0110000000 2
54 0000000011 2
65 0011011000 4
76 1100100010 4

Matching output
0 absent
1 absent
2 absent
3 absent
4 absent
5 absent
6 absent
7 absent

Left
none
Best: none

Right
none
Best: none

OR-NOT
01 1101011011 7
12 1111110100 7
23 0111011111 8
34 1001111111 8
45 1111111100 8
56 1100100111 6
67 0011011101 6
70 1111111111 a

02 1111110110 8
13 0111111110 8
24 0001011111 6
35 1111111101 9
46 1110100110 6
57 0010000111 4
60 1011111101 8
71 1101111011 8

03 0111011110 7
14 0111111111 9
25 1111111111 a
36 1100100111 6
47 1110100101 6 match 6
50 1010101111 7 match 7
61 1011011011 7
72 1111111110 9

04 0101011111 7
15 1111111100 8
26 1100111111 8
37 1010100101 5
40 1110101101 7
51 1001001011 5
62 1111111101 9
73 1111111110 9

05 1111111110 9
16 1110110110 7
27 0010011111 6
30 1010101101 6
41 1111101011 8
52 1111100111 8
63 0111011111 8
74 1101111111 9

06 1101110110 7
17 0110110101 6
20 1010111111 8
31 1001101011 6
42 1111100100 6
53 0111011111 8
64 0011011111 7
75 1111111110 9

07 0111010111 7
10 1110111101 8
21 1001011011 6
32 1111100101 7
43 1111111110 9
54 0001011111 6
65 1111111101 9
76 1101111110 8 match 2

Matching output
0 absent
1 absent
2 76
3 absent
4 absent
5 absent
6 47
7 50

Left
none
Best: none

Right
50 47 36x
Best: OR-NOT50 47: 2

XOR-NOT
01 1100011001 5
12 1001010000 3 match 0
23 0111000101 5 match 1
34 1001111110 7
45 0001011100 4
56 1100100101 5
67 0001011100 4
70 0111010111 7

02 1010110110 6
13 0001101010 4
24 0001000100 2
35 0111011101 7
46 0010000110 3
57 0010000110 3
60 1001110100 5
71 0100110001 4

03 0010001100 3
14 0111101011 7
25 1111100111 8
36 0100000111 4
47 1100100101 5
50 1010101110 6
61 1010010010 4
72 0010011110 5

04 0100001101 4
15 1001001000 3
26 1100111101 7
37 1010100100 4
40 0100001101 4
51 1001001000 3
62 1100111101 7
73 1010100100 4

05 1010101110 6
16 1010010010 4
27 0010011110 5
30 0010001100 3
41 0111101011 7
52 1111100111 8
63 0100000111 4
74 1100100101 5

06 1001110100 5
17 0100110001 4
20 1010110110 6
31 0001101010 4
42 0001000100 2
53 0111011101 7
64 0010000110 3
75 0010000110 3

07 0111010111 7
10 1100011001 5
21 1001010000 3 match 0
32 0111000101 5 match 1
43 1001111110 7
54 0001011100 4
65 1100100101 5
76 0001011100 4

Matching output
0 12 21
1 23 32
2 absent
3 absent
4 absent
5 absent
6 absent
7 absent

Left
12 23 34x
21 32 43x
Best: XOR-NOT12 23: 2

Right
none
Best: none

Selecting

Lefts
Identity none
NOT none
Constant none
AND none
OR none
XOR none
AND-NOT none
OR-NOT none
XOR-NOT XOR-NOT12 23: 2

Rights
Identity none
NOT none
Constant none
AND none
OR none
XOR none
AND-NOT none
OR-NOT OR-NOT50 47: 2
XOR-NOT none

Left longest: 2
Right longest: 2

Left winner: Identity no, NOT no, Constant no, AND no, OR no, XOR no, AND-NOT no, OR-NOT no, XOR-NOT yes
Right winner: Identity no, NOT no, Constant no, AND no, OR no, XOR no, AND-NOT no, OR-NOT yes, XOR-NOT no

Best left: XOR-NOT12 23: 2
Best right: OR-NOT50 47: 2

Truncated left: XOR-NOT12 23: 2
Truncated right: OR-NOT50 47: 2

Tentative from right
7 OR-NOT50
6 OR-NOT47
5 pending
4 pending
3 pending
2 pending
1 pending
0 pending

Tentative
0 XOR-NOT12
1 XOR-NOT23
2 pending
3 pending
4 pending
5 pending
6 OR-NOT47
7 OR-NOT50

Preferred from left
0 XOR-NOT12
1 XOR-NOT23
2 ?34
3 ?45
4 ?56
5 ?67
6 OR-NOT47
7 OR-NOT50

Preferred from right
7 OR-NOT50
6 OR-NOT47
5 ?67
4 ?56
3 ?45
2 ?34
1 XOR-NOT23
0 XOR-NOT12

Preferred
0 XOR-NOT12
1 XOR-NOT23
2 ?34 ?43
3 ?45 ?54
4 ?56 ?65
5 ?67 ?76
6 OR-NOT47
7 OR-NOT50

Matching
0 XOR-NOT12
1 XOR-NOT23
2 ?34 ?43 - Identity absent, NOT absent, Constant absent, AND absent, OR absent, XOR absent, AND-NOT absent, OR-NOT absent, XOR-NOT absent
3 ?45 ?54 - Identity absent, NOT absent, Constant absent, AND absent, OR absent, XOR absent, AND-NOT absent, OR-NOT absent, XOR-NOT absent
4 ?56 ?65 - Identity absent, NOT absent, Constant absent, AND absent, OR absent, XOR absent, AND-NOT absent, OR-NOT absent, XOR-NOT absent
5 ?67 ?76 - Identity absent, NOT absent, Constant absent, AND absent, OR absent, XOR absent, AND-NOT absent, OR-NOT absent, XOR-NOT absent
6 OR-NOT47
7 OR-NOT50

Perfect match
Identity no
NOT no
Constant no
AND no
OR no
XOR no
AND-NOT no
OR-NOT no
XOR-NOT no

Matched
0 XOR-NOT12
1 XOR-NOT23
2 none
3 none
4 none
5 none
6 OR-NOT47
7 OR-NOT50

Selected
0 XOR-NOT12
1 XOR-NOT23
2 default 1
3 default 1
4 default 1
5 default 1
6 OR-NOT47
7 OR-NOT50

Applying to 10111011
Input
0 1
1 0
2 1
3 1
4 1
5 0
6 1
7 1
Output
0 XOR-NOT12 = XOR(0,NOT(1)) = 0
1 XOR-NOT23 = XOR(1,NOT(1)) = 1
2 default 1 = 1
3 default 1 = 1
4 default 1 = 1
5 default 1 = 1
6 OR-NOT47 = OR(1,NOT(1)) = 1
7 OR-NOT50 = OR(0,NOT(1)) = 0

I will now return the answer in \boxed{}
The answer in \boxed is
\boxed{01111110}