We need to deduce the transformation by matching the example outputs.
I will put my final answer inside \boxed{}.

Output 0: 01010000
0 0
1 1
2 0
3 1
4 0
5 0
6 0
7 0

Output 1: 10111110
0 1
1 0
2 1
3 1
4 1
5 1
6 1
7 0

Output 2: 11111100
0 1
1 1
2 1
3 1
4 1
5 1
6 0
7 0

Output 3: 11111111
0 1
1 1
2 1
3 1
4 1
5 1
6 1
7 1

Output 4: 11111101
0 1
1 1
2 1
3 1
4 1
5 1
6 0
7 1

Output 5: 11111010
0 1
1 1
2 1
3 1
4 1
5 0
6 1
7 0

Output 6: 11111010
0 1
1 1
2 1
3 1
4 1
5 0
6 1
7 0

Output 7: 01111111
0 0
1 1
2 1
3 1
4 1
5 1
6 1
7 1

Output 8: 11101011
0 1
1 1
2 1
3 0
4 1
5 0
6 1
7 1

Output bit columns (with bitsum as hash)
0 011111101 7
1 101111111 8
2 011111111 8
3 111111110 8
4 011111111 8
5 011110010 5
6 010101111 6
7 000110011 4

Input 0: 00001000
0 0
1 0
2 0
3 0
4 1
5 0
6 0
7 0

Input 1: 01010110
0 0
1 1
2 0
3 1
4 0
5 1
6 1
7 0

Input 2: 10011100
0 1
1 0
2 0
3 1
4 1
5 1
6 0
7 0

Input 3: 01101110
0 0
1 1
2 1
3 0
4 1
5 1
6 1
7 0

Input 4: 00111110
0 0
1 0
2 1
3 1
4 1
5 1
6 1
7 0

Input 5: 00011101
0 0
1 0
2 0
3 1
4 1
5 1
6 0
7 1

Input 6: 01001100
0 0
1 1
2 0
3 0
4 1
5 1
6 0
7 0

Input 7: 10101101
0 1
1 0
2 1
3 0
4 1
5 1
6 0
7 1

Input 8: 01100100
0 0
1 1
2 1
3 0
4 0
5 1
6 0
7 0

When matching output
x: not in operator
y: wrong position

Identity
0 001000010 2
1 010100101 4
2 000110011 4 match 7
3 011011000 4
4 101111110 7
5 011111111 8 match 2 4
6 010110000 3
7 000001010 2

Matching output
0 absent
1 absent
2 5
3 absent
4 5
5 absent
6 absent
7 2

Left
none
Best: none

Right
2 1x
Best: I2: 1

NOT
0 110111101 7
1 101011010 5
2 111001100 5
3 100100111 5
4 010000001 2
5 100000000 1
6 101001111 6
7 111110101 7

Matching output
0 absent
1 absent
2 absent
3 absent
4 absent
5 absent
6 absent
7 absent

Left
none
Best: none

Right
none
Best: none

Constant
0 000000000 a
1 111111111 a

Matching output
0 absent
1 absent
2 absent
3 absent
4 absent
5 absent
6 absent
7 absent

Left
none
Best: none

Right
none
Best: none

AND
01 10 000000000 a
12 21 000100001 2
23 32 000010000 1
34 43 001011000 3
45 54 001111110 6
56 65 010110000 3
67 76 000000000 a
70 07 000000010 1

02 20 000000010 1
13 31 010000000 1
24 42 000110010 3
35 53 011011000 4
46 64 000110000 2
57 75 000001010 2
60 06 000000000 a
71 17 000000000 a

03 30 001000000 1
14 41 000100100 2
25 52 000110011 4 match 7
36 63 010010000 2
47 74 000001010 2
50 05 001000010 2
61 16 010100000 2
72 27 000000010 1

04 40 001000010 2
15 51 010100101 4
26 62 000110000 2
37 73 000001000 1

Matching output
0 absent
1 absent
2 absent
3 absent
4 absent
5 absent
6 absent
7 25 52

Left
none
Best: none

Right
25 14x
52 41x
Best: AND25: 1

OR
01 10 011100111 6
12 21 010110111 6
23 32 011111011 7
34 43 111111110 8 match 3
45 54 111111111 a
56 65 011111111 8 match 2 4
67 76 010111010 5
70 07 001001010 3

02 20 001110011 5
13 31 011111101 7 match 0
24 42 101111111 8 match 1
35 53 011111111 8 match 2 4
46 64 111111110 8 match 3
57 75 011111111 8 match 2 4
60 06 011110010 5 match 5
71 17 010101111 6 match 6

03 30 011011010 5
14 41 111111111 a
25 52 011111111 8 match 2 4
36 63 011111000 5
47 74 101111110 7
50 05 011111111 8 match 2 4
61 16 010110101 5
72 27 000111011 5

04 40 101111110 7
15 51 011111111 8 match 2 4
26 62 010110011 5
37 73 011011010 5

Matching output
0 13 31
1 24 42
2 56 65 35 53 57 75 25 52 50 05 15 51
3 34 43 46 64
4 56 65 35 53 57 75 25 52 50 05 15 51
5 60 06
6 71 17
7 absent

Left
13 24 35 46 57 60 71 02x
31 42 53 64 75 06 17 20x
Best: OR13 24 35 46 57 60 71: 7

Right
none
Best: none

XOR
01 10 011100111 6
12 21 010010110 4
23 32 011101011 6
34 43 110100110 5
45 54 110000001 3
56 65 001001111 5
67 76 010111010 5
70 07 001001000 2

02 20 001110001 4
13 31 001111101 6
24 42 101001101 5
35 53 000100111 4
46 64 111001110 6
57 75 011110101 6
60 06 011110010 5 match 5
71 17 010101111 6 match 6

03 30 010011010 4
14 41 111011011 7
25 52 011001100 4
36 63 001101000 3
47 74 101110100 5
50 05 010111101 6
61 16 000010101 3
72 27 000111001 4

04 40 100111100 5
15 51 001011010 4
26 62 010000011 3
37 73 011010010 4

Matching output
0 absent
1 absent
2 absent
3 absent
4 absent
5 60 06
6 71 17
7 absent

Left
none
Best: none

Right
none
Best: none

AND-NOT
01 001000010 2
12 010000100 2
23 000100011 3
34 010000000 1
45 100000000 1
56 001001111 5
67 010110000 3
70 000001000 1

02 001000000 1
13 000100101 3
24 000000001 1
35 000000000 a
46 101001110 5
57 011110101 6
60 010110000 3
71 000001010 2

03 000000010 1
14 010000001 2
25 000000000 a
36 001001000 2
47 101110100 5
50 010111101 6
61 000010000 1
72 000001000 1

04 000000000 a
15 000000000 a
26 000000011 2
37 011010000 3
40 100111100 5
51 001011010 4
62 010000000 1
73 000000010 1

05 000000000 a
16 000000101 2
27 000110001 3
30 010011000 3
41 101011010 5
52 011001100 4
63 000100000 1
74 000000000 a

06 001000010 2
17 010100101 4
20 000110001 3
31 001011000 3
42 101001100 4
53 000100111 4
64 010000000 1
75 000000000 a

07 001000000 1
10 010100101 4
21 000010010 2
32 011001000 3
43 100100110 4
54 010000001 2
65 000000000 a
76 000001010 2

Matching output
0 absent
1 absent
2 absent
3 absent
4 absent
5 absent
6 absent
7 absent

Left
none
Best: none

Right
none
Best: none

OR-NOT
01 101011010 5
12 111101101 7
23 100110111 6
34 011011001 5
45 101111110 7
56 111111111 a
67 111110101 7
70 110111111 8

02 111001110 6
13 110100111 6
24 010110011 5
35 111011000 5
46 101111111 8 match 1
57 111111111 a
60 110111101 7
71 101011010 5

03 101100111 6
14 010100101 4
25 100110011 5
36 111011111 8
47 111111111 a
50 111111111 a
61 111111010 7
72 111001110 6

04 011000011 4
15 110100101 5
26 101111111 8 match 1
37 111111101 8
40 111111111 a
51 111111111 a
62 111111100 7
73 100101111 6

05 101000010 3
16 111101111 8
27 111110111 8
30 111111101 8
41 101111110 7
52 111111111 a
63 110110111 7
74 010001011 4

06 101001111 6
17 111110101 7
20 110111111 8
31 111011010 6
42 111111110 8 match 3
53 111111111 a
64 010110001 4
75 100001010 3

07 111110111 8
10 110111101 7
21 101111011 7
32 111011100 6
43 101111111 8 match 1
54 011111111 8 match 2 4
65 110110000 4
76 101001111 6

Matching output
0 absent
1 46 26 43
2 54
3 42
4 54
5 absent
6 absent
7 absent

Left
none
Best: none

Right
none
Best: none

XOR-NOT
01 100011000 3
12 101101001 5
23 100010100 3
34 001011001 4
45 001111110 6
56 110110000 4
67 101000101 4
70 110110111 7

02 110001110 5
13 110000010 3
24 010110010 4
35 111011000 5
46 000110001 3
57 100001010 3
60 100001101 4
71 101010000 3

03 101100101 5
14 000100100 2
25 100110011 5
36 110010111 6
47 010001011 4
50 101000010 3
61 111101010 6
72 111000110 5

04 011000011 4
15 110100101 5
26 101111100 6
37 100101101 5
40 011000011 4
51 110100101 5
62 101111100 6
73 100101101 5

05 101000010 3
16 111101010 6
27 111000110 5
30 101100101 5
41 000100100 2
52 100110011 5
63 110010111 6
74 010001011 4

06 100001101 4
17 101010000 3
20 110001110 5
31 110000010 3
42 010110010 4
53 111011000 5
64 000110001 3
75 100001010 3

07 110110111 7
10 100011000 3
21 101101001 5
32 100010100 3
43 001011001 4
54 001111110 6
65 110110000 4
76 101000101 4

Matching output
0 absent
1 absent
2 absent
3 absent
4 absent
5 absent
6 absent
7 absent

Left
none
Best: none

Right
none
Best: none

Selecting

Lefts
Identity none
NOT none
Constant none
AND none
OR OR13 24 35 46 57 60 71: 7
XOR none
AND-NOT none
OR-NOT none
XOR-NOT none

Rights
Identity I2: 1
NOT none
Constant none
AND AND25: 1
OR none
XOR none
AND-NOT none
OR-NOT none
XOR-NOT none

Left longest: 7
Right longest: 1

Left winner: Identity no, NOT no, Constant no, AND no, OR yes, XOR no, AND-NOT no, OR-NOT no, XOR-NOT no
Right winner: Identity yes, NOT no, Constant no, AND no, OR no, XOR no, AND-NOT no, OR-NOT no, XOR-NOT no

Best left: OR13 24 35 46 57 60 71: 7
Best right: I2: 1

Truncated left: OR13 24 35 46 57 60 71: 7
Truncated right: I2: 1

Tentative from right
7 I2
6 pending
5 pending
4 pending
3 pending
2 pending
1 pending
0 pending

Tentative
0 OR13
1 OR24
2 OR35
3 OR46
4 OR57
5 OR60
6 OR71
7 I2

Preferred from left
0 OR13
1 OR24
2 OR35
3 OR46
4 OR57
5 OR60
6 OR71
7 I2

Preferred from right
7 I2
6 OR71
5 OR60
4 OR57
3 OR46
2 OR35
1 OR24
0 OR13

Preferred
0 OR13
1 OR24
2 OR35
3 OR46
4 OR57
5 OR60
6 OR71
7 I2

Matching
0 OR13
1 OR24
2 OR35
3 OR46
4 OR57
5 OR60
6 OR71
7 I2

Perfect match
Identity no
NOT no
Constant no
AND no
OR no
XOR no
AND-NOT no
OR-NOT no
XOR-NOT no

Matched
0 OR13
1 OR24
2 OR35
3 OR46
4 OR57
5 OR60
6 OR71
7 I2

Selected
0 OR13
1 OR24
2 OR35
3 OR46
4 OR57
5 OR60
6 OR71
7 I2

Applying to 01101111
Input
0 0
1 1
2 1
3 0
4 1
5 1
6 1
7 1
Output
0 OR13 = OR(1,0) = 1
1 OR24 = OR(1,1) = 1
2 OR35 = OR(0,1) = 1
3 OR46 = OR(1,1) = 1
4 OR57 = OR(1,1) = 1
5 OR60 = OR(1,0) = 1
6 OR71 = OR(1,1) = 1
7 I2 = 1

I will now return the answer in \boxed{}
The answer in \boxed is
\boxed{11111111}