We need to deduce the transformation by matching the example outputs.
I will put my final answer inside \boxed{}.

Output 0: 00010111
0 0
1 0
2 0
3 1
4 0
5 1
6 1
7 1

Output 1: 00010110
0 0
1 0
2 0
3 1
4 0
5 1
6 1
7 0

Output 2: 10001010
0 1
1 0
2 0
3 0
4 1
5 0
6 1
7 0

Output 3: 00011011
0 0
1 0
2 0
3 1
4 1
5 0
6 1
7 1

Output 4: 00001110
0 0
1 0
2 0
3 0
4 1
5 1
6 1
7 0

Output 5: 01100000
0 0
1 1
2 1
3 0
4 0
5 0
6 0
7 0

Output 6: 00001111
0 0
1 0
2 0
3 0
4 1
5 1
6 1
7 1

Output 7: 00101110
0 0
1 0
2 1
3 0
4 1
5 1
6 1
7 0

Output 8: 00000111
0 0
1 0
2 0
3 0
4 0
5 1
6 1
7 1

Output 9: 00010011
0 0
1 0
2 0
3 1
4 0
5 0
6 1
7 1

Output bit columns (with bitsum as hash)
0 0010000000 1
1 0000010000 1
2 0000010100 2
3 1101000001 4
4 0011101100 5
5 1100101110 6
6 1111101111 9
7 1001001011 5

Input 0: 01110011
0 0
1 1
2 1
3 1
4 0
5 0
6 1
7 1

Input 1: 01100001
0 0
1 1
2 1
3 0
4 0
5 0
6 0
7 1

Input 2: 10101101
0 1
1 0
2 1
3 0
4 1
5 1
6 0
7 1

Input 3: 10110101
0 1
1 0
2 1
3 1
4 0
5 1
6 0
7 1

Input 4: 11100100
0 1
1 1
2 1
3 0
4 0
5 1
6 0
7 0

Input 5: 00000110
0 0
1 0
2 0
3 0
4 0
5 1
6 1
7 0

Input 6: 11111001
0 1
1 1
2 1
3 1
4 1
5 0
6 0
7 1

Input 7: 11100010
0 1
1 1
2 1
3 0
4 0
5 0
6 1
7 0

Input 8: 01111000
0 0
1 1
2 1
3 1
4 1
5 0
6 0
7 0

Input 9: 00110011
0 0
1 0
2 1
3 1
4 0
5 0
6 1
7 1

When matching output
x: not in operator
y: wrong position

Identity
0 0011101100 5 match 4
1 1100101110 6 match 5
2 1111101111 9 match 6
3 1001001011 5 match 7
4 0010001010 3
5 0011110000 4
6 1000010101 4
7 1111001001 6

Matching output
0 absent
1 absent
2 absent
3 absent
4 0
5 1
6 2
7 3

Left
none
Best: none

Right
3 2 1 0 7x
Best: I3 2 1 0: 4

NOT
0 1100010011 5
1 0011010001 4
2 0000010000 1 match 1
3 0110110100 5
4 1101110101 7
5 1100001111 6
6 0111101010 6
7 0000110110 4

Matching output
0 absent
1 2
2 absent
3 absent
4 absent
5 absent
6 absent
7 absent

Left
none
Best: none

Right
none
Best: none

Constant
0 0000000000 a
1 1111111111 a

Matching output
0 absent
1 absent
2 absent
3 absent
4 absent
5 absent
6 absent
7 absent

Left
none
Best: none

Right
none
Best: none

AND
01 10 0000101100 3
12 21 1100101110 6 match 5
23 32 1001001011 5 match 7
34 43 0000001010 2
45 54 0010000000 1 match 0
56 65 0000010000 1 match 1
67 76 1000000001 2
70 07 0011001000 3

02 20 0011101100 5 match 4
13 31 1000001010 3
24 42 0010001010 3
35 53 0001000000 1
46 64 0000000000 a
57 75 0011000000 2
60 06 0000000100 1
71 17 1100001000 3

03 30 0001001000 2
14 41 0000001010 2
25 52 0011100000 3
36 63 1000000001 2
47 74 0010001000 2
50 05 0011100000 3
61 16 1000000100 2
72 27 1111001001 6

04 40 0010001000 2
15 51 0000100000 1
26 62 1000000101 3
37 73 1001001001 4

Matching output
0 45 54
1 56 65
2 absent
3 absent
4 02 20
5 12 21
6 absent
7 23 32

Left
45 56 67x
54 65 76x
Best: AND45 56: 2

Right
23 12y
32 21y
Best: AND23: 1

OR
01 10 1111101110 8
12 21 1111101111 9 match 6
23 32 1111101111 9 match 6
34 43 1011001011 6
45 54 0011111010 6
56 65 1011110101 7
67 76 1111011101 8
70 07 1111101101 8

02 20 1111101111 9 match 6
13 31 1101101111 8
24 42 1111101111 9 match 6
35 53 1011111011 8
46 64 1010011111 7
57 75 1111111001 8
60 06 1011111101 8
71 17 1111101111 9 match 6

03 30 1011101111 8
14 41 1110101110 7
25 52 1111111111 a
36 63 1001011111 7
47 74 1111001011 7
50 05 0011111100 6
61 16 1100111111 8
72 27 1111101111 9 match 6

04 40 0011101110 6
15 51 1111111110 9
26 62 1111111111 a
37 73 1111001011 7

Matching output
0 absent
1 absent
2 absent
3 absent
4 absent
5 absent
6 12 21 23 32 02 20 24 42 71 17 72 27
7 absent

Left
none
Best: none

Right
none
Best: none

XOR
01 10 1111000010 5
12 21 0011000001 3
23 32 0110100100 4
34 43 1011000001 4
45 54 0001111010 5
56 65 1011100101 6
67 76 0111011100 6
70 07 1100100101 5

02 20 1100000011 4
13 31 0101100101 5
24 42 1101100101 6
35 53 1010111011 7
46 64 1010011111 7
57 75 1100111001 6
60 06 1011111001 7
71 17 0011100111 6

03 30 1010100111 6
14 41 1110100100 5
25 52 1100011111 7
36 63 0001011110 5
47 74 1101000011 5
50 05 0000011100 3
61 16 0100111011 6
72 27 0000100110 3

04 40 0001100110 4
15 51 1111011110 8
26 62 0111111010 7
37 73 0110000010 3

Matching output
0 absent
1 absent
2 absent
3 absent
4 absent
5 absent
6 absent
7 absent

Left
none
Best: none

Right
none
Best: none

AND-NOT
01 0011000000 2
12 0000000000 a
23 0110100100 4
34 1001000001 3
45 0000001010 2
56 0011100000 3
67 0000010100 2 match 2
70 1100000001 3

02 0000000000 a
13 0100100100 3
24 1101100101 6
35 1000001011 4
46 0010001010 3
57 0000110000 2
60 1000010001 3
71 0011000001 3

03 0010100100 3
14 1100100100 4
25 1100001111 6
36 0001001010 3
47 0000000010 1
50 0000010000 1 match 1
61 0000010001 2
72 0000000000 a

04 0001100100 3
15 1100001110 5
26 0111101010 6
37 0000000010 1
40 0000000010 1
51 0011010000 3
62 0000010000 1 match 1
73 0110000000 2

05 0000001100 2
16 0100101010 4
27 0000100110 3
30 1000000011 3
41 0010000000 1 match 0
52 0000010000 1 match 1
63 0000010100 2 match 2
74 1101000001 4 match 3

06 0011101000 4
17 0000100110 3
20 1100000011 4
31 0001000001 2
42 0000000000 a
53 0010110000 3
64 1000010101 4
75 1100001001 4

07 0000100100 2
10 1100000010 3
21 0011000001 3
32 0000000000 a
43 0010000000 1 match 0
54 0001110000 3
65 1000000101 3
76 0111001000 4

Matching output
0 41 43
1 50 62 52
2 67 63
3 74
4 absent
5 absent
6 absent
7 absent

Left
41 52 63 74 05x
43 54x
Best: AND-NOT41 52 63 74: 4

Right
none
Best: none

OR-NOT
01 0011111101 7
12 1100111110 7
23 1111111111 a
34 1101111111 9
45 1110001111 7
56 0111111010 7
67 1000110111 6
70 1111011011 8

02 0011111100 6
13 1110111110 8
24 1111111111 a
35 1101001111 7
46 0111101010 6
57 0011110110 6
60 1100010111 6
71 1111011001 7

03 0111111100 7
14 1101111111 9
25 1111101111 9 match 6
36 1111101011 8
47 0010111110 6
50 1111110011 8
61 1011010101 6
72 1111011001 7

04 1111111101 9
15 1100101111 7
26 1111101111 9 match 6
37 1001111111 8
40 1110011011 7
51 0011110001 5
62 1000010101 4
73 1111111101 9

05 1111101111 9 match 6
16 1111101110 8
27 1111111111 a
30 1101011011 7
41 0011011011 6
52 0011110000 4
63 1110110101 7
74 1111111101 9

06 0111101110 7
17 1100111110 7
20 1111111111 a
31 1011011011 7
42 0010011010 4
53 0111110100 6
64 1101110101 7
75 1111001111 8

07 0011111110 7
10 1100111111 8
21 1111111111 a
32 1001011011 6
43 0110111110 7
54 1111110101 8
65 1100011111 7
76 1111101011 8

Matching output
0 absent
1 absent
2 absent
3 absent
4 absent
5 absent
6 25 26 05
7 absent

Left
none
Best: none

Right
none
Best: none

XOR-NOT
01 0000111101 5
12 1100111110 7
23 1001011011 6
34 0100111110 6
45 1110000101 5
56 0100011010 4
67 1000100011 4
70 0011011010 5

02 0011111100 6
13 1010011010 5
24 0010011010 4
35 0101000100 3
46 0101100000 3
57 0011000110 4
60 0100000110 3
71 1100011000 4

03 0101011000 4
14 0001011011 5
25 0011100000 3
36 1110100001 5
47 0010111100 5
50 1111100011 7
61 1011000100 4
72 1111011001 7

04 1110011001 6
15 0000100001 2
26 1000000101 3
37 1001111101 7
40 1110011001 6
51 0000100001 2
62 1000000101 3
73 1001111101 7

05 1111100011 7
16 1011000100 4
27 1111011001 7
30 0101011000 4
41 0001011011 5
52 0011100000 3
63 1110100001 5
74 0010111100 5

06 0100000110 3
17 1100011000 4
20 0011111100 6
31 1010011010 5
42 0010011010 4
53 0101000100 3
64 0101100000 3
75 0011000110 4

07 0011011010 5
10 0000111101 5
21 1100111110 7
32 1001011011 6
43 0100111110 6
54 1110000101 5
65 0100011010 4
76 1000100011 4

Matching output
0 absent
1 absent
2 absent
3 absent
4 absent
5 absent
6 absent
7 absent

Left
none
Best: none

Right
none
Best: none

Selecting

Lefts
Identity none
NOT none
Constant none
AND AND45 56: 2
OR none
XOR none
AND-NOT AND-NOT41 52 63 74: 4
OR-NOT none
XOR-NOT none

Rights
Identity I3 2 1 0: 4
NOT none
Constant none
AND AND23: 1
OR none
XOR none
AND-NOT none
OR-NOT none
XOR-NOT none

Left longest: 4
Right longest: 4

Left winner: Identity no, NOT no, Constant no, AND no, OR no, XOR no, AND-NOT yes, OR-NOT no, XOR-NOT no
Right winner: Identity yes, NOT no, Constant no, AND no, OR no, XOR no, AND-NOT no, OR-NOT no, XOR-NOT no

Best left: AND-NOT41 52 63 74: 4
Best right: I3 2 1 0: 4

Truncated left: AND-NOT41 52 63 74: 4
Truncated right: I3 2 1 0: 4

Tentative from right
7 I3
6 I2
5 I1
4 I0
3 pending
2 pending
1 pending
0 pending

Tentative
0 AND-NOT41
1 AND-NOT52
2 AND-NOT63
3 AND-NOT74
4 I0
5 I1
6 I2
7 I3

Preferred from left
0 AND-NOT41
1 AND-NOT52
2 AND-NOT63
3 AND-NOT74
4 I0
5 I1
6 I2
7 I3

Preferred from right
7 I3
6 I2
5 I1
4 I0
3 AND-NOT74
2 AND-NOT63
1 AND-NOT52
0 AND-NOT41

Preferred
0 AND-NOT41
1 AND-NOT52
2 AND-NOT63
3 AND-NOT74
4 I0
5 I1
6 I2
7 I3

Matching
0 AND-NOT41
1 AND-NOT52
2 AND-NOT63
3 AND-NOT74
4 I0
5 I1
6 I2
7 I3

Perfect match
Identity no
NOT no
Constant no
AND no
OR no
XOR no
AND-NOT no
OR-NOT no
XOR-NOT no

Matched
0 AND-NOT41
1 AND-NOT52
2 AND-NOT63
3 AND-NOT74
4 I0
5 I1
6 I2
7 I3

Selected
0 AND-NOT41
1 AND-NOT52
2 AND-NOT63
3 AND-NOT74
4 I0
5 I1
6 I2
7 I3

Applying to 01010111
Input
0 0
1 1
2 0
3 1
4 0
5 1
6 1
7 1
Output
0 AND-NOT41 = AND(0,NOT(1)) = 0
1 AND-NOT52 = AND(1,NOT(0)) = 1
2 AND-NOT63 = AND(1,NOT(1)) = 0
3 AND-NOT74 = AND(1,NOT(0)) = 1
4 I0 = 0
5 I1 = 1
6 I2 = 0
7 I3 = 1

I will now return the answer in \boxed{}
The answer in \boxed is
\boxed{01010101}