We need to deduce the transformation by matching the example outputs.
I will put my final answer inside \boxed{}.

Output 0: 00010001
0 0
1 0
2 0
3 1
4 0
5 0
6 0
7 1

Output 1: 10001101
0 1
1 0
2 0
3 0
4 1
5 1
6 0
7 1

Output 2: 11100001
0 1
1 1
2 1
3 0
4 0
5 0
6 0
7 1

Output 3: 11001011
0 1
1 1
2 0
3 0
4 1
5 0
6 1
7 1

Output 4: 10001111
0 1
1 0
2 0
3 0
4 1
5 1
6 1
7 1

Output 5: 01110011
0 0
1 1
2 1
3 1
4 0
5 0
6 1
7 1

Output 6: 10110111
0 1
1 0
2 1
3 1
4 0
5 1
6 1
7 1

Output 7: 10011010
0 1
1 0
2 0
3 1
4 1
5 0
6 1
7 0

Output 8: 01100010
0 0
1 1
2 1
3 0
4 0
5 0
6 1
7 0

Output bit columns (with bitsum as hash)
0 011110110 6
1 001101001 4
2 001001101 4
3 100001110 4
4 010110010 4
5 010010100 3
6 000111111 6
7 111111100 7

Input 0: 10100011
0 1
1 0
2 1
3 0
4 0
5 0
6 1
7 1

Input 1: 00011010
0 0
1 0
2 0
3 1
4 1
5 0
6 1
7 0

Input 2: 11000010
0 1
1 1
2 0
3 0
4 0
5 0
6 1
7 0

Input 3: 10010110
0 1
1 0
2 0
3 1
4 0
5 1
6 1
7 0

Input 4: 00011110
0 0
1 0
2 0
3 1
4 1
5 1
6 1
7 0

Input 5: 01100111
0 0
1 1
2 1
3 0
4 0
5 1
6 1
7 1

Input 6: 01101110
0 0
1 1
2 1
3 0
4 1
5 1
6 1
7 0

Input 7: 10110101
0 1
1 0
2 1
3 1
4 0
5 1
6 0
7 1

Input 8: 11000100
0 1
1 1
2 0
3 0
4 0
5 1
6 0
7 0

When matching output
x: not in operator
y: wrong position

Identity
0 101100011 5
1 001001101 4 match 2
2 100001110 4 match 3
3 010110010 4 match 4
4 010010100 3 match 5
5 000111111 6 match 6
6 111111100 7 match 7
7 100001010 3

Matching output
0 absent
1 absent
2 1
3 2
4 3
5 4
6 5
7 6

Left
none
Best: none

Right
6 5 4 3 2 1 0x
Best: I6 5 4 3 2 1: 6

NOT
0 010011100 4
1 110110010 5
2 011110001 5
3 101001101 5
4 101101011 6
5 111000000 3
6 000000011 2
7 011110101 6

Matching output
0 absent
1 absent
2 absent
3 absent
4 absent
5 absent
6 absent
7 absent

Left
none
Best: none

Right
none
Best: none

Constant
0 000000000 a
1 111111111 a

Matching output
0 absent
1 absent
2 absent
3 absent
4 absent
5 absent
6 absent
7 absent

Left
none
Best: none

Right
none
Best: none

AND
01 10 001000001 2
12 21 000001100 2
23 32 000000010 1
34 43 010010000 2
45 54 000010100 2
56 65 000111100 4
67 76 100001000 2
70 07 100000010 2

02 20 100000010 2
13 31 000000000 a
24 42 000000100 1
35 53 000110010 3
46 64 010010100 3 match 5
57 75 000001010 2
60 06 101100000 3
71 17 000001000 1

03 30 000100010 2
14 41 000000100 1
25 52 000001110 3
36 63 010110000 3
47 74 000000000 a
50 05 000100011 3
61 16 001001100 3
72 27 100001010 3

04 40 000000000 a
15 51 000001101 3
26 62 100001100 3
37 73 000000010 1

Matching output
0 absent
1 absent
2 absent
3 absent
4 absent
5 46 64
6 absent
7 absent

Left
none
Best: none

Right
none
Best: none

OR
01 10 101101111 7
12 21 101001111 6
23 32 110111110 7
34 43 010110110 5
45 54 010111111 7
56 65 111111111 a
67 76 111111110 8
70 07 101101011 6

02 20 101101111 7
13 31 011111111 8
24 42 110011110 6
35 53 010111111 7
46 64 111111100 7 match 7
57 75 100111111 7
60 06 111111111 a
71 17 101001111 6

03 30 111110011 7
14 41 011011101 6
25 52 100111111 7
36 63 111111110 8
47 74 110011110 6
50 05 101111111 8
61 16 111111101 8
72 27 100001110 4 match 3

04 40 111110111 8
15 51 001111111 7
26 62 111111110 8
37 73 110111010 6

Matching output
0 absent
1 absent
2 absent
3 72 27
4 absent
5 absent
6 absent
7 46 64

Left
none
Best: none

Right
46 35x
64 53x
Best: OR46: 1

XOR
01 10 100101110 5
12 21 101000011 4
23 32 110111100 6
34 43 000100110 3
45 54 010101011 5
56 65 111000011 5
67 76 011110110 6 match 0
70 07 001101001 4 match 1

02 20 001101101 5
13 31 011111111 8
24 42 110011010 5
35 53 010001101 4
46 64 101101000 4
57 75 100110101 5
60 06 010011111 6
71 17 101000111 5

03 30 111010001 5
14 41 011011001 5
25 52 100110001 4
36 63 101001110 5
47 74 110011110 6
50 05 101011100 5
61 16 110110001 5
72 27 000000100 1

04 40 111110111 8
15 51 001110010 4
26 62 011110010 5
37 73 110111000 5

Matching output
0 67 76
1 70 07
2 absent
3 absent
4 absent
5 absent
6 absent
7 absent

Left
67 70 01x
76 07 10x
Best: XOR67 70: 2

Right
none
Best: none

AND-NOT
01 100100010 3
12 001000001 2
23 100001100 3
34 000100010 2
45 010000000 1
56 000000011 2
67 011110100 5
70 000001000 1

02 001100001 3
13 001001101 4 match 2
24 100001010 3
35 010000000 1
46 000000000 a
57 000110101 4
60 010011100 4
71 100000010 2

03 101000001 3
14 001001001 3
25 100000000 1
36 000000010 1
47 010010100 3 match 5
50 000011100 3
61 110110000 4
72 000000000 a

04 101100011 5
15 001000000 1
26 000000010 1
37 010110000 3
40 010010100 3 match 5
51 000110010 3
62 011110000 4
73 100001000 2

05 101000000 2
16 000000001 1
27 000000100 1
30 010010000 2
41 010010000 2
52 000110001 3
63 101001100 4
74 100001010 3

06 000000011 2
17 001000101 3
20 000001100 2
31 010110010 4 match 4
42 010010000 2
53 000001101 3
64 101101000 4
75 100000000 1

07 001100001 3
10 000001100 2
21 100000010 2
32 010110000 3
43 000000100 1
54 000101011 4
65 111000000 3
76 000000010 1

Matching output
0 absent
1 absent
2 13
3 absent
4 31
5 47 40
6 absent
7 absent

Left
none
Best: none

Right
none
Best: none

OR-NOT
01 111110011 7
12 011111101 7
23 101001111 6
34 111111011 8
45 111010100 5
56 000111111 6 match 6
67 111111101 8
70 110011110 6

02 111110011 7
13 101001101 5
24 101101111 7
35 111110010 6
46 010010111 5
57 011111111 8
60 111111100 7 match 7
71 110111010 6

03 101101111 7
14 101101111 7
25 111001110 6
36 010110011 5
47 011110101 6
50 010111111 7
61 111111110 8
72 111111011 8

04 101101011 6
15 111001101 6
26 100001111 5
37 011110111 7
40 010011100 4
51 110111111 8
62 111111101 8
73 101001111 6

05 111100011 6
16 001001111 5
27 111111111 a
30 010111110 6
41 110110110 6
52 011111111 8
63 111111101 8
74 101101011 6

06 101100011 5
17 011111101 7
20 110011110 6
31 110110010 5
42 011110101 6
53 101111111 8
64 111111111 a
75 111001010 5

07 111110111 8
10 011011101 6
21 110111110 7
32 011110011 6
43 111011101 7
54 101111111 8
65 111111100 7 match 7
76 100001011 4

Matching output
0 absent
1 absent
2 absent
3 absent
4 absent
5 absent
6 56
7 60 65

Left
none
Best: none

Right
60 57x
65 54x
Best: OR-NOT60: 1

XOR-NOT
01 011010001 4
12 010111100 5
23 001000011 3
34 111011001 6
45 101010100 4
56 000111100 4
67 100001001 3
70 110010110 5

02 110010010 4
13 100000000 1
24 001100101 4
35 101110010 5
46 010010111 5
57 011001010 4
60 101100000 3
71 010111000 4

03 000101110 4
14 100100110 4
25 011001110 5
36 010110001 4
47 001100001 3
50 010100011 4
61 001001110 4
72 111111011 8

04 000001000 1
15 110001101 5
26 100001101 4
37 001000111 4
40 000001000 1
51 110001101 5
62 100001101 4
73 001000111 4

05 010100011 4
16 001001110 4
27 111111011 8
30 000101110 4
41 100100110 4
52 011001110 5
63 010110001 4
74 001100001 3

06 101100000 3
17 010111000 4
20 110010010 4
31 100000000 1
42 001100101 4
53 101110010 5
64 010010111 5
75 011001010 4

07 110010110 5
10 011010001 4
21 010111100 5
32 001000011 3
43 111011001 6
54 101010100 4
65 000111100 4
76 100001001 3

Matching output
0 absent
1 absent
2 absent
3 absent
4 absent
5 absent
6 absent
7 absent

Left
none
Best: none

Right
none
Best: none

Selecting

Lefts
Identity none
NOT none
Constant none
AND none
OR none
XOR XOR67 70: 2
AND-NOT none
OR-NOT none
XOR-NOT none

Rights
Identity I6 5 4 3 2 1: 6
NOT none
Constant none
AND none
OR OR46: 1
XOR none
AND-NOT none
OR-NOT OR-NOT60: 1
XOR-NOT none

Left longest: 2
Right longest: 6

Right winner: Identity yes, NOT no, Constant no, AND no, OR no, XOR no, AND-NOT no, OR-NOT no, XOR-NOT no
Left winner: Identity no, NOT no, Constant no, AND no, OR no, XOR yes, AND-NOT no, OR-NOT no, XOR-NOT no

Best right: I6 5 4 3 2 1: 6
Best left: XOR67 70: 2

Truncated right: I6 5 4 3 2 1: 6
Truncated left: XOR67 70: 2

Tentative from right
7 I6
6 I5
5 I4
4 I3
3 I2
2 I1
1 pending
0 pending

Tentative
0 XOR67
1 XOR70
2 I1
3 I2
4 I3
5 I4
6 I5
7 I6

Preferred from right
7 I6
6 I5
5 I4
4 I3
3 I2
2 I1
1 XOR70
0 XOR67

Preferred from left
0 XOR67
1 XOR70
2 I1
3 I2
4 I3
5 I4
6 I5
7 I6

Preferred
0 XOR67
1 XOR70
2 I1
3 I2
4 I3
5 I4
6 I5
7 I6

Matching
0 XOR67
1 XOR70
2 I1
3 I2
4 I3
5 I4
6 I5
7 I6

Perfect match
Identity no
NOT no
Constant no
AND no
OR no
XOR no
AND-NOT no
OR-NOT no
XOR-NOT no

Matched
0 XOR67
1 XOR70
2 I1
3 I2
4 I3
5 I4
6 I5
7 I6

Selected
0 XOR67
1 XOR70
2 I1
3 I2
4 I3
5 I4
6 I5
7 I6

Applying to 01010011
Input
0 0
1 1
2 0
3 1
4 0
5 0
6 1
7 1
Output
0 XOR67 = XOR(1,1) = 0
1 XOR70 = XOR(1,0) = 1
2 I1 = 1
3 I2 = 0
4 I3 = 1
5 I4 = 0
6 I5 = 0
7 I6 = 1

I will now return the answer in \boxed{}
The answer in \boxed is
\boxed{01101001}