We need to deduce the transformation by matching the example outputs.
I will put my final answer inside \boxed{}.

Output 0: 00100010
0 0
1 0
2 1
3 0
4 0
5 0
6 1
7 0

Output 1: 00100011
0 0
1 0
2 1
3 0
4 0
5 0
6 1
7 1

Output 2: 11001100
0 1
1 1
2 0
3 0
4 1
5 1
6 0
7 0

Output 3: 01100111
0 0
1 1
2 1
3 0
4 0
5 1
6 1
7 1

Output 4: 11011101
0 1
1 1
2 0
3 1
4 1
5 1
6 0
7 1

Output 5: 01010111
0 0
1 1
2 0
3 1
4 0
5 1
6 1
7 1

Output 6: 00000001
0 0
1 0
2 0
3 0
4 0
5 0
6 0
7 1

Output bit columns (with bitsum as hash)
0 0010100 2
1 0011110 4
2 1101000 3
3 0000110 2
4 0010100 2
5 0011110 4
6 1101010 4
7 0101111 5

Input 0: 00011111
0 0
1 0
2 0
3 1
4 1
5 1
6 1
7 1

Input 1: 10000110
0 1
1 0
2 0
3 0
4 0
5 1
6 1
7 0

Input 2: 00001001
0 0
1 0
2 0
3 0
4 1
5 0
6 0
7 1

Input 3: 01101010
0 0
1 1
2 1
3 0
4 1
5 0
6 1
7 0

Input 4: 01110110
0 0
1 1
2 1
3 1
4 0
5 1
6 1
7 0

Input 5: 11001001
0 1
1 1
2 0
3 0
4 1
5 0
6 0
7 1

Input 6: 01011010
0 0
1 1
2 0
3 1
4 1
5 0
6 1
7 0

When matching output
x: not in operator
y: wrong position

Identity
0 0100010 2
1 0001111 4
2 0001100 2
3 1000101 3
4 1011011 5
5 1100100 3
6 1101101 5
7 1010010 3

Matching output
0 absent
1 absent
2 absent
3 absent
4 absent
5 absent
6 absent
7 absent

Left
none
Best: none

Right
none
Best: none

NOT
0 1011101 5
1 1110000 3
2 1110011 5
3 0111010 4
4 0100100 2
5 0011011 4
6 0010010 2
7 0101101 4

Matching output
0 absent
1 absent
2 absent
3 absent
4 absent
5 absent
6 absent
7 absent

Left
none
Best: none

Right
none
Best: none

Constant
0 0000000 a
1 1111111 a

Matching output
0 absent
1 absent
2 absent
3 absent
4 absent
5 absent
6 absent
7 absent

Left
none
Best: none

Right
none
Best: none

AND
01 10 0000010 1
12 21 0001100 2
23 32 0000100 1
34 43 1000001 2
45 54 1000000 1
56 65 1100100 3
67 76 1000000 1
70 07 0000010 1

02 20 0000000 a
13 31 0000101 2
24 42 0001000 1
35 53 1000100 2
46 64 1001001 3
57 75 1000000 1
60 06 0100000 1
71 17 0000010 1

03 30 0000000 a
14 41 0001011 3
25 52 0000100 1
36 63 1000101 3
47 74 1010010 3
50 05 0100000 1
61 16 0001101 3
72 27 0000000 a

04 40 0000010 1
15 51 0000100 1
26 62 0001100 2
37 73 1000000 1

Matching output
0 absent
1 absent
2 absent
3 absent
4 absent
5 absent
6 absent
7 absent

Left
none
Best: none

Right
none
Best: none

OR
01 10 0101111 5 match 7
12 21 0001111 4
23 32 1001101 4
34 43 1011111 6
45 54 1111111 a
56 65 1101101 5
67 76 1111111 a
70 07 1110010 4

02 20 0101110 4
13 31 1001111 5
24 42 1011111 6
35 53 1100101 4
46 64 1111111 a
57 75 1110110 5
60 06 1101111 6
71 17 1011111 6

03 30 1100111 5
14 41 1011111 6
25 52 1101100 4
36 63 1101101 5
47 74 1011011 5
50 05 1100110 4
61 16 1101111 6
72 27 1011110 5

04 40 1111011 6
15 51 1101111 6
26 62 1101101 5
37 73 1010111 5

Matching output
0 absent
1 absent
2 absent
3 absent
4 absent
5 absent
6 absent
7 01 10

Left
none
Best: none

Right
01 70x
10 07x
Best: OR01: 1

XOR
01 10 0101101 4
12 21 0000011 2
23 32 1001001 3
34 43 0011110 4 match 1 5
45 54 0111111 6
56 65 0001001 2
67 76 0111111 6
70 07 1110000 3

02 20 0101110 4
13 31 1001010 3
24 42 1010111 5
35 53 0100001 2
46 64 0110110 4
57 75 0110110 4
60 06 1001111 5
71 17 1011101 5

03 30 1100111 5
14 41 1010100 3
25 52 1101000 3 match 2
36 63 0101000 2
47 74 0001001 2
50 05 1000110 3
61 16 1100010 3
72 27 1011110 5

04 40 1111001 5
15 51 1101011 5
26 62 1100001 3
37 73 0010111 4

Matching output
0 absent
1 34 43
2 25 52
3 absent
4 absent
5 34 43
6 absent
7 absent

Left
none
Best: none

Right
none
Best: none

AND-NOT
01 0100000 1
12 0000011 2
23 0001000 1
34 0000100 1
45 0011011 4
56 0000000 a
67 0101101 4
70 1010000 2

02 0100010 2
13 0001010 2
24 0000100 1
35 0000001 1
46 0010010 2
57 0100100 2
60 1001101 4
71 1010000 2

03 0100010 2
14 0000100 1
25 0001000 1
36 0000000 a
47 0001001 2
50 1000100 2
61 1100000 2
72 1010010 3

04 0100000 1
15 0001011 3
26 0000000 a
37 0000101 2
40 1011001 4
51 1100000 2
62 1100001 3
73 0010010 2

05 0000010 1
16 0000010 1
27 0001100 2
30 1000101 3
41 1010000 2
52 1100000 2
63 0101000 2
74 0000000 a

06 0000010 1
17 0001101 3
20 0001100 2
31 1000000 1
42 1010011 4
53 0100000 1
64 0100100 2
75 0010010 2

07 0100000 1
10 0001101 3
21 0000000 a
32 1000001 2
43 0011010 3
54 0100100 2
65 0001001 2
76 0010010 2

Matching output
0 absent
1 absent
2 absent
3 absent
4 absent
5 absent
6 absent
7 absent

Left
none
Best: none

Right
none
Best: none

OR-NOT
01 1110010 4
12 1111111 a
23 0111110 5
34 1100101 4
45 1011011 5
56 1110110 5
67 1101101 5
70 1011111 6

02 1110011 5
13 0111111 6
24 0101100 3
35 1011111 6
46 1011011 5
57 1101101 5
60 1111101 6
71 1110010 4

03 0111010 4
14 0101111 5 match 7
25 0011111 5
36 1010111 5
47 1111111 a
50 1111101 6
61 1111101 6
72 1110011 5

04 0100110 3
15 0011111 5
26 0011110 4 match 1 5
37 1101101 5
40 1011111 6
51 1110100 4
62 1111111 a
73 1111010 5

05 0111011 5
16 0011111 5
27 0101101 4
30 1011101 5
41 1111011 6
52 1110111 6
63 1111111 a
74 1110110 5

06 0110010 3
17 0101111 5 match 7
20 1011101 5
31 1110101 5
42 1111011 6
53 1111110 6
64 1101101 5
75 1011011 5

07 0101111 5 match 7
10 1011111 6
21 1111100 5
32 1110111 6
43 1111011 6
54 1100100 3
65 1111111 a
76 1010010 3

Matching output
0 absent
1 26
2 absent
3 absent
4 absent
5 26
6 absent
7 14 17 07

Left
none
Best: none

Right
14 03x
17 06x
07 76x
Best: OR-NOT14: 1

XOR-NOT
01 1010010 3
12 1111100 5
23 0110110 4
34 1100001 3
45 1000000 1
56 1110110 5
67 1000000 1
70 0001111 4

02 1010001 3
13 0110101 4
24 0101000 2
35 1011110 5
46 1001001 3
57 1001001 3
60 0110000 2
71 0100010 2

03 0011000 2
14 0101011 4
25 0010111 4
36 1010111 5
47 1110110 5
50 0111001 4
61 0011101 4
72 0100001 2

04 0000110 2 match 3
15 0010100 2 match 0 4
26 0011110 4 match 1 5
37 1101000 3 match 2
40 0000110 2 match 3
51 0010100 2 match 0 4
62 0011110 4 match 1 5
73 1101000 3 match 2

05 0111001 4
16 0011101 4
27 0100001 2
30 0011000 2
41 0101011 4
52 0010111 4
63 1010111 5
74 1110110 5

06 0110000 2
17 0100010 2
20 1010001 3
31 0110101 4
42 0101000 2
53 1011110 5
64 1001001 3
75 1001001 3

07 0001111 4
10 1010010 3
21 1111100 5
32 0110110 4
43 1100001 3
54 1000000 1
65 1110110 5
76 1000000 1

Matching output
0 15 51
1 26 62
2 37 73
3 04 40
4 15 51
5 26 62
6 absent
7 absent

Left
15 26 37 40 51 62 73y
51 62 73 04 15 26 37y
Best: XOR-NOT15 26 37 40 51 62: 6

Right
none
Best: none

Selecting

Lefts
Identity none
NOT none
Constant none
AND none
OR none
XOR none
AND-NOT none
OR-NOT none
XOR-NOT XOR-NOT15 26 37 40 51 62: 6

Rights
Identity none
NOT none
Constant none
AND none
OR OR01: 1
XOR none
AND-NOT none
OR-NOT OR-NOT14: 1
XOR-NOT none

Left longest: 6
Right longest: 1

Left winner: Identity no, NOT no, Constant no, AND no, OR no, XOR no, AND-NOT no, OR-NOT no, XOR-NOT yes
Right winner: Identity no, NOT no, Constant no, AND no, OR yes, XOR no, AND-NOT no, OR-NOT no, XOR-NOT no

Best left: XOR-NOT15 26 37 40 51 62: 6
Best right: OR01: 1

Truncated left: XOR-NOT15 26 37 40 51 62: 6
Truncated right: OR01: 1

Tentative from right
7 OR01
6 pending
5 pending
4 pending
3 pending
2 pending
1 pending
0 pending

Tentative
0 XOR-NOT15
1 XOR-NOT26
2 XOR-NOT37
3 XOR-NOT40
4 XOR-NOT51
5 XOR-NOT62
6 pending
7 OR01

Preferred from left
0 XOR-NOT15
1 XOR-NOT26
2 XOR-NOT37
3 XOR-NOT40
4 XOR-NOT51
5 XOR-NOT62
6 ?73
7 OR01

Preferred from right
7 OR01
6 ?73
5 XOR-NOT62
4 XOR-NOT51
3 XOR-NOT40
2 XOR-NOT37
1 XOR-NOT26
0 XOR-NOT15

Preferred
0 XOR-NOT15
1 XOR-NOT26
2 XOR-NOT37
3 XOR-NOT40
4 XOR-NOT51
5 XOR-NOT62
6 ?73 ?37
7 OR01

Matching
0 XOR-NOT15
1 XOR-NOT26
2 XOR-NOT37
3 XOR-NOT40
4 XOR-NOT51
5 XOR-NOT62
6 ?73 ?37 - Identity absent, NOT absent, Constant absent, AND absent, OR absent, XOR absent, AND-NOT absent, OR-NOT absent, XOR-NOT absent
7 OR01

Perfect match
Identity no
NOT no
Constant no
AND no
OR no
XOR no
AND-NOT no
OR-NOT no
XOR-NOT no

Matched
0 XOR-NOT15
1 XOR-NOT26
2 XOR-NOT37
3 XOR-NOT40
4 XOR-NOT51
5 XOR-NOT62
6 none
7 OR01

Selected
0 XOR-NOT15
1 XOR-NOT26
2 XOR-NOT37
3 XOR-NOT40
4 XOR-NOT51
5 XOR-NOT62
6 default 1
7 OR01

Applying to 11100000
Input
0 1
1 1
2 1
3 0
4 0
5 0
6 0
7 0
Output
0 XOR-NOT15 = XOR(1,NOT(0)) = 0
1 XOR-NOT26 = XOR(1,NOT(0)) = 0
2 XOR-NOT37 = XOR(0,NOT(0)) = 1
3 XOR-NOT40 = XOR(0,NOT(1)) = 0
4 XOR-NOT51 = XOR(0,NOT(1)) = 0
5 XOR-NOT62 = XOR(0,NOT(1)) = 0
6 default 1 = 1
7 OR01 = OR(1,1) = 1

I will now return the answer in \boxed{}
The answer in \boxed is
\boxed{00100011}