We need to deduce the transformation by matching the example outputs.
I will put my final answer inside \boxed{}.

Output 0: 00000000
0 0
1 0
2 0
3 0
4 0
5 0
6 0
7 0

Output 1: 01000000
0 0
1 1
2 0
3 0
4 0
5 0
6 0
7 0

Output 2: 01000000
0 0
1 1
2 0
3 0
4 0
5 0
6 0
7 0

Output 3: 00111001
0 0
1 0
2 1
3 1
4 1
5 0
6 0
7 1

Output 4: 00000000
0 0
1 0
2 0
3 0
4 0
5 0
6 0
7 0

Output 5: 10000001
0 1
1 0
2 0
3 0
4 0
5 0
6 0
7 1

Output 6: 11011111
0 1
1 1
2 0
3 1
4 1
5 1
6 1
7 1

Output 7: 00001010
0 0
1 0
2 0
3 0
4 1
5 0
6 1
7 0

Output bit columns (with bitsum as hash)
0 00000110 2
1 01100010 3
2 00010000 1
3 00010010 2
4 00010011 3
5 00000010 1
6 00000011 2
7 00010110 3

Input 0: 11000000
0 1
1 1
2 0
3 0
4 0
5 0
6 0
7 0

Input 1: 00101100
0 0
1 0
2 1
3 0
4 1
5 1
6 0
7 0

Input 2: 01101100
0 0
1 1
2 1
3 0
4 1
5 1
6 0
7 0

Input 3: 10011111
0 1
1 0
2 0
3 1
4 1
5 1
6 1
7 1

Input 4: 00010000
0 0
1 0
2 0
3 1
4 0
5 0
6 0
7 0

Input 5: 11010000
0 1
1 1
2 0
3 1
4 0
5 0
6 0
7 0

Input 6: 11111011
0 1
1 1
2 1
3 1
4 1
5 0
6 1
7 1

Input 7: 00100101
0 0
1 0
2 1
3 0
4 0
5 1
6 0
7 1

When matching output
x: not in operator
y: wrong position

Identity
0 10010110 4
1 10100110 4
2 01100011 4
3 00011110 4
4 01110010 4
5 01110001 4
6 00010010 2 match 3
7 00010011 3 match 4

Matching output
0 absent
1 absent
2 absent
3 6
4 7
5 absent
6 absent
7 absent

Left
none
Best: none

Right
none
Best: none

NOT
0 01101001 4
1 01011001 4
2 10011100 4
3 11100001 4
4 10001101 4
5 10001110 4
6 11101101 6
7 11101100 5

Matching output
0 absent
1 absent
2 absent
3 absent
4 absent
5 absent
6 absent
7 absent

Left
none
Best: none

Right
none
Best: none

Constant
0 00000000 a
1 11111111 a

Matching output
0 absent
1 absent
2 absent
3 absent
4 absent
5 absent
6 absent
7 absent

Left
none
Best: none

Right
none
Best: none

AND
01 10 10000110 3
12 21 00100010 2
23 32 00000010 1 match 5
34 43 00010010 2 match 3
45 54 01110000 3
56 65 00010000 1 match 2
67 76 00010010 2 match 3
70 07 00010010 2 match 3

02 20 00000010 1 match 5
13 31 00000110 2 match 0
24 42 01100010 3 match 1
35 53 00010000 1 match 2
46 64 00010010 2 match 3
57 75 00010001 2
60 06 00010010 2 match 3
71 17 00000010 1 match 5

03 30 00010110 3 match 7
14 41 00100010 2
25 52 01100001 3
36 63 00010010 2 match 3
47 74 00010010 2 match 3
50 05 00010000 1 match 2
61 16 00000010 1 match 5
72 27 00000011 2 match 6

04 40 00010010 2 match 3
15 51 00100000 1
26 62 00000010 1 match 5
37 73 00010010 2 match 3

Matching output
0 13 31
1 24 42
2 56 65 35 53 50 05
3 34 43 67 76 70 07 46 64 60 06 36 63 47 74 04 40 37 73
4 absent
5 23 32 02 20 71 17 61 16 26 62
6 72 27
7 03 30

Left
13 24 35 46 57x
31 42 53 64 75x
Best: AND13 24 35 46: 4

Right
03 72 61 50y
30 27 16 05y
Best: AND03 72 61: 3

OR
01 10 10110110 5
12 21 11100111 6
23 32 01111111 7
34 43 01111110 6
45 54 01110011 5
56 65 01110011 5
67 76 00010011 3 match 4
70 07 10010111 5

02 20 11110111 7
13 31 10111110 6
24 42 01110011 5
35 53 01111111 7
46 64 01110010 4
57 75 01110011 5
60 06 10010110 4
71 17 10110111 6

03 30 10011110 5
14 41 11110110 6
25 52 01110011 5
36 63 00011110 4
47 74 01110011 5
50 05 11110111 7
61 16 10110110 5
72 27 01110011 5

04 40 11110110 6
15 51 11110111 7
26 62 01110011 5
37 73 00011111 5

Matching output
0 absent
1 absent
2 absent
3 absent
4 67 76
5 absent
6 absent
7 absent

Left
none
Best: none

Right
none
Best: none

XOR
01 10 00110000 2
12 21 11000101 4
23 32 01111101 6
34 43 01101100 4
45 54 00000011 2 match 6
56 65 01100011 4
67 76 00000001 1
70 07 10000101 3

02 20 11110101 6
13 31 10111000 4
24 42 00010001 2
35 53 01101111 6
46 64 01100000 2
57 75 01100010 3 match 1
60 06 10000100 2
71 17 10110101 5

03 30 10001000 2
14 41 11010100 4
25 52 00010010 2 match 3
36 63 00001100 2
47 74 01100001 3
50 05 11100111 6
61 16 10110100 4
72 27 01110000 3

04 40 11100100 4
15 51 11010111 6
26 62 01110001 4
37 73 00001101 3

Matching output
0 absent
1 57 75
2 absent
3 25 52
4 absent
5 absent
6 45 54
7 absent

Left
none
Best: none

Right
none
Best: none

AND-NOT
01 00010000 1 match 2
12 10000100 2
23 01100001 3
34 00001100 2
45 00000010 1 match 5
56 01100001 3
67 00000000 a
70 00000001 1

02 10010100 3
13 10100000 2
24 00000001 1
35 00001110 3
46 01100000 2
57 01100000 2
60 00000000 a
71 00010001 2

03 10000000 1
14 10000100 2
25 00000010 1 match 5
36 00001100 2
47 01100000 2
50 01100001 3
61 00010000 1 match 2
72 00010000 1 match 2

04 10000100 2
15 10000110 3
26 01100001 3
37 00001100 2
40 01100000 2
51 01010001 3
62 00010000 1 match 2
73 00000001 1

05 10000110 3
16 10100100 3
27 01100000 2
30 00001000 1
41 01010000 2
52 00010000 1 match 2
63 00000000 a
74 00000001 1

06 10000100 2
17 10100100 3
20 01100001 3
31 00011000 2
42 00010000 1 match 2
53 01100001 3
64 00000000 a
75 00000010 1 match 5

07 10000100 2
10 00100000 1
21 01000001 2
32 00011100 3
43 01100000 2
54 00000001 1
65 00000010 1 match 5
76 00000001 1

Matching output
0 absent
1 absent
2 01 61 72 62 52 42
3 absent
4 absent
5 45 25 75 65
6 absent
7 absent

Left
none
Best: none

Right
none
Best: none

OR-NOT
01 11011111 7
12 10111110 6
23 11100011 5
34 10011111 6
45 11111110 7
56 11111101 7
67 11111110 7
70 01111011 6

02 10011110 5
13 11100111 6
24 11101111 7
35 10011110 5
46 11111111 a
57 11111101 7
60 01111011 6
71 01011011 5

03 11110111 7
14 10101111 6
25 11101111 7
36 11111111 a
47 11111110 7
50 01111001 5
61 01011011 5
72 10011111 6

04 10011111 6
15 10101110 5
26 11101111 7
37 11111110 7
40 01111011 6
51 01111001 5
62 10011110 5
73 11110011 6

05 10011110 5
16 11101111 7
27 11101111 7
30 01111111 7
41 01111011 6
52 11111101 7
63 11110011 6
74 10011111 6

06 11111111 a
17 11101110 6
20 01101011 5
31 01011111 6
42 11111110 7
53 11110001 5
64 10011111 6
75 10011111 6

07 11111110 7
10 11101111 7
21 01111011 6
32 10011110 5
43 11110011 6
54 11111101 7
65 10011110 5
76 11111111 a

Matching output
0 absent
1 absent
2 absent
3 absent
4 absent
5 absent
6 absent
7 absent

Left
none
Best: none

Right
none
Best: none

XOR-NOT
01 11001111 6
12 00111010 4
23 10000010 2
34 10010011 4
45 11111100 6
56 10011100 4
67 11111110 7
70 01111010 5

02 00001010 2
13 01000111 4
24 11101110 6
35 10010000 2
46 10011111 6
57 10011101 5
60 01111011 6
71 01001010 3

03 01110111 6
14 00101011 4
25 11101101 6
36 11110011 6
47 10011110 5
50 00011000 2
61 01001011 4
72 10001111 5

04 00011011 4
15 00101000 2
26 10001110 4
37 11110010 5
40 00011011 4
51 00101000 2
62 10001110 4
73 11110010 5

05 00011000 2
16 01001011 4
27 10001111 5
30 01110111 6
41 00101011 4
52 11101101 6
63 11110011 6
74 10011110 5

06 01111011 6
17 01001010 3
20 00001010 2
31 01000111 4
42 11101110 6
53 10010000 2
64 10011111 6
75 10011101 5

07 01111010 5
10 11001111 6
21 00111010 4
32 10000010 2
43 10010011 4
54 11111100 6
65 10011100 4
76 11111110 7

Matching output
0 absent
1 absent
2 absent
3 absent
4 absent
5 absent
6 absent
7 absent

Left
none
Best: none

Right
none
Best: none

Selecting

Lefts
Identity none
NOT none
Constant none
AND AND13 24 35 46: 4
OR none
XOR none
AND-NOT none
OR-NOT none
XOR-NOT none

Rights
Identity none
NOT none
Constant none
AND AND03 72 61: 3
OR none
XOR none
AND-NOT none
OR-NOT none
XOR-NOT none

Left longest: 4
Right longest: 3

Left winner: Identity no, NOT no, Constant no, AND yes, OR no, XOR no, AND-NOT no, OR-NOT no, XOR-NOT no
Right winner: Identity no, NOT no, Constant no, AND yes, OR no, XOR no, AND-NOT no, OR-NOT no, XOR-NOT no

Best left: AND13 24 35 46: 4
Best right: AND03 72 61: 3

Truncated left: AND13 24 35 46: 4
Truncated right: AND03 72 61: 3

Tentative from right
7 AND03
6 AND72
5 AND61
4 pending
3 pending
2 pending
1 pending
0 pending

Tentative
0 AND13
1 AND24
2 AND35
3 AND46
4 pending
5 AND61
6 AND72
7 AND03

Preferred from left
0 AND13
1 AND24
2 AND35
3 AND46
4 ?57
5 AND61
6 AND72
7 AND03

Preferred from right
7 AND03
6 AND72
5 AND61
4 ?57
3 AND46
2 AND35
1 AND24
0 AND13

Preferred
0 AND13
1 AND24
2 AND35
3 AND46
4 ?57 ?75
5 AND61
6 AND72
7 AND03

Matching
0 AND13
1 AND24
2 AND35
3 AND46
4 ?57 ?75 - Identity I7, NOT absent, Constant absent, AND absent, OR absent, XOR absent, AND-NOT absent, OR-NOT absent, XOR-NOT absent
5 AND61
6 AND72
7 AND03

Perfect match
Identity yes
NOT no
Constant no
AND no
OR no
XOR no
AND-NOT no
OR-NOT no
XOR-NOT no

Matched
0 AND13
1 AND24
2 AND35
3 AND46
4 I7
5 AND61
6 AND72
7 AND03

Selected
0 AND13
1 AND24
2 AND35
3 AND46
4 MAJ(0,2,7)
5 AND61
6 AND72
7 AND03

Applying to 11111100
Input
0 1
1 1
2 1
3 1
4 1
5 1
6 0
7 0
Output
0 AND13 = AND(1,1) = 1
1 AND24 = AND(1,1) = 1
2 AND35 = AND(1,1) = 1
3 AND46 = AND(1,0) = 0
4 MAJ(0,2,7) = MAJ(1,1,0) = 1
5 AND61 = AND(0,1) = 0
6 AND72 = AND(0,1) = 0
7 AND03 = AND(1,1) = 1

I will now return the answer in \boxed{}
The answer in \boxed{–} is \boxed{11101001}