We need to deduce the transformation by matching the example outputs.
I will put my final answer inside \boxed{}.

Output 0: 10000000
0 1
1 0
2 0
3 0
4 0
5 0
6 0
7 0

Output 1: 01000011
0 0
1 1
2 0
3 0
4 0
5 0
6 1
7 1

Output 2: 01001110
0 0
1 1
2 0
3 0
4 1
5 1
6 1
7 0

Output 3: 00110001
0 0
1 0
2 1
3 1
4 0
5 0
6 0
7 1

Output 4: 11010011
0 1
1 1
2 0
3 1
4 0
5 0
6 1
7 1

Output 5: 01101000
0 0
1 1
2 1
3 0
4 1
5 0
6 0
7 0

Output 6: 01110011
0 0
1 1
2 1
3 1
4 0
5 0
6 1
7 1

Output 7: 01001011
0 0
1 1
2 0
3 0
4 1
5 0
6 1
7 1

Output 8: 01101101
0 0
1 1
2 1
3 0
4 1
5 1
6 0
7 1

Output 9: 01100000
0 0
1 1
2 1
3 0
4 0
5 0
6 0
7 0

Output bit columns (with bitsum as hash)
0 1000100000 2
1 0110111111 8
2 0001011011 5
3 0001101000 3
4 0010010110 4
5 0010000010 2
6 0110101100 5
7 0101101110 6

Input 0: 00010000
0 0
1 0
2 0
3 1
4 0
5 0
6 0
7 0

Input 1: 01101000
0 0
1 1
2 1
3 0
4 1
5 0
6 0
7 0

Input 2: 11011001
0 1
1 1
2 0
3 1
4 1
5 0
6 0
7 1

Input 3: 00100110
0 0
1 0
2 1
3 0
4 0
5 1
6 1
7 0

Input 4: 01111010
0 0
1 1
2 1
3 1
4 1
5 0
6 1
7 0

Input 5: 00001101
0 0
1 0
2 0
3 0
4 1
5 1
6 0
7 1

Input 6: 01101110
0 0
1 1
2 1
3 0
4 1
5 1
6 1
7 0

Input 7: 01111001
0 0
1 1
2 1
3 1
4 1
5 0
6 0
7 1

Input 8: 10101101
0 1
1 0
2 1
3 0
4 1
5 1
6 0
7 1

Input 9: 00001100
0 0
1 0
2 0
3 0
4 1
5 1
6 0
7 0

When matching output
x: not in operator
y: wrong position

Identity
0 0010000010 2 match 5
1 0110101100 5 match 6
2 0101101110 6 match 7
3 1010100100 4
4 0110111111 8 match 1
5 0001011011 5 match 2
6 0001101000 3 match 3
7 0010010110 4 match 4

Matching output
0 absent
1 4
2 5
3 6
4 7
5 0
6 1
7 2

Left
none
Best: none

Right
2 1 0 7 6 5 4 3x
Best: I2 1 0 7 6 5 4: 7

NOT
0 1101111101 8
1 1001010011 5
2 1010010001 4
3 0101011011 6
4 1001000000 2
5 1110100100 5
6 1110010111 7
7 1101101001 6

Matching output
0 absent
1 absent
2 absent
3 absent
4 absent
5 absent
6 absent
7 absent

Left
none
Best: none

Right
none
Best: none

Constant
0 0000000000 a
1 1111111111 a

Matching output
0 absent
1 absent
2 absent
3 absent
4 absent
5 absent
6 absent
7 absent

Left
none
Best: none

Right
none
Best: none

AND
01 10 0010000000 1
12 21 0100101100 4
23 32 0000100100 2
34 43 0010100100 3
45 54 0000011011 4
56 65 0001001000 2
67 76 0000000000 a
70 07 0010000010 2 match 5

02 20 0000000010 1
13 31 0010100100 3
24 42 0100101110 5
35 53 0000000000 a
46 64 0000101000 2
57 75 0000010010 2
60 06 0000000000 a
71 17 0010000100 2

03 30 0010000000 1
14 41 0110101100 5 match 6
25 52 0001001010 3
36 63 0000100000 1
47 74 0010010110 4 match 4
50 05 0000000010 1
61 16 0000101000 2
72 27 0000000110 2

04 40 0010000010 2 match 5
15 51 0000001000 1
26 62 0001101000 3 match 3
37 73 0010000100 2

Matching output
0 absent
1 absent
2 absent
3 26 62
4 47 74
5 70 07 04 40
6 14 41
7 absent

Left
none
Best: none

Right
none
Best: none

OR
01 10 0110101110 6
12 21 0111101110 7
23 32 1111101110 8
34 43 1110111111 9
45 54 0111111111 9
56 65 0001111011 6
67 76 0011111110 7
70 07 0010010110 4 match 4

02 20 0111101110 7
13 31 1110101100 6
24 42 0111111111 9
35 53 1011111111 9
46 64 0111111111 9
57 75 0011011111 7
60 06 0011101010 5
71 17 0110111110 7

03 30 1010100110 5
14 41 0110111111 8 match 1
25 52 0101111111 8
36 63 1011101100 6
47 74 0110111111 8 match 1
50 05 0011011011 6
61 16 0111101100 6
72 27 0111111110 8

04 40 0110111111 8 match 1
15 51 0111111111 9
26 62 0101101110 6 match 7
37 73 1010110110 6

Matching output
0 absent
1 14 41 47 74 04 40
2 absent
3 absent
4 70 07
5 absent
6 absent
7 26 62

Left
none
Best: none

Right
26 15x
62 51x
Best: OR26: 1

XOR
01 10 0100101110 5
12 21 0011000010 3
23 32 1111001010 6
34 43 1100011011 6
45 54 0111100100 5
56 65 0000110011 4
67 76 0011111110 7
70 07 0000010100 2

02 20 0111101100 6
13 31 1100001000 3
24 42 0011010001 4
35 53 1011111111 9
46 64 0111010111 7
57 75 0011001101 5
60 06 0011101010 5
71 17 0100111010 5

03 30 1000100110 4
14 41 0000010011 3
25 52 0100110101 5
36 63 1011001100 5
47 74 0100101001 4
50 05 0011011001 5
61 16 0111000100 4
72 27 0111111000 6

04 40 0100111101 6
15 51 0111110111 8
26 62 0100000110 3
37 73 1000110010 4

Matching output
0 absent
1 absent
2 absent
3 absent
4 absent
5 absent
6 absent
7 absent

Left
none
Best: none

Right
none
Best: none

AND-NOT
01 0000000010 1
12 0010000000 1
23 0101001010 4
34 1000000000 1
45 0110100100 4
56 0000010011 3
67 0001101000 3 match 3
70 0000010100 2

02 0010000000 1
13 0100001000 2
24 0001000000 1
35 1010100100 4
46 0110010111 6
57 0001001001 3
60 0001101000 3 match 3
71 0000010010 2

03 0000000010 1
14 0000000000 a
25 0100100100 3
36 1010000100 3
47 0100101001 4
50 0001011001 4
61 0001000000 1
72 0010010000 2

04 0000000000 a
15 0110100100 4
26 0100000110 3
37 1000100000 2 match 0
40 0100111101 6
51 0001010011 4
62 0000000000 a
73 0000010010 2

05 0010000000 1
16 0110000100 3
27 0101101000 4
30 1000100100 3
41 0000010011 3
52 0000010001 2
63 0001001000 2
74 0000000000 a

06 0010000010 2 match 5
17 0100101000 3
20 0101101100 5
31 1000000000 1
42 0010010001 3
53 0001011011 5 match 2
64 0001000000 1
75 0010000100 2

07 0000000000 a
10 0100101100 4
21 0001000010 2
32 1010000000 2
43 0100011011 5
54 0001000000 1
65 0000100000 1
76 0010010110 4 match 4

Matching output
0 37
1 absent
2 53
3 67 60
4 76
5 06
6 absent
7 absent

Left
37 40x
Best: AND-NOT37: 1

Right
none
Best: none

OR-NOT
01 1011010011 6
12 1110111101 8
23 0101111111 8
34 1011100100 5
45 1110111111 9
56 1111011111 9
67 1101101001 6
70 1111111111 a

02 1010010011 5
13 0111111111 9
24 1101101110 7
35 1110100100 5
46 1110111111 9
57 1101111011 8
60 1101111101 8
71 1011010111 7

03 0111011011 7
14 1111101100 7
25 1111101110 8
36 1110110111 8
47 1111111111 a
50 1101111111 9
61 1001111011 7
72 1010010111 6

04 1011000010 4
15 1110101100 6
26 1111111111 a
37 1111101101 8
40 1111111111 a
51 1001011011 6
62 1011111001 7
73 0111011111 8

05 1110100110 6
16 1110111111 9
27 1101101111 8
30 1111111101 9
41 1111111111 a
52 1011011011 7
63 0101111011 7
74 1011010110 6

06 1110010111 7
17 1111101101 8
20 1101111111 9
31 1011110111 8
42 1110111111 9
53 0101011011 6
64 1001101000 4
75 1110110110 7

07 1111101011 8
10 1111111101 9
21 1101111111 9
32 1010110101 6
43 0111111111 9
54 1001011011 6
65 1111101100 7
76 1110010111 7

Matching output
0 absent
1 absent
2 absent
3 absent
4 absent
5 absent
6 absent
7 absent

Left
none
Best: none

Right
none
Best: none

XOR-NOT
01 1011010001 5
12 1100111101 7
23 0000110101 4
34 0011100100 4
45 1000011011 5
56 1111001100 6
67 1100000001 3
70 1111101011 8

02 1000010011 4
13 0011110111 7
24 1100101110 6
35 0100000000 1
46 1000101000 3
57 1100110010 5
60 1100010101 5
71 1011000101 5

03 0111011001 6
14 1111101100 7
25 1011001010 5
36 0100110011 5
47 1011010110 6
50 1100100110 5
61 1000111011 6
72 1000000111 4

04 1011000010 4
15 1000001000 2
26 1011111001 7
37 0111001101 6
40 1011000010 4
51 1000001000 2
62 1011111001 7
73 0111001101 6

05 1100100110 5
16 1000111011 6
27 1000000111 4
30 0111011001 6
41 1111101100 7
52 1011001010 5
63 0100110011 5
74 1011010110 6

06 1100010101 5
17 1011000101 5
20 1000010011 4
31 0011110111 7
42 1100101110 6
53 0100000000 1
64 1000101000 3
75 1100110010 5

07 1111101011 8
10 1011010001 5
21 1100111101 7
32 0000110101 4
43 0011100100 4
54 1000011011 5
65 1111001100 6
76 1100000001 3

Matching output
0 absent
1 absent
2 absent
3 absent
4 absent
5 absent
6 absent
7 absent

Left
none
Best: none

Right
none
Best: none

Selecting

Lefts
Identity none
NOT none
Constant none
AND none
OR none
XOR none
AND-NOT AND-NOT37: 1
OR-NOT none
XOR-NOT none

Rights
Identity I2 1 0 7 6 5 4: 7
NOT none
Constant none
AND none
OR OR26: 1
XOR none
AND-NOT none
OR-NOT none
XOR-NOT none

Left longest: 1
Right longest: 7

Right winner: Identity yes, NOT no, Constant no, AND no, OR no, XOR no, AND-NOT no, OR-NOT no, XOR-NOT no
Left winner: Identity no, NOT no, Constant no, AND no, OR no, XOR no, AND-NOT yes, OR-NOT no, XOR-NOT no

Best right: I2 1 0 7 6 5 4: 7
Best left: AND-NOT37: 1

Truncated right: I2 1 0 7 6 5 4: 7
Truncated left: AND-NOT37: 1

Tentative from right
7 I2
6 I1
5 I0
4 I7
3 I6
2 I5
1 I4
0 pending

Tentative
0 AND-NOT37
1 I4
2 I5
3 I6
4 I7
5 I0
6 I1
7 I2

Preferred from right
7 I2
6 I1
5 I0
4 I7
3 I6
2 I5
1 I4
0 AND-NOT37

Preferred from left
0 AND-NOT37
1 I4
2 I5
3 I6
4 I7
5 I0
6 I1
7 I2

Preferred
0 AND-NOT37
1 I4
2 I5
3 I6
4 I7
5 I0
6 I1
7 I2

Matching
0 AND-NOT37
1 I4
2 I5
3 I6
4 I7
5 I0
6 I1
7 I2

Perfect match
Identity no
NOT no
Constant no
AND no
OR no
XOR no
AND-NOT no
OR-NOT no
XOR-NOT no

Matched
0 AND-NOT37
1 I4
2 I5
3 I6
4 I7
5 I0
6 I1
7 I2

Selected
0 AND-NOT37
1 I4
2 I5
3 I6
4 I7
5 I0
6 I1
7 I2

Applying to 01000011
Input
0 0
1 1
2 0
3 0
4 0
5 0
6 1
7 1
Output
0 AND-NOT37 = AND(0,NOT(1)) = 0
1 I4 = 0
2 I5 = 0
3 I6 = 1
4 I7 = 1
5 I0 = 0
6 I1 = 1
7 I2 = 0

I will now return the answer in \boxed{}
The answer in \boxed is
\boxed{00011010}