We need to deduce the transformation by matching the example outputs.
I will put my final answer inside \boxed{}.

Output 0: 01001010
0 0
1 1
2 0
3 0
4 1
5 0
6 1
7 0

Output 1: 00001101
0 0
1 0
2 0
3 0
4 1
5 1
6 0
7 1

Output 2: 00010111
0 0
1 0
2 0
3 1
4 0
5 1
6 1
7 1

Output 3: 00010011
0 0
1 0
2 0
3 1
4 0
5 0
6 1
7 1

Output 4: 10010001
0 1
1 0
2 0
3 1
4 0
5 0
6 0
7 1

Output 5: 00101001
0 0
1 0
2 1
3 0
4 1
5 0
6 0
7 1

Output 6: 00110011
0 0
1 0
2 1
3 1
4 0
5 0
6 1
7 1

Output 7: 11011100
0 1
1 1
2 0
3 1
4 1
5 1
6 0
7 0

Output bit columns (with bitsum as hash)
0 00001001 2
1 10000001 2
2 00000110 2
3 00111011 5
4 11000101 4
5 01100001 3
6 10110010 4
7 01111110 6

Input 0: 11010101
0 1
1 1
2 0
3 1
4 0
5 1
6 0
7 1

Input 1: 10011010
0 1
1 0
2 0
3 1
4 1
5 0
6 1
7 0

Input 2: 10101111
0 1
1 0
2 1
3 0
4 1
5 1
6 1
7 1

Input 3: 00100110
0 0
1 0
2 1
3 0
4 0
5 1
6 1
7 0

Input 4: 11100011
0 1
1 1
2 1
3 0
4 0
5 0
6 1
7 1

Input 5: 01010010
0 0
1 1
2 0
3 1
4 0
5 0
6 1
7 0

Input 6: 11100110
0 1
1 1
2 1
3 0
4 0
5 1
6 1
7 0

Input 7: 10111001
0 1
1 0
2 1
3 1
4 1
5 0
6 0
7 1

When matching output
x: not in operator
y: wrong position

Identity
0 11101011 6
1 10001110 4
2 00111011 5 match 3
3 11000101 4 match 4
4 01100001 3 match 5
5 10110010 4 match 6
6 01111110 6 match 7
7 10101001 4

Matching output
0 absent
1 absent
2 absent
3 2
4 3
5 4
6 5
7 6

Left
none
Best: none

Right
6 5 4 3 2 1x
Best: I6 5 4 3 2: 5

NOT
0 00010100 2
1 01110001 4
2 11000100 3
3 00111010 4
4 10011110 5
5 01001101 4
6 10000001 2 match 1
7 01010110 4

Matching output
0 absent
1 6
2 absent
3 absent
4 absent
5 absent
6 absent
7 absent

Left
none
Best: none

Right
none
Best: none

Constant
0 00000000 a
1 11111111 a

Matching output
0 absent
1 absent
2 absent
3 absent
4 absent
5 absent
6 absent
7 absent

Left
none
Best: none

Right
none
Best: none

AND
01 10 10001010 3
12 21 00001010 2
23 32 00000001 1
34 43 01000001 2
45 54 00100000 1
56 65 00110010 3
67 76 00101000 2
70 07 10101001 4

02 20 00101011 4
13 31 10000100 2
24 42 00100001 2
35 53 10000000 1
46 64 01100000 2
57 75 10100000 2
60 06 01101010 4
71 17 10001000 2

03 30 11000001 3
14 41 00000000 a
25 52 00110010 3
36 63 01000100 2
47 74 00100001 2
50 05 10100010 3
61 16 00001110 3
72 27 00101001 3

04 40 01100001 3 match 5
15 51 10000010 2
26 62 00111010 4
37 73 10000001 2 match 1

Matching output
0 absent
1 37 73
2 absent
3 absent
4 absent
5 04 40
6 absent
7 absent

Left
none
Best: none

Right
none
Best: none

OR
01 10 11101111 7
12 21 10111111 7
23 32 11111111 a
34 43 11100101 5
45 54 11110011 6
56 65 11111110 7
67 76 11111111 a
70 07 11101011 6

02 20 11111011 7
13 31 11001111 6
24 42 01111011 6
35 53 11110111 7
46 64 01111111 7
57 75 10111011 6
60 06 11111111 a
71 17 10101111 6

03 30 11101111 7
14 41 11101111 7
25 52 10111011 6
36 63 11111111 a
47 74 11101001 5
50 05 11111011 7
61 16 11111110 7
72 27 10111011 6

04 40 11101011 6
15 51 10111110 6
26 62 01111111 7
37 73 11101101 6

Matching output
0 absent
1 absent
2 absent
3 absent
4 absent
5 absent
6 absent
7 absent

Left
none
Best: none

Right
none
Best: none

XOR
01 10 01100101 4
12 21 10110101 5
23 32 11111110 7
34 43 10100100 3
45 54 11010011 5
56 65 11001100 4
67 76 11010111 6
70 07 01000010 2

02 20 11010000 3
13 31 01001011 4
24 42 01011010 4
35 53 01110111 6
46 64 00011111 5
57 75 00011011 4
60 06 10010101 4
71 17 00100111 4

03 30 00101110 4
14 41 11101111 7
25 52 10001001 3
36 63 10111011 6
47 74 11001000 3
50 05 01011001 4
61 16 11110000 4
72 27 10010010 3

04 40 10001010 3
15 51 00111100 4
26 62 01000101 3
37 73 01101100 4

Matching output
0 absent
1 absent
2 absent
3 absent
4 absent
5 absent
6 absent
7 absent

Left
none
Best: none

Right
none
Best: none

AND-NOT
01 01100001 3 match 5
12 10000100 2
23 00111010 4
34 10000100 2
45 01000001 2
56 10000000 1
67 01010110 4
70 00000000 a

02 11000000 2
13 00001010 2
24 00011010 3
35 01000101 3
46 00000001 1
57 00010010 2
60 00010100 2
71 00100001 2

03 00101010 3
14 10001110 4
25 00001001 2 match 0
36 10000001 2 match 1
47 01000000 1
50 00010000 1
61 01110000 3
72 10000000 1

04 10001010 3
15 00001100 2
26 00000001 1
37 01000100 2
40 00000000 a
51 00110000 2
62 01000100 2
73 00101000 2

05 01001001 3
16 10000000 1
27 00010010 2
30 00000100 1
41 01100001 3 match 5
52 10000000 1
63 00111010 4
74 10001000 2

06 10000001 2 match 1
17 00000110 2 match 2
20 00010000 1
31 01000001 2
42 01000000 1
53 00110010 3
64 00011110 4
75 00001001 2 match 0

07 01000010 2
10 00000100 1
21 00110001 3
32 11000100 3
43 00100000 1
54 10010010 3
65 01001100 3
76 10000001 2 match 1

Matching output
0 25 75
1 36 06 76
2 17
3 absent
4 absent
5 01 41
6 absent
7 absent

Left
25 36 47x
75 06 17 20x
Best: AND-NOT75 06 17: 3

Right
none
Best: none

OR-NOT
01 11111011 7
12 11001110 5
23 00111011 5 match 3
34 11011111 7
45 01101101 5
56 10110011 5
67 01111110 6 match 7
70 10111101 6

02 11101111 7
13 10111110 6
24 10111111 7
35 11001101 5
46 11100001 4
57 11110110 6
60 01111110 6 match 7
71 11111001 6

03 11111011 7
14 10011110 5
25 01111111 7
36 11000101 4 match 4
47 01110111 6
50 10110110 5
61 01111111 7
72 11101101 6

04 11111111 a
15 11001111 6
26 10111011 6
37 11010111 6
40 01110101 5
51 11110011 6
62 11111110 7
73 10111011 6

05 11101111 7
16 10001111 5
27 01111111 7
30 11010101 5
41 01110001 4
52 11110110 6
63 01111110 6 match 7
74 10111111 7

06 11101011 6
17 11011110 6
20 00111111 6
31 11110101 6
42 11100101 5
53 10111010 5
64 11111110 7
75 11101101 6

07 11111111 a
10 10011110 5
21 01111011 6
32 11000101 4 match 4
43 01111011 6
54 10111110 6
65 01111111 7
76 10101001 4

Matching output
0 absent
1 absent
2 absent
3 23
4 36 32
5 absent
6 absent
7 67 60 63

Left
none
Best: none

Right
67 56x
60 57x
63 52x
Best: OR-NOT67: 1

XOR-NOT
01 10011010 4
12 01001010 3
23 00000001 1
34 01011011 5
45 00101100 3
56 00110011 4
67 00101000 2
70 10111101 6

02 00101111 5
13 10110100 4
24 10100101 4
35 10001000 2
46 11100000 3
57 11100100 4
60 01101010 4
71 11011000 4

03 11010001 4
14 00010000 1
25 01110110 5
36 01000100 2
47 00110111 5
50 10100110 4
61 00001111 4
72 01101101 5

04 01110101 5
15 11000011 4
26 10111010 5
37 10010011 4
40 01110101 5
51 11000011 4
62 10111010 5
73 10010011 4

05 10100110 4
16 00001111 4
27 01101101 5
30 11010001 4
41 00010000 1
52 01110110 5
63 01000100 2
74 00110111 5

06 01101010 4
17 11011000 4
20 00101111 5
31 10110100 4
42 10100101 4
53 10001000 2
64 11100000 3
75 11100100 4

07 10111101 6
10 10011010 4
21 01001010 3
32 00000001 1
43 01011011 5
54 00101100 3
65 00110011 4
76 00101000 2

Matching output
0 absent
1 absent
2 absent
3 absent
4 absent
5 absent
6 absent
7 absent

Left
none
Best: none

Right
none
Best: none

Selecting

Lefts
Identity none
NOT none
Constant none
AND none
OR none
XOR none
AND-NOT AND-NOT75 06 17: 3
OR-NOT none
XOR-NOT none

Rights
Identity I6 5 4 3 2: 5
NOT none
Constant none
AND none
OR none
XOR none
AND-NOT none
OR-NOT OR-NOT67: 1
XOR-NOT none

Left longest: 3
Right longest: 5

Right winner: Identity yes, NOT no, Constant no, AND no, OR no, XOR no, AND-NOT no, OR-NOT no, XOR-NOT no
Left winner: Identity no, NOT no, Constant no, AND no, OR no, XOR no, AND-NOT yes, OR-NOT no, XOR-NOT no

Best right: I6 5 4 3 2: 5
Best left: AND-NOT75 06 17: 3

Truncated right: I6 5 4 3 2: 5
Truncated left: AND-NOT75 06 17: 3

Tentative from right
7 I6
6 I5
5 I4
4 I3
3 I2
2 pending
1 pending
0 pending

Tentative
0 AND-NOT75
1 AND-NOT06
2 AND-NOT17
3 I2
4 I3
5 I4
6 I5
7 I6

Preferred from right
7 I6
6 I5
5 I4
4 I3
3 I2
2 AND-NOT17
1 AND-NOT06
0 AND-NOT75

Preferred from left
0 AND-NOT75
1 AND-NOT06
2 AND-NOT17
3 I2
4 I3
5 I4
6 I5
7 I6

Preferred
0 AND-NOT75
1 AND-NOT06
2 AND-NOT17
3 I2
4 I3
5 I4
6 I5
7 I6

Matching
0 AND-NOT75
1 AND-NOT06
2 AND-NOT17
3 I2
4 I3
5 I4
6 I5
7 I6

Perfect match
Identity no
NOT no
Constant no
AND no
OR no
XOR no
AND-NOT no
OR-NOT no
XOR-NOT no

Matched
0 AND-NOT75
1 AND-NOT06
2 AND-NOT17
3 I2
4 I3
5 I4
6 I5
7 I6

Selected
0 AND-NOT75
1 AND-NOT06
2 AND-NOT17
3 I2
4 I3
5 I4
6 I5
7 I6

Applying to 11111101
Input
0 1
1 1
2 1
3 1
4 1
5 1
6 0
7 1
Output
0 AND-NOT75 = AND(1,NOT(1)) = 0
1 AND-NOT06 = AND(1,NOT(0)) = 1
2 AND-NOT17 = AND(1,NOT(1)) = 0
3 I2 = 1
4 I3 = 1
5 I4 = 1
6 I5 = 1
7 I6 = 0

I will now return the answer in \boxed{}
The answer in \boxed is
\boxed{01011110}