We need to deduce the transformation by matching the example outputs.
I will put my final answer inside \boxed{}.

Output 0: 00000001
0 0
1 0
2 0
3 0
4 0
5 0
6 0
7 1

Output 1: 00000101
0 0
1 0
2 0
3 0
4 0
5 1
6 0
7 1

Output 2: 00000111
0 0
1 0
2 0
3 0
4 0
5 1
6 1
7 1

Output 3: 10000010
0 1
1 0
2 0
3 0
4 0
5 0
6 1
7 0

Output 4: 00000011
0 0
1 0
2 0
3 0
4 0
5 0
6 1
7 1

Output 5: 00000111
0 0
1 0
2 0
3 0
4 0
5 1
6 1
7 1

Output 6: 00000100
0 0
1 0
2 0
3 0
4 0
5 1
6 0
7 0

Output 7: 10000100
0 1
1 0
2 0
3 0
4 0
5 1
6 0
7 0

Output 8: 00000101
0 0
1 0
2 0
3 0
4 0
5 1
6 0
7 1

Output 9: 10000011
0 1
1 0
2 0
3 0
4 0
5 0
6 1
7 1

Output bit columns (with bitsum as hash)
0 0001000101 3
1 0000000000 a
2 0000000000 a
3 0000000000 a
4 0000000000 a
5 0110011110 6
6 0011110001 5
7 1110110011 7

Input 0: 00111100
0 0
1 0
2 1
3 1
4 1
5 1
6 0
7 0

Input 1: 10101100
0 1
1 0
2 1
3 0
4 1
5 1
6 0
7 0

Input 2: 11100000
0 1
1 1
2 1
3 0
4 0
5 0
6 0
7 0

Input 3: 01011011
0 0
1 1
2 0
3 1
4 1
5 0
6 1
7 1

Input 4: 01111010
0 0
1 1
2 1
3 1
4 1
5 0
6 1
7 0

Input 5: 11100010
0 1
1 1
2 1
3 0
4 0
5 0
6 1
7 0

Input 6: 10001110
0 1
1 0
2 0
3 0
4 1
5 1
6 1
7 0

Input 7: 10010101
0 1
1 0
2 0
3 1
4 0
5 1
6 0
7 1

Input 8: 10100100
0 1
1 0
2 1
3 0
4 0
5 1
6 0
7 0

Input 9: 01111101
0 0
1 1
2 1
3 1
4 1
5 1
6 0
7 1

When matching output
x: not in operator
y: wrong position

Identity
0 0110011110 6 match 5
1 0011110001 5 match 6
2 1110110011 7 match 7
3 1001100101 5
4 1101101001 6
5 1100001111 6
6 0001111000 4
7 0001000101 3 match 0

Matching output
0 7
1 absent
2 absent
3 absent
4 absent
5 0
6 1
7 2

Left
7 0y
Best: I7: 1

Right
2 1 0 7y
Best: I2 1 0: 3

NOT
0 1001100001 4
1 1100001110 5
2 0001001100 3
3 0110011010 5
4 0010010110 4
5 0011110000 4
6 1110000111 6
7 1110111010 7

Matching output
0 absent
1 absent
2 absent
3 absent
4 absent
5 absent
6 absent
7 absent

Left
none
Best: none

Right
none
Best: none

Constant
0 0000000000 a match 1 2 3 4
1 1111111111 a

Matching output
0 absent
1 C0
2 C0
3 C0
4 C0
5 absent
6 absent
7 absent

Left
none
Best: none

Right
none
Best: none

AND
01 10 0010010000 2
12 21 0010110001 4
23 32 1000100001 3
34 43 1001100001 4
45 54 1100001001 4
56 65 0000001000 1
67 76 0001000000 1
70 07 0000000100 1

02 20 0110010010 4
13 31 0001100001 3
24 42 1100100001 4
35 53 1000000101 3
46 64 0001101000 3
57 75 0000000101 2
60 06 0000011000 2
71 17 0001000001 2

03 30 0000000100 1
14 41 0001100001 3
25 52 1100000011 4
36 63 0001100000 2
47 74 0001000001 2
50 05 0100001110 4
61 16 0001110000 3
72 27 0000000001 1

04 40 0100001000 2
15 51 0000000001 1
26 62 0000110000 2
37 73 0001000101 3 match 0

Matching output
0 37 73
1 absent
2 absent
3 absent
4 absent
5 absent
6 absent
7 absent

Left
37 40x
73 04x
Best: AND37: 1

Right
none
Best: none

OR
01 10 0111111111 9
12 21 1111110011 8
23 32 1111110111 9
34 43 1101101101 7
45 54 1101101111 8
56 65 1101111111 9
67 76 0001111101 6
70 07 0111011111 8

02 20 1110111111 9
13 31 1011110101 7
24 42 1111111011 9
35 53 1101101111 8
46 64 1101111001 7
57 75 1101001111 7
60 06 0111111110 8
71 17 0011110101 6

03 30 1111111111 a
14 41 1111111001 8
25 52 1110111111 9
36 63 1001111101 7
47 74 1101101101 7
50 05 1110011111 8
61 16 0011111001 6
72 27 1111110111 9

04 40 1111111111 a
15 51 1111111111 a
26 62 1111111011 9
37 73 1001100101 5

Matching output
0 absent
1 absent
2 absent
3 absent
4 absent
5 absent
6 absent
7 absent

Left
none
Best: none

Right
none
Best: none

XOR
01 10 0101101111 7
12 21 1101000010 4
23 32 0111010110 6
34 43 0100001100 3
45 54 0001100110 4
56 65 1101110111 8
67 76 0000111101 5
70 07 0111011011 7

02 20 1000101101 5
13 31 1010010100 4
24 42 0011011010 5
35 53 0101101010 5
46 64 1100010001 4
57 75 1101001010 5
60 06 0111100110 6
71 17 0010110100 4

03 30 1111111011 9
14 41 1110011000 5
25 52 0010111100 5
36 63 1000011101 5
47 74 1100101100 5
50 05 1010010001 4
61 16 0010001001 3
72 27 1111110110 8

04 40 1011110111 8
15 51 1111111110 9
26 62 1111001011 7
37 73 1000100000 2

Matching output
0 absent
1 absent
2 absent
3 absent
4 absent
5 absent
6 absent
7 absent

Left
none
Best: none

Right
none
Best: none

AND-NOT
01 0100001110 4
12 0001000000 1
23 0110010010 4
34 0000000100 1
45 0001100000 2
56 1100000111 5
67 0000111000 3
70 0001000001 2

02 0000001100 2
13 0010010000 2
24 0010010010 3
35 0001100000 2
46 1100000001 3
57 1100001010 4
60 0001100000 2
71 0000000100 1

03 0110011010 5
14 0010010000 2
25 0010110000 3
36 1000000101 3
47 1100101000 4
50 1000000001 2
61 0000001000 1
72 0001000100 2

04 0010010110 4
15 0011110000 4
26 1110000011 5
37 1000100000 2
40 1001100001 4
51 1100001110 5
62 0001001000 2
73 0000000000 a match 1 2 3 4

05 0010010000 2
16 0010000001 2
27 1110110010 6
30 1001100001 4
41 1100001000 3
52 0000001100 2
63 0000011000 2
74 0000000100 1

06 0110000110 4
17 0010110000 3
20 1000100001 3
31 1000000100 2
42 0001001000 2
53 0100001010 3
64 0000010000 1
75 0001000000 1

07 0110011010 5
10 0001100001 3
21 1100000010 3
32 0001000100 2
43 0100001000 2
54 0000000110 2
65 0001110000 3
76 0000000101 2

Matching output
0 absent
1 73
2 73
3 73
4 73
5 absent
6 absent
7 absent

Left
none
Best: none

Right
none
Best: none

OR-NOT
01 1110011110 7
12 0011111101 7
23 1110111011 8
34 1011110111 8
45 1111111001 8
56 1110001111 7
67 1111111010 8
70 1001100101 5

02 0111011110 7
13 0111111011 8
24 1110110111 8
35 1011110101 7
46 1111101111 9
57 1110111111 9
60 1001111001 6
71 1101001111 7

03 0110011110 6 match 5
14 0011110111 7
25 1111110011 8
36 1111100111 8
47 1111111011 9
50 1101101111 8
61 1101111110 8
72 0001001101 4

04 0110011110 6 match 5
15 0011110001 5 match 6
26 1110110111 8
37 1111111111 a
40 1101101001 6
51 1100001111 6
62 0001111100 5
73 0111011111 8

05 0111111110 8
16 1111110111 9
27 1110111011 8
30 1001100101 5
41 1101101111 8
52 1101001111 7
63 0111111010 7
74 0011010111 6

06 1110011111 8
17 1111111011 9
20 1111110011 8
31 1101101111 8
42 1101101101 7
53 1110011111 8
64 0011111110 7
75 0011110101 6

07 1110111110 8
10 1011110001 6
21 1110111111 9
32 1001101101 6
43 1111111011 9
54 1110011111 8
65 0011111000 5
76 1111000111 7

Matching output
0 absent
1 absent
2 absent
3 absent
4 absent
5 03 04
6 15
7 absent

Left
none
Best: none

Right
none
Best: none

XOR-NOT
01 1010010000 3
12 0010111101 6
23 1000101001 4
34 1011110011 7
45 1110011001 6
56 0010001000 2
67 1111000010 5
70 1000100100 3

02 0111010010 5
13 0101101011 6
24 1100100101 5
35 1010010101 5
46 0011101110 6
57 0010110101 5
60 1000011001 4
71 1101001011 6

03 0000000100 1
14 0001100111 5
25 1101000011 5
36 0111100010 5
47 0011010011 5
50 0101101110 6
61 1101110110 7
72 0000001001 2

04 0100001000 2
15 0000000001 1
26 0000110100 3
37 0111011111 8
40 0100001000 2
51 0000000001 1
62 0000110100 3
73 0111011111 8

05 0101101110 6
16 1101110110 7
27 0000001001 2
30 0000000100 1
41 0001100111 5
52 1101000011 5
63 0111100010 5
74 0011010011 5

06 1000011001 4
17 1101001011 6
20 0111010010 5
31 0101101011 6
42 1100100101 5
53 1010010101 5
64 0011101110 6
75 0010110101 5

07 1000100100 3
10 1010010000 3
21 0010111101 6
32 1000101001 4
43 1011110011 7
54 1110011001 6
65 0010001000 2
76 1111000010 5

Matching output
0 absent
1 absent
2 absent
3 absent
4 absent
5 absent
6 absent
7 absent

Left
none
Best: none

Right
none
Best: none

Selecting

Lefts
Identity I7: 1
NOT none
Constant none
AND AND37: 1
OR none
XOR none
AND-NOT none
OR-NOT none
XOR-NOT none

Rights
Identity I2 1 0: 3
NOT none
Constant none
AND none
OR none
XOR none
AND-NOT none
OR-NOT none
XOR-NOT none

Left longest: 1
Right longest: 3

Right winner: Identity yes, NOT no, Constant no, AND no, OR no, XOR no, AND-NOT no, OR-NOT no, XOR-NOT no
Left winner: Identity yes, NOT no, Constant no, AND no, OR no, XOR no, AND-NOT no, OR-NOT no, XOR-NOT no

Best right: I2 1 0: 3
Best left: I7: 1

Truncated right: I2 1 0: 3
Truncated left: I7: 1

Tentative from right
7 I2
6 I1
5 I0
4 pending
3 pending
2 pending
1 pending
0 pending

Tentative
0 I7
1 pending
2 pending
3 pending
4 pending
5 I0
6 I1
7 I2

Preferred from right
7 I2
6 I1
5 I0
4 ??7
3 ??6
2 ??5
1 ??4
0 I7

Preferred from left
0 I7
1 ?04
2 ?15
3 ?26
4 ?37
5 I0
6 I1
7 I2

Preferred
0 I7
1 ?04 ?40
2 ?15 ?51
3 ?26 ?62
4 ?37 ?73
5 I0
6 I1
7 I2

Matching
0 I7
1 ?04 ?40 - Identity absent, NOT absent, Constant C0, AND absent, OR absent, XOR absent, AND-NOT absent, OR-NOT absent, XOR-NOT absent
2 ?15 ?51 - Identity absent, NOT absent, Constant C0, AND absent, OR absent, XOR absent, AND-NOT absent, OR-NOT absent, XOR-NOT absent
3 ?26 ?62 - Identity absent, NOT absent, Constant C0, AND absent, OR absent, XOR absent, AND-NOT absent, OR-NOT absent, XOR-NOT absent
4 ?37 ?73 - Identity absent, NOT absent, Constant C0, AND absent, OR absent, XOR absent, AND-NOT73, OR-NOT absent, XOR-NOT absent
5 I0
6 I1
7 I2

Perfect match
Identity no
NOT no
Constant yes
AND no
OR no
XOR no
AND-NOT no
OR-NOT no
XOR-NOT no

Matched
0 I7
1 C0
2 C0
3 C0
4 C0
5 I0
6 I1
7 I2

Selected
0 I7
1 C0
2 C0
3 C0
4 C0
5 I0
6 I1
7 I2

Applying to 10111110
Input
0 1
1 0
2 1
3 1
4 1
5 1
6 1
7 0
Output
0 I7 = 0
1 C0 = 0
2 C0 = 0
3 C0 = 0
4 C0 = 0
5 I0 = 1
6 I1 = 0
7 I2 = 1

I will now return the answer in \boxed{}
The answer in \boxed is
\boxed{00000101}