We need to deduce the transformation by matching the example outputs.
I will put my final answer inside \boxed{}.

Output 0: 10000000
0 1
1 0
2 0
3 0
4 0
5 0
6 0
7 0

Output 1: 01000001
0 0
1 1
2 0
3 0
4 0
5 0
6 0
7 1

Output 2: 11000000
0 1
1 1
2 0
3 0
4 0
5 0
6 0
7 0

Output 3: 00000000
0 0
1 0
2 0
3 0
4 0
5 0
6 0
7 0

Output 4: 01000000
0 0
1 1
2 0
3 0
4 0
5 0
6 0
7 0

Output 5: 00000000
0 0
1 0
2 0
3 0
4 0
5 0
6 0
7 0

Output 6: 10000010
0 1
1 0
2 0
3 0
4 0
5 0
6 1
7 0

Output 7: 01000000
0 0
1 1
2 0
3 0
4 0
5 0
6 0
7 0

Output bit columns (with bitsum as hash)
0 10100010 3
1 01101001 4
2 00000000 a
3 00000000 a
4 00000000 a
5 00000000 a
6 00000010 1
7 01000000 1

Input 0: 10110100
0 1
1 0
2 1
3 1
4 0
5 1
6 0
7 0

Input 1: 01111011
0 0
1 1
2 1
3 1
4 1
5 0
6 1
7 1

Input 2: 00011110
0 0
1 0
2 0
3 1
4 1
5 1
6 1
7 0

Input 3: 00000011
0 0
1 0
2 0
3 0
4 0
5 0
6 1
7 1

Input 4: 10101010
0 1
1 0
2 1
3 0
4 1
5 0
6 1
7 0

Input 5: 10100100
0 1
1 0
2 1
3 0
4 0
5 1
6 0
7 0

Input 6: 11011100
0 1
1 1
2 0
3 1
4 1
5 1
6 0
7 0

Input 7: 00101110
0 0
1 0
2 1
3 0
4 1
5 1
6 1
7 0

When matching output
x: not in operator
y: wrong position

Identity
0 10001110 4
1 01000010 2
2 11001101 5
3 11100010 4
4 01101011 5
5 10100111 5
6 01111001 5
7 01010000 2

Matching output
0 absent
1 absent
2 absent
3 absent
4 absent
5 absent
6 absent
7 absent

Left
none
Best: none

Right
none
Best: none

NOT
0 01110001 4
1 10111101 6
2 00110010 3
3 00011101 4
4 10010100 3
5 01011000 3
6 10000110 3
7 10101111 6

Matching output
0 absent
1 absent
2 absent
3 absent
4 absent
5 absent
6 absent
7 absent

Left
none
Best: none

Right
none
Best: none

Constant
0 00000000 a match 2 3 4 5
1 11111111 a

Matching output
0 absent
1 absent
2 C0
3 C0
4 C0
5 C0
6 absent
7 absent

Left
none
Best: none

Right
none
Best: none

AND
01 10 00000010 1 match 6
12 21 01000000 1 match 7
23 32 11000000 2
34 43 01100010 3
45 54 00100011 3
56 65 00100001 2
67 76 01010000 2
70 07 00000000 a match 2 3 4 5

02 20 10001100 3
13 31 01000010 2
24 42 01001001 3
35 53 10100010 3 match 0
46 64 01101001 4 match 1
57 75 00000000 a match 2 3 4 5
60 06 00001000 1
71 17 01000000 1 match 7

03 30 10000010 2
14 41 01000010 2
25 52 10000101 3
36 63 01100000 2
47 74 01000000 1 match 7
50 05 10000110 3
61 16 01000000 1 match 7
72 27 01000000 1 match 7

04 40 00001010 2
15 51 00000010 1 match 6
26 62 01001001 3
37 73 01000000 1 match 7

Matching output
0 35 53
1 46 64
2 70 07 57 75
3 70 07 57 75
4 70 07 57 75
5 70 07 57 75
6 01 10 15 51
7 12 21 71 17 47 74 61 16 72 27 37 73

Left
35 46 57 60x
53 64 75 06x
Best: AND35 46 57: 3

Right
12 01 70 67x
21 10 07 76x
71 60x
17 06x
47 36x
74 63x
61 50x
16 05x
72 61y
27 16y
37 26x
73 62x
Best: AND12 01 70: 3

OR
01 10 11001110 5
12 21 11001111 6
23 32 11101111 7
34 43 11101011 6
45 54 11101111 7
56 65 11111111 a
67 76 01111001 5
70 07 11011110 6

02 20 11001111 6
13 31 11100010 4
24 42 11101111 7
35 53 11100111 6
46 64 01111011 6
57 75 11110111 7
60 06 11111111 a
71 17 01010010 3

03 30 11101110 6
14 41 01101011 5
25 52 11101111 7
36 63 11111011 7
47 74 01111011 6
50 05 10101111 6
61 16 01111011 6
72 27 11011101 6

04 40 11101111 7
15 51 11100111 6
26 62 11111101 7
37 73 11110010 5

Matching output
0 absent
1 absent
2 absent
3 absent
4 absent
5 absent
6 absent
7 absent

Left
none
Best: none

Right
none
Best: none

XOR
01 10 11001100 4
12 21 10001111 5
23 32 00101111 5
34 43 10001001 3
45 54 11001100 4
56 65 11011110 6
67 76 00101001 3
70 07 11011110 6

02 20 01000011 3
13 31 10100000 2
24 42 10100110 4
35 53 01000101 3
46 64 00010010 2
57 75 11110111 7
60 06 11110111 7
71 17 00010010 2

03 30 01101100 4
14 41 00101001 3
25 52 01101010 4
36 63 10011011 5
47 74 00111011 5
50 05 00101001 3
61 16 00111011 5
72 27 10011101 5

04 40 11100101 5
15 51 11100101 5
26 62 10110100 4
37 73 10110010 4

Matching output
0 absent
1 absent
2 absent
3 absent
4 absent
5 absent
6 absent
7 absent

Left
none
Best: none

Right
none
Best: none

AND-NOT
01 10001100 3
12 00000010 1 match 6
23 00001101 3
34 10000000 1
45 01001000 2
56 10000110 3
67 00101001 3
70 01010000 2

02 00000010 1 match 6
13 00000000 a match 2 3 4 5
24 10000100 2
35 01000000 1 match 7
46 00000010 1 match 6
57 10100111 5
60 01110001 4
71 00010000 1

03 00001100 2
14 00000000 a match 2 3 4 5
25 01001000 2
36 10000010 2
47 00101011 4
50 00100001 2
61 00111001 4
72 00010000 1

04 10000100 2
15 01000000 1 match 7
26 10000100 2
37 10100010 3 match 0
40 01100001 3
51 10100101 4
62 00110000 2
73 00010000 1

05 00001000 1
16 00000010 1 match 6
27 10001101 4
30 01100000 2
41 00101001 3
52 00100010 2
63 00011001 3
74 00010000 1

06 10000110 3
17 00000010 1 match 6
20 01000001 2
31 10100000 2
42 00100010 2
53 00000101 2
64 00010000 1
75 01010000 2

07 10001110 4
10 01000000 1 match 7
21 10001101 4
32 00100010 2
43 00001001 2
54 10000100 2
65 01011000 3
76 00000000 a match 2 3 4 5

Matching output
0 37
1 absent
2 13 14 76
3 13 14 76
4 13 14 76
5 13 14 76
6 12 02 46 16 17
7 35 15 10

Left
37 40x
Best: AND-NOT37: 1

Right
35 24x
15 04x
10 07x
Best: AND-NOT35: 1

OR-NOT
01 10111111 7
12 01110010 4
23 11011101 6
34 11110110 6
45 01111011 6
56 10100111 5
67 11111111 a
70 01110001 4

02 10111110 6
13 01011111 6
24 11011101 6
35 11111010 6
46 11101111 7
57 10101111 6
60 01111001 5
71 11111101 7

03 10011111 6
14 11010110 5
25 11011101 6
36 11100110 5
47 11101111 7
50 11110111 7
61 11111101 7
72 01110010 4

04 10011110 5
15 01011010 4
26 11001111 6
37 11101111 7
40 01111011 6
51 10111111 7
62 01111011 6
73 01011101 5

05 11011110 6
16 11000110 4
27 11101111 7
30 11110011 6
41 11111111 a
52 10110111 6
63 01111101 6
74 11010100 4

06 10001110 4
17 11101111 7
20 11111101 7
31 11111111 a
42 01111011 6
53 10111111 7
64 11111101 7
75 01011000 3

07 10101111 6
10 01110011 5
21 11111101 7
32 11110010 5
43 01111111 7
54 10110111 6
65 01111001 5
76 11010110 5

Matching output
0 absent
1 absent
2 absent
3 absent
4 absent
5 absent
6 absent
7 absent

Left
none
Best: none

Right
none
Best: none

XOR-NOT
01 00110011 4
12 01110000 3
23 11010000 3
34 01110110 5
45 00110011 4
56 00100001 2
67 11010110 5
70 00100001 2

02 10111100 5
13 01011111 6
24 01011001 4
35 10111010 5
46 11101101 6
57 00001000 1
60 00001000 1
71 11101101 6

03 10010011 4
14 11010110 5
25 10010101 4
36 01100100 3
47 11000100 3
50 11010110 5
61 11000100 3
72 01100010 3

04 00011010 3
15 00011010 3
26 01001011 4
37 01001101 4
40 00011010 3
51 00011010 3
62 01001011 4
73 01001101 4

05 11010110 5
16 11000100 3
27 01100010 3
30 10010011 4
41 11010110 5
52 10010101 4
63 01100100 3
74 11000100 3

06 00001000 1
17 11101101 6
20 10111100 5
31 01011111 6
42 01011001 4
53 10111010 5
64 11101101 6
75 00001000 1

07 00100001 2
10 00110011 4
21 01110000 3
32 11010000 3
43 01110110 5
54 00110011 4
65 00100001 2
76 11010110 5

Matching output
0 absent
1 absent
2 absent
3 absent
4 absent
5 absent
6 absent
7 absent

Left
none
Best: none

Right
none
Best: none

Selecting

Lefts
Identity none
NOT none
Constant none
AND AND35 46 57: 3
OR none
XOR none
AND-NOT AND-NOT37: 1
OR-NOT none
XOR-NOT none

Rights
Identity none
NOT none
Constant none
AND AND12 01 70: 3
OR none
XOR none
AND-NOT AND-NOT35: 1
OR-NOT none
XOR-NOT none

Left longest: 3
Right longest: 3

Left winner: Identity no, NOT no, Constant no, AND yes, OR no, XOR no, AND-NOT no, OR-NOT no, XOR-NOT no
Right winner: Identity no, NOT no, Constant no, AND yes, OR no, XOR no, AND-NOT no, OR-NOT no, XOR-NOT no

Best left: AND35 46 57: 3
Best right: AND12 01 70: 3

Truncated left: AND35 46 57: 3
Truncated right: AND12 01 70: 3

Tentative from right
7 AND12
6 AND01
5 AND70
4 pending
3 pending
2 pending
1 pending
0 pending

Tentative
0 AND35
1 AND46
2 AND57
3 pending
4 pending
5 AND70
6 AND01
7 AND12

Preferred from left
0 AND35
1 AND46
2 AND57
3 ?60
4 ?71
5 AND70
6 AND01
7 AND12

Preferred from right
7 AND12
6 AND01
5 AND70
4 ?71
3 ?60
2 AND57
1 AND46
0 AND35

Preferred
0 AND35
1 AND46
2 AND57
3 ?60 ?06
4 ?71 ?17
5 AND70
6 AND01
7 AND12

Matching
0 AND35
1 AND46
2 AND57
3 ?60 ?06 - Identity absent, NOT absent, Constant C0, AND absent, OR absent, XOR absent, AND-NOT absent, OR-NOT absent, XOR-NOT absent
4 ?71 ?17 - Identity absent, NOT absent, Constant C0, AND absent, OR absent, XOR absent, AND-NOT absent, OR-NOT absent, XOR-NOT absent
5 AND70
6 AND01
7 AND12

Perfect match
Identity no
NOT no
Constant yes
AND no
OR no
XOR no
AND-NOT no
OR-NOT no
XOR-NOT no

Matched
0 AND35
1 AND46
2 AND57
3 C0
4 C0
5 AND70
6 AND01
7 AND12


Reselect (whole-word coverage)
0 AND35
1 AND46
2 C0
3 C0
4 C0
5 C0
6 AND01
7 AND12
Selected
0 AND35
1 AND46
2 C0
3 C0
4 C0
5 C0
6 AND01
7 AND12

Applying to 10111011
Input
0 1
1 0
2 1
3 1
4 1
5 0
6 1
7 1
Output
0 AND35 = AND(1,0) = 0
1 AND46 = AND(1,1) = 1
2 C0 = 0
3 C0 = 0
4 C0 = 0
5 C0 = 0
6 AND01 = AND(1,0) = 0
7 AND12 = AND(0,1) = 0

I will now return the answer in \boxed{}
The answer in \boxed is
\boxed{01000000}