We need to deduce the transformation by matching the example outputs.
I will put my final answer inside \boxed{}.

Output 0: 10100111
0 1
1 0
2 1
3 0
4 0
5 1
6 1
7 1

Output 1: 00001111
0 0
1 0
2 0
3 0
4 1
5 1
6 1
7 1

Output 2: 00100110
0 0
1 0
2 1
3 0
4 0
5 1
6 1
7 0

Output 3: 01001101
0 0
1 1
2 0
3 0
4 1
5 1
6 0
7 1

Output 4: 01100011
0 0
1 1
2 1
3 0
4 0
5 0
6 1
7 1

Output 5: 00101111
0 0
1 0
2 1
3 0
4 1
5 1
6 1
7 1

Output 6: 10101111
0 1
1 0
2 1
3 0
4 1
5 1
6 1
7 1

Output 7: 10001111
0 1
1 0
2 0
3 0
4 1
5 1
6 1
7 1

Output bit columns (with bitsum as hash)
0 10000011 3
1 00011000 2
2 10101110 5
3 00000000 a
4 01010111 5
5 11110111 7
6 11101111 7
7 11011111 7

Input 0: 11101100
0 1
1 1
2 1
3 0
4 1
5 1
6 0
7 0

Input 1: 11011000
0 1
1 1
2 0
3 1
4 1
5 0
6 0
7 0

Input 2: 11010101
0 1
1 1
2 0
3 1
4 0
5 1
6 0
7 1

Input 3: 00101111
0 0
1 0
2 1
3 0
4 1
5 1
6 1
7 1

Input 4: 01011001
0 0
1 1
2 0
3 1
4 1
5 0
6 0
7 1

Input 5: 11110101
0 1
1 1
2 1
3 1
4 0
5 1
6 0
7 1

Input 6: 11100101
0 1
1 1
2 1
3 0
4 0
5 1
6 0
7 1

Input 7: 01100101
0 0
1 1
2 1
3 0
4 0
5 1
6 0
7 1

When matching output
x: not in operator
y: wrong position

Identity
0 11100110 5
1 11101111 7 match 6
2 10010111 5
3 01101100 4
4 11011000 4
5 10110111 6
6 00010000 1
7 00111111 6

Matching output
0 absent
1 absent
2 absent
3 absent
4 absent
5 absent
6 1
7 absent

Left
none
Best: none

Right
none
Best: none

NOT
0 00011001 3
1 00010000 1
2 01101000 3
3 10010011 4
4 00100111 4
5 01001000 2
6 11101111 7 match 6
7 11000000 2

Matching output
0 absent
1 absent
2 absent
3 absent
4 absent
5 absent
6 6
7 absent

Left
none
Best: none

Right
none
Best: none

Constant
0 00000000 a match 3
1 11111111 a

Matching output
0 absent
1 absent
2 absent
3 C0
4 absent
5 absent
6 absent
7 absent

Left
none
Best: none

Right
none
Best: none

AND
01 10 11100110 5
12 21 10000111 4
23 32 00000100 1
34 43 01001000 2
45 54 10010000 2
56 65 00010000 1
67 76 00010000 1
70 07 00100110 3

02 20 10000110 3
13 31 01101100 4
24 42 10010000 2
35 53 00100100 2
46 64 00010000 1
57 75 00110111 5
60 06 00000000 a match 3
71 17 00101111 5

03 30 01100100 3
14 41 11001000 3
25 52 10010111 5
36 63 00000000 a match 3
47 74 00011000 2 match 1
50 05 10100110 4
61 16 00000000 a match 3
72 27 00010111 4

04 40 11000000 2
15 51 10100111 5
26 62 00010000 1
37 73 00101100 3

Matching output
0 absent
1 47 74
2 absent
3 60 06 36 63 61 16
4 absent
5 absent
6 absent
7 absent

Left
none
Best: none

Right
none
Best: none

OR
01 10 11101111 7 match 6
12 21 11111111 a
23 32 11111111 a
34 43 11111100 6
45 54 11111111 a
56 65 10110111 6
67 76 00111111 6
70 07 11111111 a

02 20 11110111 7 match 5
13 31 11101111 7 match 6
24 42 11011111 7 match 7
35 53 11111111 a
46 64 11011000 4
57 75 10111111 7
60 06 11110110 6
71 17 11111111 a

03 30 11101110 6
14 41 11111111 a
25 52 10110111 6
36 63 01111100 5
47 74 11111111 a
50 05 11110111 7 match 5
61 16 11111111 a
72 27 10111111 7

04 40 11111110 7
15 51 11111111 a
26 62 10010111 5
37 73 01111111 7

Matching output
0 absent
1 absent
2 absent
3 absent
4 absent
5 02 20 50 05
6 01 10 13 31
7 24 42

Left
none
Best: none

Right
24 13 02 71x
42 31 20 17x
Best: OR24 13 02: 3

XOR
01 10 00001001 2
12 21 01111000 4
23 32 11111011 7
34 43 10110100 4
45 54 01101111 6
56 65 10100111 5
67 76 00101111 5
70 07 11011001 5

02 20 01110001 4
13 31 10000011 3 match 0
24 42 01001111 5
35 53 11011011 6
46 64 11001000 3
57 75 10001000 2
60 06 11110110 6
71 17 11010000 3

03 30 10001010 3
14 41 00110111 5
25 52 00100000 1
36 63 01111100 5
47 74 11100111 6
50 05 01010001 3
61 16 11111111 a
72 27 10101000 3

04 40 00111110 5
15 51 01011000 3
26 62 10000111 4
37 73 01010011 4

Matching output
0 13 31
1 absent
2 absent
3 absent
4 absent
5 absent
6 absent
7 absent

Left
13 24x
31 42x
Best: XOR13: 1

Right
none
Best: none

AND-NOT
01 00000000 a match 3
12 01101000 3
23 10010011 4
34 00100100 2
45 01001000 2
56 10100111 5
67 00000000 a match 3
70 00011001 3

02 01100000 2
13 10000011 3 match 0
24 00000111 3
35 01001000 2
46 11001000 3
57 10000000 1
60 00010000 1
71 00010000 1

03 10000010 2
14 00100111 4
25 00000000 a match 3
36 01101100 4
47 11000000 2
50 00010001 2
61 00010000 1
72 00101000 2

04 00100110 3
15 01001000 2
26 10000111 4
37 01000000 1
40 00011000 2 match 1
51 00010000 1
62 00000000 a match 3
73 00010011 3

05 01000000 1
16 11101111 7 match 6
27 10000000 1
30 00001000 1
41 00010000 1
52 00100000 1
63 00010000 1
74 00100111 4

06 11100110 5
17 11000000 2
20 00010001 2
31 00000000 a match 3
42 01001000 2
53 10010011 4
64 00000000 a match 3
75 00001000 1

07 11000000 2
10 00001001 2
21 00010000 1
32 01101000 3
43 10010000 2
54 00100111 4
65 00000000 a match 3
76 00101111 5

Matching output
0 13
1 40
2 absent
3 01 67 25 62 31 64 65
4 absent
5 absent
6 16
7 absent

Left
13 24x
Best: AND-NOT13: 1

Right
none
Best: none

OR-NOT
01 11110110 6
12 11101111 7 match 6
23 10010111 5
34 01101111 6
45 11011000 4
56 11111111 a
67 11010000 3
70 00111111 6

02 11101110 6
13 11111111 a
24 10110111 6
35 01101100 4
46 11111111 a
57 11110111 7 match 5
60 00011001 3
71 00111111 6

03 11110111 7 match 5
14 11101111 7 match 6
25 11011111 7 match 7
36 11101111 7 match 6
47 11011000 4
50 10111111 7
61 00010000 1
72 01111111 7

04 11100111 6
15 11101111 7 match 6
26 11111111 a
37 11101100 5
40 11011001 5
51 10110111 6
62 01111000 4
73 10111111 7

05 11101110 6
16 11101111 7 match 6
27 11010111 6
30 01111101 6
41 11011000 4
52 11111111 a
63 10010011 4
74 00111111 6

06 11101111 7 match 6
17 11101111 7 match 6
20 10011111 6
31 01111100 5
42 11111000 5
53 10110111 6
64 00110111 5
75 01111111 7

07 11100110 5
10 11111111 a
21 10010111 5
32 01101100 4
43 11011011 6
54 10110111 6
65 01011000 3
76 11111111 a

Matching output
0 absent
1 absent
2 absent
3 absent
4 absent
5 57 03
6 12 14 36 15 16 06 17
7 25

Left
none
Best: none

Right
25 14 03 72x
Best: OR-NOT25 14 03: 3

XOR-NOT
01 11110110 6
12 10000111 4
23 00000100 1
34 01001011 4
45 10010000 2
56 01011000 3
67 11010000 3
70 00100110 3

02 10001110 4
13 01111100 5
24 10110000 3
35 00100100 2
46 00110111 5
57 01110111 6
60 00001001 2
71 00101111 5

03 01110101 5
14 11001000 3
25 11011111 7 match 7
36 10000011 3 match 0
47 00011000 2 match 1
50 10101110 5 match 2
61 00000000 a match 3
72 01010111 5 match 4

04 11000001 3
15 10100111 5
26 01111000 4
37 10101100 4
40 11000001 3
51 10100111 5
62 01111000 4
73 10101100 4

05 10101110 5 match 2
16 00000000 a match 3
27 01010111 5 match 4
30 01110101 5
41 11001000 3
52 11011111 7 match 7
63 10000011 3 match 0
74 00011000 2 match 1

06 00001001 2
17 00101111 5
20 10001110 4
31 01111100 5
42 10110000 3
53 00100100 2
64 00110111 5
75 01110111 6

07 00100110 3
10 11110110 6
21 10000111 4
32 00000100 1
43 01001011 4
54 10010000 2
65 01011000 3
76 11010000 3

Matching output
0 36 63
1 47 74
2 50 05
3 61 16
4 72 27
5 absent
6 absent
7 25 52

Left
36 47 50 61 72 03x
63 74 05 16 27 30x
Best: XOR-NOT36 47 50 61 72: 5

Right
25 14x
52 41x
Best: XOR-NOT25: 1

Selecting

Lefts
Identity none
NOT none
Constant none
AND none
OR none
XOR XOR13: 1
AND-NOT AND-NOT13: 1
OR-NOT none
XOR-NOT XOR-NOT36 47 50 61 72: 5

Rights
Identity none
NOT none
Constant none
AND none
OR OR24 13 02: 3
XOR none
AND-NOT none
OR-NOT OR-NOT25 14 03: 3
XOR-NOT XOR-NOT25: 1

Left longest: 5
Right longest: 3

Left winner: Identity no, NOT no, Constant no, AND no, OR no, XOR no, AND-NOT no, OR-NOT no, XOR-NOT yes
Right winner: Identity no, NOT no, Constant no, AND no, OR yes, XOR no, AND-NOT no, OR-NOT no, XOR-NOT no

Best left: XOR-NOT36 47 50 61 72: 5
Best right: OR24 13 02: 3

Truncated left: XOR-NOT36 47 50 61 72: 5
Truncated right: OR24 13 02: 3

Tentative from right
7 OR24
6 OR13
5 OR02
4 pending
3 pending
2 pending
1 pending
0 pending

Tentative
0 XOR-NOT36
1 XOR-NOT47
2 XOR-NOT50
3 XOR-NOT61
4 XOR-NOT72
5 OR02
6 OR13
7 OR24

Preferred from left
0 XOR-NOT36
1 XOR-NOT47
2 XOR-NOT50
3 XOR-NOT61
4 XOR-NOT72
5 OR02
6 OR13
7 OR24

Preferred from right
7 OR24
6 OR13
5 OR02
4 XOR-NOT72
3 XOR-NOT61
2 XOR-NOT50
1 XOR-NOT47
0 XOR-NOT36

Preferred
0 XOR-NOT36
1 XOR-NOT47
2 XOR-NOT50
3 XOR-NOT61
4 XOR-NOT72
5 OR02
6 OR13
7 OR24

Matching
0 XOR-NOT36
1 XOR-NOT47
2 XOR-NOT50
3 XOR-NOT61
4 XOR-NOT72
5 OR02
6 OR13
7 OR24

Perfect match
Identity no
NOT no
Constant no
AND no
OR no
XOR no
AND-NOT no
OR-NOT no
XOR-NOT no

Matched
0 XOR-NOT36
1 XOR-NOT47
2 XOR-NOT50
3 XOR-NOT61
4 XOR-NOT72
5 OR02
6 OR13
7 OR24


Reselect (whole-word coverage)
0 XOR-NOT36
1 AND47
2 XOR-NOT05
3 AND16
4 XOR-NOT27
5 OR05
6 I1
7 OR24
Selected
0 XOR-NOT36
1 AND47
2 XOR-NOT05
3 AND16
4 XOR-NOT27
5 OR05
6 I1
7 OR24

Applying to 01111011
Input
0 0
1 1
2 1
3 1
4 1
5 0
6 1
7 1
Output
0 XOR-NOT36 = XOR(1,NOT(1)) = 1
1 AND47 = AND(1,1) = 1
2 XOR-NOT05 = XOR(0,NOT(0)) = 1
3 AND16 = AND(1,1) = 1
4 XOR-NOT27 = XOR(1,NOT(1)) = 1
5 OR05 = OR(0,0) = 0
6 I1 = 1
7 OR24 = OR(1,1) = 1

I will now return the answer in \boxed{}
The answer in \boxed is
\boxed{11111011}