We need to deduce the transformation by matching the example outputs.
I will put my final answer inside \boxed{}.

Output 0: 00000000
0 0
1 0
2 0
3 0
4 0
5 0
6 0
7 0

Output 1: 11111001
0 1
1 1
2 1
3 1
4 1
5 0
6 0
7 1

Output 2: 00001001
0 0
1 0
2 0
3 0
4 1
5 0
6 0
7 1

Output 3: 11110001
0 1
1 1
2 1
3 1
4 0
5 0
6 0
7 1

Output 4: 00000000
0 0
1 0
2 0
3 0
4 0
5 0
6 0
7 0

Output 5: 00101000
0 0
1 0
2 1
3 0
4 1
5 0
6 0
7 0

Output 6: 00010000
0 0
1 0
2 0
3 1
4 0
5 0
6 0
7 0

Output 7: 01010001
0 0
1 1
2 0
3 1
4 0
5 0
6 0
7 1

Output 8: 10101000
0 1
1 0
2 1
3 0
4 1
5 0
6 0
7 0

Output bit columns (with bitsum as hash)
0 010100001 3
1 010100010 3
2 010101001 4
3 010100110 4
4 011001001 4
5 000000000 a
6 000000000 a
7 011100010 4

Input 0: 00000100
0 0
1 0
2 0
3 0
4 0
5 1
6 0
7 0

Input 1: 11011111
0 1
1 1
2 0
3 1
4 1
5 1
6 1
7 1

Input 2: 11111001
0 1
1 1
2 1
3 1
4 1
5 0
6 0
7 1

Input 3: 10111111
0 1
1 0
2 1
3 1
4 1
5 1
6 1
7 1

Input 4: 10100001
0 1
1 0
2 1
3 0
4 0
5 0
6 0
7 1

Input 5: 01001101
0 0
1 1
2 0
3 0
4 1
5 1
6 0
7 1

Input 6: 10110010
0 1
1 0
2 1
3 1
4 0
5 0
6 1
7 0

Input 7: 11111010
0 1
1 1
2 1
3 1
4 1
5 0
6 1
7 0

Input 8: 01010101
0 0
1 1
2 0
3 1
4 0
5 1
6 0
7 1

When matching output
x: not in operator
y: wrong position

Identity
0 011110110 6
1 011001011 5
2 001110110 5
3 011100111 6
4 011101010 5
5 110101001 5
6 010100110 4 match 3
7 011111001 6

Matching output
0 absent
1 absent
2 absent
3 6
4 absent
5 absent
6 absent
7 absent

Left
none
Best: none

Right
none
Best: none

NOT
0 100001001 3
1 100110100 4
2 110001001 4
3 100011000 3
4 100010101 4
5 001010110 4
6 101011001 5
7 100000110 3

Matching output
0 absent
1 absent
2 absent
3 absent
4 absent
5 absent
6 absent
7 absent

Left
none
Best: none

Right
none
Best: none

Constant
0 000000000 a match 5 6
1 111111111 a

Matching output
0 absent
1 absent
2 absent
3 absent
4 absent
5 C0
6 C0
7 absent

Left
none
Best: none

Right
none
Best: none

AND
01 10 011000010 3
12 21 001000010 2
23 32 001100110 4
34 43 011100010 4 match 7
45 54 010101000 3
56 65 010100000 2
67 76 010100000 2
70 07 011110000 4

02 20 001110110 5
13 31 011000011 4
24 42 001100010 3
35 53 010100001 3 match 0
46 64 010100010 3 match 1
57 75 010101001 4 match 2
60 06 010100110 4 match 3
71 17 011001001 4 match 4

03 30 011100110 5
14 41 011001010 4
25 52 000100000 1
36 63 010100110 4 match 3
47 74 011101000 4
50 05 010100000 2
61 16 010000010 2
72 27 001110000 3

04 40 011100010 4 match 7
15 51 010001001 3
26 62 000100110 3
37 73 011100001 4

Matching output
0 35 53
1 46 64
2 57 75
3 60 06 36 63
4 71 17
5 absent
6 absent
7 34 43 04 40

Left
35 46 57 60 71 02x
53 64 75 06 17 20x
Best: AND35 46 57 60 71: 5

Right
34 23x
43 32x
04 73x
40 37x
Best: AND34: 1

OR
01 10 011111111 8
12 21 011111111 8
23 32 011110111 7
34 43 011101111 7
45 54 111101011 7
56 65 110101111 7
67 76 011111111 8
70 07 011111111 8

02 20 011110110 6
13 31 011101111 7
24 42 011111110 7
35 53 111101111 8
46 64 011101110 6
57 75 111111001 7
60 06 011110110 6
71 17 011111011 7

03 30 011110111 7
14 41 011101011 6
25 52 111111111 a
36 63 011100111 6
47 74 011111011 7
50 05 111111111 a
61 16 011101111 7
72 27 011111111 8

04 40 011111110 7
15 51 111101011 7
26 62 011110110 6
37 73 011111111 8

Matching output
0 absent
1 absent
2 absent
3 absent
4 absent
5 absent
6 absent
7 absent

Left
none
Best: none

Right
none
Best: none

XOR
01 10 000111101 5
12 21 010111101 6
23 32 010010001 3
34 43 000001101 3
45 54 101000011 4
56 65 100001111 5
67 76 001011111 6
70 07 000001111 4

02 20 010000000 1
13 31 000101100 3
24 42 010011100 4
35 53 101001110 5
46 64 001001100 3
57 75 101010000 3
60 06 001010000 2
71 17 000110010 3

03 30 000010001 2
14 41 000100001 2
25 52 111011111 8
36 63 001000001 2
47 74 000010011 3
50 05 101011111 7
61 16 001101101 5
72 27 010001111 5

04 40 000011100 3
15 51 101100010 4
26 62 011010000 3
37 73 000011110 4

Matching output
0 absent
1 absent
2 absent
3 absent
4 absent
5 absent
6 absent
7 absent

Left
none
Best: none

Right
none
Best: none

AND-NOT
01 000110100 3
12 010001001 3
23 000010000 1
34 000000101 2
45 001000010 2
56 100001001 3
67 000000110 2
70 000001001 2

02 010000000 1
13 000001000 1
24 000010100 2
35 001000110 3
46 001001000 2
57 100000000 1
60 000000000 a match 5 6
71 000110000 2

03 000010000 1
14 000000001 1
25 001010110 4
36 001000001 2
47 000000010 1
50 100001001 3
61 000100100 2
72 010001001 3

04 000010100 2
15 001000010 2
26 001010000 2
37 000000110 2
40 000001000 1
51 100100000 2
62 010000000 1
73 000011000 2

05 001010110 4
16 001001001 3
27 000000110 2
30 000000001 1
41 000100000 1
52 110001001 4
63 000000000 a match 5 6
74 000010001 2

06 001010000 2
17 000000010 1
20 000000000 a match 5 6
31 000100100 2
42 010001000 2
53 100001000 2
64 000000100 1
75 001010000 2

07 000000110 2
10 000001001 2
21 000110100 3
32 010000001 2
43 000001000 1
54 100000001 2
65 000000110 2
76 001011001 4

Matching output
0 absent
1 absent
2 absent
3 absent
4 absent
5 60 63 20
6 60 63 20
7 absent

Left
none
Best: none

Right
none
Best: none

OR-NOT
01 111110110 7
12 111001011 6
23 101111110 7
34 111110111 8
45 011111110 7
56 111111001 7
67 110100110 5
70 111111001 7

02 111111111 a
13 111011011 7
24 101110111 7
35 011110111 7
46 111111011 8
57 110101111 7
60 110101111 7
71 111111101 8

03 111111110 8
14 111011111 8
25 001110110 5
36 111111111 a
47 111101110 7
50 110101001 5
61 110110110 6
72 111111001 7

04 111110111 8
15 011011111 7
26 101111111 8
37 111100111 7
40 111101011 7
51 110111101 7
62 110101111 7
73 111111001 7

05 011110110 6
16 111011011 7
27 101110110 6
30 111101111 8
41 111111110 8
52 110101001 5
63 110111110 7
74 111111101 8

06 111111111 a
17 111001111 7
20 101111111 8
31 111110111 8
42 111101011 7
53 110111001 6
64 110110111 7
75 011111111 8

07 111110110 7
10 111001011 6
21 101110110 6
32 111101111 8
43 111111010 7
54 110111101 7
65 011110110 6
76 111111001 7

Matching output
0 absent
1 absent
2 absent
3 absent
4 absent
5 absent
6 absent
7 absent

Left
none
Best: none

Right
none
Best: none

XOR-NOT
01 111000010 4
12 101000010 3
23 101101110 6
34 111110010 6
45 010111100 5
56 011110000 4
67 110100000 3
70 111110000 5

02 101111111 8
13 111010011 6
24 101100011 5
35 010110001 4
46 110110011 6
57 010101111 6
60 110101111 7
71 111001101 6

03 111101110 7
14 111011110 7
25 000100000 1
36 110111110 7
47 111101100 6
50 010100000 2
61 110010010 4
72 101110000 4

04 111100011 6
15 010011101 5
26 100101111 6
37 111100001 5
40 111100011 6
51 010011101 5
62 100101111 6
73 111100001 5

05 010100000 2
16 110010010 4
27 101110000 4
30 111101110 7
41 111011110 7
52 000100000 1
63 110111110 7
74 111101100 6

06 110101111 7
17 111001101 6
20 101111111 8
31 111010011 6
42 101100011 5
53 010110001 4
64 110110011 6
75 010101111 6

07 111110000 5
10 111000010 4
21 101000010 3
32 101101110 6
43 111110010 6
54 010111100 5
65 011110000 4
76 110100000 3

Matching output
0 absent
1 absent
2 absent
3 absent
4 absent
5 absent
6 absent
7 absent

Left
none
Best: none

Right
none
Best: none

Selecting

Lefts
Identity none
NOT none
Constant none
AND AND35 46 57 60 71: 5
OR none
XOR none
AND-NOT none
OR-NOT none
XOR-NOT none

Rights
Identity none
NOT none
Constant none
AND AND34: 1
OR none
XOR none
AND-NOT none
OR-NOT none
XOR-NOT none

Left longest: 5
Right longest: 1

Left winner: Identity no, NOT no, Constant no, AND yes, OR no, XOR no, AND-NOT no, OR-NOT no, XOR-NOT no
Right winner: Identity no, NOT no, Constant no, AND yes, OR no, XOR no, AND-NOT no, OR-NOT no, XOR-NOT no

Best left: AND35 46 57 60 71: 5
Best right: AND34: 1

Truncated left: AND35 46 57 60 71: 5
Truncated right: AND34: 1

Tentative from right
7 AND34
6 pending
5 pending
4 pending
3 pending
2 pending
1 pending
0 pending

Tentative
0 AND35
1 AND46
2 AND57
3 AND60
4 AND71
5 pending
6 pending
7 AND34

Preferred from left
0 AND35
1 AND46
2 AND57
3 AND60
4 AND71
5 ?02
6 ?13
7 AND34

Preferred from right
7 AND34
6 ?13
5 ?02
4 AND71
3 AND60
2 AND57
1 AND46
0 AND35

Preferred
0 AND35
1 AND46
2 AND57
3 AND60
4 AND71
5 ?02 ?20
6 ?13 ?31
7 AND34

Matching
0 AND35
1 AND46
2 AND57
3 AND60
4 AND71
5 ?02 ?20 - Identity absent, NOT absent, Constant C0, AND absent, OR absent, XOR absent, AND-NOT20, OR-NOT absent, XOR-NOT absent
6 ?13 ?31 - Identity absent, NOT absent, Constant C0, AND absent, OR absent, XOR absent, AND-NOT absent, OR-NOT absent, XOR-NOT absent
7 AND34

Perfect match
Identity no
NOT no
Constant yes
AND no
OR no
XOR no
AND-NOT no
OR-NOT no
XOR-NOT no

Matched
0 AND35
1 AND46
2 AND57
3 AND60
4 AND71
5 C0
6 C0
7 AND34


Reselect (whole-word coverage)
0 AND35
1 AND46
2 AND57
3 I6
4 AND17
5 C0
6 C0
7 AND04
Selected
0 AND35
1 AND46
2 AND57
3 I6
4 AND17
5 C0
6 C0
7 AND04

Applying to 10001011
Input
0 1
1 0
2 0
3 0
4 1
5 0
6 1
7 1
Output
0 AND35 = AND(0,0) = 0
1 AND46 = AND(1,1) = 1
2 AND57 = AND(0,1) = 0
3 I6 = 1
4 AND17 = AND(0,1) = 0
5 C0 = 0
6 C0 = 0
7 AND04 = AND(1,1) = 1

I will now return the answer in \boxed{}
The answer in \boxed{–} is \boxed{01010001}