We need to deduce the transformation by matching the example outputs.
I will put my final answer inside \boxed{}.

Output 0: 11111111
0 1
1 1
2 1
3 1
4 1
5 1
6 1
7 1

Output 1: 11111111
0 1
1 1
2 1
3 1
4 1
5 1
6 1
7 1

Output 2: 11111110
0 1
1 1
2 1
3 1
4 1
5 1
6 1
7 0

Output 3: 11111111
0 1
1 1
2 1
3 1
4 1
5 1
6 1
7 1

Output 4: 11111111
0 1
1 1
2 1
3 1
4 1
5 1
6 1
7 1

Output 5: 11111111
0 1
1 1
2 1
3 1
4 1
5 1
6 1
7 1

Output 6: 11111111
0 1
1 1
2 1
3 1
4 1
5 1
6 1
7 1

Output 7: 11111111
0 1
1 1
2 1
3 1
4 1
5 1
6 1
7 1

Output bit columns (with bitsum as hash)
0 11111111 a
1 11111111 a
2 11111111 a
3 11111111 a
4 11111111 a
5 11111111 a
6 11111111 a
7 11011111 7

Input 0: 10101110
0 1
1 0
2 1
3 0
4 1
5 1
6 1
7 0

Input 1: 11000110
0 1
1 1
2 0
3 0
4 0
5 1
6 1
7 0

Input 2: 11100000
0 1
1 1
2 1
3 0
4 0
5 0
6 0
7 0

Input 3: 00111111
0 0
1 0
2 1
3 1
4 1
5 1
6 1
7 1

Input 4: 10001011
0 1
1 0
2 0
3 0
4 1
5 0
6 1
7 1

Input 5: 00001001
0 0
1 0
2 0
3 0
4 1
5 0
6 0
7 1

Input 6: 00011011
0 0
1 0
2 0
3 1
4 1
5 0
6 1
7 1

Input 7: 10000110
0 1
1 0
2 0
3 0
4 0
5 1
6 1
7 0

When matching output
x: not in operator
y: wrong position

Identity
0 11101001 5
1 01100000 2
2 10110000 3
3 00010010 2
4 10011110 5
5 11010001 4
6 11011011 6
7 00011110 4

Matching output
0 absent
1 absent
2 absent
3 absent
4 absent
5 absent
6 absent
7 absent

Left
none
Best: none

Right
none
Best: none

NOT
0 00010110 3
1 10011111 6
2 01001111 5
3 11101101 6
4 01100001 3
5 00101110 4
6 00100100 2
7 11100001 4

Matching output
0 absent
1 absent
2 absent
3 absent
4 absent
5 absent
6 absent
7 absent

Left
none
Best: none

Right
none
Best: none

Constant
0 00000000 a
1 11111111 a match 0 1 2 3 4 5 6

Matching output
0 C1
1 C1
2 C1
3 C1
4 C1
5 C1
6 C1
7 absent

Left
1 1 1 1 1 1 1
Best: C1 1 1 1 1 1 1: 7

Right
none
Best: none

AND
01 10 01100000 2
12 21 00100000 1
23 32 00010000 1
34 43 00010010 2
45 54 10010000 2
56 65 11010001 4
67 76 00011010 3
70 07 00001000 1

02 20 10100000 2
13 31 00000000 a
24 42 10010000 2
35 53 00010000 1
46 64 10011010 4
57 75 00010000 1
60 06 11001001 4
71 17 00000000 a

03 30 00000000 a
14 41 00000000 a
25 52 10010000 2
36 63 00010010 2
47 74 00011110 4
50 05 11000001 3
61 16 01000000 1
72 27 00010000 1

04 40 10001000 2
15 51 01000000 1
26 62 10010000 2
37 73 00010010 2

Matching output
0 absent
1 absent
2 absent
3 absent
4 absent
5 absent
6 absent
7 absent

Left
none
Best: none

Right
none
Best: none

OR
01 10 11101001 5
12 21 11110000 4
23 32 10110010 4
34 43 10011110 5
45 54 11011111 7 match 7
56 65 11011011 6
67 76 11011111 7 match 7
70 07 11111111 a match 0 1 2 3 4 5 6

02 20 11111001 6
13 31 01110010 4
24 42 10111110 6
35 53 11010011 5
46 64 11011111 7 match 7
57 75 11011111 7 match 7
60 06 11111011 7
71 17 01111110 6

03 30 11111011 7
14 41 11111110 7
25 52 11110001 5
36 63 11011011 6
47 74 10011110 5
50 05 11111001 6
61 16 11111011 7
72 27 10111110 6

04 40 11111111 a match 0 1 2 3 4 5 6
15 51 11110001 5
26 62 11111011 7
37 73 00011110 4

Matching output
0 70 07 04 40
1 70 07 04 40
2 70 07 04 40
3 70 07 04 40
4 70 07 04 40
5 70 07 04 40
6 70 07 04 40
7 45 54 67 76 46 64 57 75

Left
70 01x
07 10x
04 15x
40 51x
Best: OR70: 1

Right
45 34x
54 43x
67 56x
76 65x
46 35x
64 53x
57 46y
75 64y
Best: OR45: 1

XOR
01 10 10001001 3
12 21 11010000 3
23 32 10100010 3
34 43 10001100 3
45 54 01001111 5
56 65 00001010 2
67 76 11000101 4
70 07 11110111 7

02 20 01011001 4
13 31 01110010 4
24 42 00101110 4
35 53 11000011 4
46 64 01000101 3
57 75 11001111 6
60 06 00110010 3
71 17 01111110 6

03 30 11111011 7
14 41 11111110 7
25 52 01100001 3
36 63 11001001 4
47 74 10000000 1
50 05 00111000 3
61 16 10111011 6
72 27 10101110 5

04 40 01110111 6
15 51 10110001 4
26 62 01101011 5
37 73 00001100 2

Matching output
0 absent
1 absent
2 absent
3 absent
4 absent
5 absent
6 absent
7 absent

Left
none
Best: none

Right
none
Best: none

AND-NOT
01 10001001 3
12 01000000 1
23 10100000 2
34 00000000 a
45 00001110 3
56 00000000 a
67 11000001 3
70 00010110 3

02 01001001 3
13 01100000 2
24 00100000 1
35 00000010 1
46 00000100 1
57 11000001 3
60 00010010 2
71 00011110 4

03 11101001 5
14 01100000 2
25 00100000 1
36 00000000 a
47 10000000 1
50 00010000 1
61 10011011 5
72 00001110 3

04 01100001 3
15 00100000 1
26 00100000 1
37 00000000 a
40 00010110 3
51 10010001 3
62 01001011 4
73 00001100 2

05 00101000 2
16 00100000 1
27 10100000 2
30 00010010 2
41 10011110 5
52 01000001 2
63 11001001 4
74 00000000 a

06 00100000 1
17 01100000 2
20 00010000 1
31 00010010 2
42 00001110 3
53 11000001 3
64 01000001 2
75 00001110 3

07 11100001 4
10 00000000 a
21 10010000 2
32 00000010 1
43 10001100 3
54 01000001 2
65 00001010 2
76 00000100 1

Matching output
0 absent
1 absent
2 absent
3 absent
4 absent
5 absent
6 absent
7 absent

Left
none
Best: none

Right
none
Best: none

OR-NOT
01 11111111 a match 0 1 2 3 4 5 6
12 01101111 6
23 11111101 7
34 01110011 5
45 10111110 6
56 11110101 6
67 11111011 7
70 00011110 4

02 11101111 7
13 11101101 6
24 11110001 5
35 00111110 5
46 10111110 6
57 11110001 5
60 11011111 7 match 7
71 10011111 6

03 11101101 6
14 01100001 3
25 10111110 6
36 00110110 4
47 11111111 a match 0 1 2 3 4 5 6
50 11010111 6
61 11011111 7 match 7
72 01011111 6

04 11101001 5
15 01101110 5
26 10110100 4
37 11110011 6
40 10011110 5
51 11011111 7 match 7
62 11011111 7 match 7
73 11111111 a match 0 1 2 3 4 5 6

05 11101111 7
16 01100100 3
27 11110001 5
30 00010110 3
41 10011111 6
52 11011111 7 match 7
63 11111111 a match 0 1 2 3 4 5 6
74 01111111 7

06 11101101 6
17 11100001 4
20 10110110 5
31 10011111 6
42 11011111 7 match 7
53 11111101 7
64 11111011 7
75 00111110 5

07 11101001 5
10 01110110 5
21 10111111 7
32 01011111 6
43 11111111 a match 0 1 2 3 4 5 6
54 11110001 5
65 11111111 a match 0 1 2 3 4 5 6
76 00111110 5

Matching output
0 01 47 73 63 43 65
1 01 47 73 63 43 65
2 01 47 73 63 43 65
3 01 47 73 63 43 65
4 01 47 73 63 43 65
5 01 47 73 63 43 65
6 01 47 73 63 43 65
7 60 61 51 62 52 42

Left
01 12x
47 50x
73 04x
63 74x
43 54x
65 76x
Best: OR-NOT01: 1

Right
60 57x
61 50x
51 40x
62 51y
52 41x
42 31x
Best: OR-NOT60: 1

XOR-NOT
01 01110110 5
12 00101111 5
23 01011101 5
34 01110011 5
45 10110000 3
56 11110101 6
67 00111010 4
70 00001000 1

02 10100110 4
13 10001101 4
24 11010001 4
35 00111100 4
46 10111010 5
57 00110000 2
60 11001101 5
71 10000001 2

03 00000100 1
14 00000001 1
25 10011110 5
36 00110110 4
47 01111111 7
50 11000111 5
61 01000100 2
72 01010001 3

04 10001000 2
15 01001110 4
26 10010100 3
37 11110011 6
40 10001000 2
51 01001110 4
62 10010100 3
73 11110011 6

05 11000111 5
16 01000100 2
27 01010001 3
30 00000100 1
41 00000001 1
52 10011110 5
63 00110110 4
74 01111111 7

06 11001101 5
17 10000001 2
20 10100110 4
31 10001101 4
42 11010001 4
53 00111100 4
64 10111010 5
75 00110000 2

07 00001000 1
10 01110110 5
21 00101111 5
32 01011101 5
43 01110011 5
54 10110000 3
65 11110101 6
76 00111010 4

Matching output
0 absent
1 absent
2 absent
3 absent
4 absent
5 absent
6 absent
7 absent

Left
none
Best: none

Right
none
Best: none

Selecting

Lefts
Identity none
NOT none
Constant C1 1 1 1 1 1 1: 7
AND none
OR OR70: 1
XOR none
AND-NOT none
OR-NOT OR-NOT01: 1
XOR-NOT none

Rights
Identity none
NOT none
Constant none
AND none
OR OR45: 1
XOR none
AND-NOT none
OR-NOT OR-NOT60: 1
XOR-NOT none

Left longest: 7
Right longest: 1

Left winner: Identity no, NOT no, Constant yes, AND no, OR no, XOR no, AND-NOT no, OR-NOT no, XOR-NOT no
Right winner: Identity no, NOT no, Constant no, AND no, OR yes, XOR no, AND-NOT no, OR-NOT no, XOR-NOT no

Best left: C1 1 1 1 1 1 1: 7
Best right: OR45: 1

Truncated left: C1 1 1 1 1 1 1: 7
Truncated right: OR45: 1

Tentative from right
7 OR45
6 pending
5 pending
4 pending
3 pending
2 pending
1 pending
0 pending

Tentative
0 C1
1 C1
2 C1
3 C1
4 C1
5 C1
6 C1
7 OR45

Preferred from left
0 C1
1 C1
2 C1
3 C1
4 C1
5 C1
6 C1
7 OR45

Preferred from right
7 OR45
6 C1
5 C1
4 C1
3 C1
2 C1
1 C1
0 C1

Preferred
0 C1
1 C1
2 C1
3 C1
4 C1
5 C1
6 C1
7 OR45

Matching
0 C1
1 C1
2 C1
3 C1
4 C1
5 C1
6 C1
7 OR45

Perfect match
Identity no
NOT no
Constant no
AND no
OR no
XOR no
AND-NOT no
OR-NOT no
XOR-NOT no

Matched
0 C1
1 C1
2 C1
3 C1
4 C1
5 C1
6 C1
7 OR45


Reselect (whole-word coverage)
0 C1
1 C1
2 C1
3 C1
4 C1
5 C1
6 C1
7 OR46
Selected
0 C1
1 C1
2 C1
3 C1
4 C1
5 C1
6 C1
7 OR46

Applying to 00000010
Input
0 0
1 0
2 0
3 0
4 0
5 0
6 1
7 0
Output
0 C1 = 1
1 C1 = 1
2 C1 = 1
3 C1 = 1
4 C1 = 1
5 C1 = 1
6 C1 = 1
7 OR46 = OR(0,1) = 1

I will now return the answer in \boxed{}
The answer in \boxed{–} is \boxed{11111111}