We need to deduce the transformation by matching the example outputs.
I will put my final answer inside \boxed{}.

Output 0: 00001001
0 0
1 0
2 0
3 0
4 1
5 0
6 0
7 1

Output 1: 00010111
0 0
1 0
2 0
3 1
4 0
5 1
6 1
7 1

Output 2: 11101011
0 1
1 1
2 1
3 0
4 1
5 0
6 1
7 1

Output 3: 00100111
0 0
1 0
2 1
3 0
4 0
5 1
6 1
7 1

Output 4: 01101110
0 0
1 1
2 1
3 0
4 1
5 1
6 1
7 0

Output 5: 00110111
0 0
1 0
2 1
3 1
4 0
5 1
6 1
7 1

Output 6: 11001110
0 1
1 1
2 0
3 0
4 1
5 1
6 1
7 0

Output 7: 11111101
0 1
1 1
2 1
3 1
4 1
5 1
6 0
7 1

Output 8: 01001111
0 0
1 1
2 0
3 0
4 1
5 1
6 1
7 1

Output 9: 10100010
0 1
1 0
2 1
3 0
4 0
5 0
6 1
7 0

Output bit columns (with bitsum as hash)
0 0010001101 4
1 0010101110 5
2 0011110101 6
3 0100010100 3
4 1010101110 6
5 0101111110 7
6 0111111011 8
7 1111010110 7

Input 0: 01101110
0 0
1 1
2 1
3 0
4 1
5 1
6 1
7 0

Input 1: 11010100
0 1
1 1
2 0
3 1
4 0
5 1
6 0
7 0

Input 2: 00101000
0 0
1 0
2 1
3 0
4 1
5 0
6 0
7 0

Input 3: 01110011
0 0
1 1
2 1
3 1
4 0
5 0
6 1
7 1

Input 4: 10100110
0 1
1 0
2 1
3 0
4 0
5 1
6 1
7 0

Input 5: 10010100
0 1
1 0
2 0
3 1
4 0
5 1
6 0
7 0

Input 6: 10100111
0 1
1 0
2 1
3 0
4 0
5 1
6 1
7 1

Input 7: 01000101
0 0
1 1
2 0
3 0
4 0
5 1
6 0
7 1

Input 8: 00100001
0 0
1 0
2 1
3 0
4 0
5 0
6 0
7 1

Input 9: 00111010
0 0
1 0
2 1
3 1
4 1
5 0
6 1
7 0

When matching output
x: not in operator
y: wrong position

Identity
0 0100111000 4
1 1101000100 4
2 1011101011 7
3 0101010001 4
4 1010000001 3
5 1100111100 6
6 1001101001 5
7 0001001110 4

Matching output
0 absent
1 absent
2 absent
3 absent
4 absent
5 absent
6 absent
7 absent

Left
none
Best: none

Right
none
Best: none

NOT
0 1011000111 6
1 0010111011 6
2 0100010100 3 match 3
3 1010101110 6 match 4
4 0101111110 7 match 5
5 0011000011 4
6 0110010110 5
7 1110110001 6

Matching output
0 absent
1 absent
2 absent
3 2
4 3
5 4
6 absent
7 absent

Left
none
Best: none

Right
none
Best: none

Constant
0 0000000000 a
1 1111111111 a

Matching output
0 absent
1 absent
2 absent
3 absent
4 absent
5 absent
6 absent
7 absent

Left
none
Best: none

Right
none
Best: none

AND
01 10 0100000000 1
12 21 1001000000 2
23 32 0001000001 2
34 43 0000000001 1
45 54 1000000000 1
56 65 1000101000 3
67 76 0001001000 2
70 07 0000001000 1

02 20 0000101000 2
13 31 0101000000 2
24 42 1010000001 3
35 53 0100010000 2
46 64 1000000001 2
57 75 0000001100 2
60 06 0000101000 2
71 17 0001000100 2

03 30 0100010000 2
14 41 1000000000 1
25 52 1000101000 3
36 63 0001000001 2
47 74 0000000000 a
50 05 0100111000 4
61 16 1001000000 2
72 27 0001001010 3

04 40 0000000000 a
15 51 1100000100 3
26 62 1001101001 5
37 73 0001000000 1

Matching output
0 absent
1 absent
2 absent
3 absent
4 absent
5 absent
6 absent
7 absent

Left
none
Best: none

Right
none
Best: none

OR
01 10 1101111100 7
12 21 1111101111 9
23 32 1111111011 9
34 43 1111010001 6
45 54 1110111101 8
56 65 1101111101 8
67 76 1001101111 7
70 07 0101111110 7 match 5

02 20 1111111011 9
13 31 1101010101 6
24 42 1011101011 7
35 53 1101111101 8
46 64 1011101001 6
57 75 1101111110 8
60 06 1101111001 7
71 17 1101001110 6

03 30 0101111001 6
14 41 1111000101 6
25 52 1111111111 a
36 63 1101111001 7
47 74 1011001111 7
50 05 1100111100 6
61 16 1101101101 7
72 27 1011101111 8

04 40 1110111001 7
15 51 1101111100 7
26 62 1011101011 7
37 73 0101011111 7

Matching output
0 absent
1 absent
2 absent
3 absent
4 absent
5 70 07
6 absent
7 absent

Left
none
Best: none

Right
none
Best: none

XOR
01 10 1001111100 6
12 21 0110101111 7
23 32 1110111010 7
34 43 1111010000 5
45 54 0110111101 7
56 65 0101010101 5
67 76 1000100111 5
70 07 0101110110 6

02 20 1111010011 7
13 31 1000010101 4
24 42 0001101010 4
35 53 1001101101 6
46 64 0011101000 4
57 75 1101110010 6
60 06 1101010001 5
71 17 1100001010 4

03 30 0001101001 4
14 41 0111000101 5
25 52 0111010111 7
36 63 1100111000 5
47 74 1011001111 7
50 05 1000000100 2
61 16 0100101101 5
72 27 1010100101 5

04 40 1110111001 7
15 51 0001111000 4
26 62 0010000010 2
37 73 0100011111 6

Matching output
0 absent
1 absent
2 absent
3 absent
4 absent
5 absent
6 absent
7 absent

Left
none
Best: none

Right
none
Best: none

AND-NOT
01 0000111000 3
12 0100000100 2
23 1010101010 5
34 0101010000 3
45 0010000001 2
56 0100010100 3 match 3
67 1000100001 3
70 0001000110 3

02 0100010000 2
13 1000000100 2
24 0001101010 4
35 0001000001 2
46 0010000000 1
57 1100110000 4
60 1001000001 3
71 0000001010 2

03 0000101000 2
14 0101000100 3
25 0011000011 4
36 0100010000 2
47 1010000001 3
50 1000000100 2
61 0000101001 3
72 0000000100 1

04 0100111000 4
15 0001000000 1
26 0010000010 2
37 0100010001 3
40 1010000001 3
51 0000111000 3
62 0000000000 a
73 0000001110 3

05 0000000000 a
16 0100000100 2
27 1010100001 4
30 0001000001 2
41 0010000001 2
52 0100010100 3 match 3
63 1000101000 3
74 0001001110 4

06 0100010000 2
17 1100000000 2
20 1011000011 5
31 0000010001 2
42 0000000000 a
53 1000101100 4
64 0001101000 3
75 0001000010 2

07 0100110000 3
10 1001000100 3
21 0010101011 5
32 0100010000 2
43 1010000000 2
54 0100111100 5
65 0001000001 2
76 0000000110 2

Matching output
0 absent
1 absent
2 absent
3 56 52
4 absent
5 absent
6 absent
7 absent

Left
none
Best: none

Right
none
Best: none

OR-NOT
01 0110111011 7
12 1101010100 5
23 1011101111 8
34 0101111111 8
45 1011000011 5
56 1110111110 8
67 1111111001 8
70 1011001111 7

02 0100111100 5
13 1111101110 8
24 1111111111 a
35 0111010011 6
46 1110010111 7
57 1110111101 8
60 1011101111 8
71 0011111111 8

03 1110111110 8
14 1101111110 8
25 1011101011 7
36 0111010111 7
47 1110110001 6
50 1111111111 a
61 1011111011 8
72 0101011110 6

04 0101111110 7 match 5
15 1111000111 7
26 1111111111 a
37 1111110001 7
40 1011000111 6
51 1110111111 9
62 1101111101 8
73 1011101110 7

05 0111111011 8 match 6
16 1111010110 7 match 7
27 1111111011 9
30 1111010111 8
41 1010111011 7
52 1100111100 6
63 1011101111 8
74 0101111110 7 match 5

06 0110111110 7
17 1111110101 8
20 1011101111 8
31 0111111011 8 match 6
42 1110010101 6
53 1110111110 8
64 1101111111 9
75 0011001111 6

07 1110111001 7
10 1111000111 7
21 1011111011 8
32 0101010101 5
43 1010101111 7
54 1101111110 8
65 1011101011 7
76 0111011110 7

Matching output
0 absent
1 absent
2 absent
3 absent
4 absent
5 04 74
6 05 31
7 16

Left
none
Best: none

Right
16 05 74 63x
Best: OR-NOT16 05 74: 3

XOR-NOT
01 0110000011 4
12 1001010000 3
23 0001000101 3
34 0000101111 5
45 1001000010 3
56 1010101010 5
67 0111011000 5
70 1010001001 4

02 0000101100 3
13 0111101010 6
24 1110010101 6
35 0110010010 4
46 1100010111 6
57 0010001101 4 match 0
60 0010101110 5 match 1
71 0011110101 6 match 2

03 1110010110 6
14 1000111010 5
25 1000101000 3
36 0011000111 5
47 0100110000 3
50 0111111011 8 match 6
61 1011010010 5
72 0101011010 5

04 0001000110 3
15 1110000111 6
26 1101111101 8
37 1011100000 4
40 0001000110 3
51 1110000111 6
62 1101111101 8
73 1011100000 4

05 0111111011 8 match 6
16 1011010010 5
27 0101011010 5
30 1110010110 6
41 1000111010 5
52 1000101000 3
63 0011000111 5
74 0100110000 3

06 0010101110 5 match 1
17 0011110101 6 match 2
20 0000101100 3
31 0111101010 6
42 1110010101 6
53 0110010010 4
64 1100010111 6
75 0010001101 4 match 0

07 1010001001 4
10 0110000011 4
21 1001010000 3
32 0001000101 3
43 0000101111 5
54 1001000010 3
65 1010101010 5
76 0111011000 5

Matching output
0 57 75
1 60 06
2 71 17
3 absent
4 absent
5 absent
6 50 05
7 absent

Left
57 60 71 02x
75 06 17 20x
Best: XOR-NOT57 60 71: 3

Right
none
Best: none

Selecting

Lefts
Identity none
NOT none
Constant none
AND none
OR none
XOR none
AND-NOT none
OR-NOT none
XOR-NOT XOR-NOT57 60 71: 3

Rights
Identity none
NOT none
Constant none
AND none
OR none
XOR none
AND-NOT none
OR-NOT OR-NOT16 05 74: 3
XOR-NOT none

Left longest: 3
Right longest: 3

Left winner: Identity no, NOT no, Constant no, AND no, OR no, XOR no, AND-NOT no, OR-NOT no, XOR-NOT yes
Right winner: Identity no, NOT no, Constant no, AND no, OR no, XOR no, AND-NOT no, OR-NOT yes, XOR-NOT no

Best left: XOR-NOT57 60 71: 3
Best right: OR-NOT16 05 74: 3

Truncated left: XOR-NOT57 60 71: 3
Truncated right: OR-NOT16 05 74: 3

Tentative from right
7 OR-NOT16
6 OR-NOT05
5 OR-NOT74
4 pending
3 pending
2 pending
1 pending
0 pending

Tentative
0 XOR-NOT57
1 XOR-NOT60
2 XOR-NOT71
3 pending
4 pending
5 OR-NOT74
6 OR-NOT05
7 OR-NOT16

Preferred from left
0 XOR-NOT57
1 XOR-NOT60
2 XOR-NOT71
3 ?02
4 ?13
5 OR-NOT74
6 OR-NOT05
7 OR-NOT16

Preferred from right
7 OR-NOT16
6 OR-NOT05
5 OR-NOT74
4 ?13
3 ?02
2 XOR-NOT71
1 XOR-NOT60
0 XOR-NOT57

Preferred
0 XOR-NOT57
1 XOR-NOT60
2 XOR-NOT71
3 ?02 ?20
4 ?13 ?31
5 OR-NOT74
6 OR-NOT05
7 OR-NOT16

Matching
0 XOR-NOT57
1 XOR-NOT60
2 XOR-NOT71
3 ?02 ?20 - Identity absent, NOT NOT2, Constant absent, AND absent, OR absent, XOR absent, AND-NOT absent, OR-NOT absent, XOR-NOT absent
4 ?13 ?31 - Identity absent, NOT NOT3, Constant absent, AND absent, OR absent, XOR absent, AND-NOT absent, OR-NOT absent, XOR-NOT absent
5 OR-NOT74
6 OR-NOT05
7 OR-NOT16

Perfect match
Identity no
NOT yes
Constant no
AND no
OR no
XOR no
AND-NOT no
OR-NOT no
XOR-NOT no

Matched
0 XOR-NOT57
1 XOR-NOT60
2 XOR-NOT71
3 NOT2
4 NOT3
5 OR-NOT74
6 OR-NOT05
7 OR-NOT16


Reselect (whole-word coverage)
0 XOR-NOT57
1 XOR-NOT06
2 XOR-NOT17
3 NOT2
4 NOT3
5 NOT4
6 OR-NOT05
7 OR-NOT16
Selected
0 XOR-NOT57
1 XOR-NOT06
2 XOR-NOT17
3 NOT2
4 NOT3
5 NOT4
6 OR-NOT05
7 OR-NOT16

Applying to 10101011
Input
0 1
1 0
2 1
3 0
4 1
5 0
6 1
7 1
Output
0 XOR-NOT57 = XOR(0,NOT(1)) = 0
1 XOR-NOT06 = XOR(1,NOT(1)) = 1
2 XOR-NOT17 = XOR(0,NOT(1)) = 0
3 NOT2 = NOT(1) = 0
4 NOT3 = NOT(0) = 1
5 NOT4 = NOT(1) = 0
6 OR-NOT05 = OR(1,NOT(0)) = 1
7 OR-NOT16 = OR(0,NOT(1)) = 0

I will now return the answer in \boxed{}
The answer in \boxed is
\boxed{01001010}