We need to deduce the transformation by matching the example outputs.
I will put my final answer inside \boxed{}.

Output 0: 10010111
0 1
1 0
2 0
3 1
4 0
5 1
6 1
7 1

Output 1: 01111101
0 0
1 1
2 1
3 1
4 1
5 1
6 0
7 1

Output 2: 01011110
0 0
1 1
2 0
3 1
4 1
5 1
6 1
7 0

Output 3: 10111011
0 1
1 0
2 1
3 1
4 1
5 0
6 1
7 1

Output 4: 11100111
0 1
1 1
2 1
3 0
4 0
5 1
6 1
7 1

Output 5: 11000111
0 1
1 1
2 0
3 0
4 0
5 1
6 1
7 1

Output 6: 01000111
0 0
1 1
2 0
3 0
4 0
5 1
6 1
7 1

Output 7: 10010111
0 1
1 0
2 0
3 1
4 0
5 1
6 1
7 1

Output 8: 10001001
0 1
1 0
2 0
3 0
4 1
5 0
6 0
7 1

Output 9: 00101111
0 0
1 0
2 1
3 0
4 1
5 1
6 1
7 1

Output bit columns (with bitsum as hash)
0 1001110110 6
1 0110111000 5
2 0101100001 4
3 1111000100 5
4 0111000011 5
5 1110111101 8
6 1011111101 8
7 1101111111 9

Input 0: 01101101
0 0
1 1
2 1
3 0
4 1
5 1
6 0
7 1

Input 1: 01000001
0 0
1 1
2 0
3 0
4 0
5 0
6 0
7 1

Input 2: 11001110
0 1
1 1
2 0
3 0
4 1
5 1
6 1
7 0

Input 3: 10011110
0 1
1 0
2 0
3 1
4 1
5 1
6 1
7 0

Input 4: 01111010
0 0
1 1
2 1
3 1
4 1
5 0
6 1
7 0

Input 5: 01110101
0 0
1 1
2 1
3 1
4 0
5 1
6 0
7 1

Input 6: 00110100
0 0
1 0
2 1
3 1
4 0
5 1
6 0
7 0

Input 7: 01101100
0 0
1 1
2 1
3 0
4 1
5 1
6 0
7 0

Input 8: 10010101
0 1
1 0
2 0
3 1
4 0
5 1
6 0
7 1

Input 9: 11011000
0 1
1 1
2 0
3 1
4 1
5 0
6 0
7 0

When matching output
x: not in operator
y: wrong position

Identity
0 0011000011 4
1 1110110101 7
2 1000111100 5
3 0001111011 6
4 1011100101 6
5 1011011110 7
6 0011100000 3
7 1100010010 4

Matching output
0 absent
1 absent
2 absent
3 absent
4 absent
5 absent
6 absent
7 absent

Left
none
Best: none

Right
none
Best: none

NOT
0 1100111100 6
1 0001001010 3
2 0111000011 5 match 4
3 1110000100 4
4 0100011010 4
5 0100100001 3
6 1100011111 7
7 0011101101 6

Matching output
0 absent
1 absent
2 absent
3 absent
4 2
5 absent
6 absent
7 absent

Left
none
Best: none

Right
none
Best: none

Constant
0 0000000000 a
1 1111111111 a

Matching output
0 absent
1 absent
2 absent
3 absent
4 absent
5 absent
6 absent
7 absent

Left
none
Best: none

Right
none
Best: none

AND
01 10 0010000001 2
12 21 1000110100 4
23 32 0000111000 3
34 43 0001100001 3
45 54 1011000100 4
56 65 0011000000 2
67 76 0000000000 a
70 07 0000000010 1

02 20 0000000000 a
13 31 0000110001 3
24 42 1000100100 3
35 53 0001011010 4
46 64 0011100000 3
57 75 1000010010 3
60 06 0011000000 2
71 17 1100010000 3

03 30 0001000011 3
14 41 1010100101 5
25 52 1000011100 4
36 63 0001100000 2
47 74 1000000000 1
50 05 0011000010 3
61 16 0010100000 2
72 27 1000010000 2

04 40 0011000001 3
15 51 1010010100 4
26 62 0000100000 1
37 73 0000010010 2

Matching output
0 absent
1 absent
2 absent
3 absent
4 absent
5 absent
6 absent
7 absent

Left
none
Best: none

Right
none
Best: none

OR
01 10 1111110111 9
12 21 1110111101 8 match 5
23 32 1001111111 8
34 43 1011111111 9
45 54 1011111111 9
56 65 1011111110 8
67 76 1111110010 7
70 07 1111010011 7

02 20 1011111111 9
13 31 1111111111 a
24 42 1011111101 8 match 6
35 53 1011111111 9
46 64 1011100101 6
57 75 1111011110 8
60 06 0011100011 5
71 17 1110110111 8

03 30 0011111011 7
14 41 1111110101 8
25 52 1011111110 8
36 63 0011111011 7
47 74 1111110111 9
50 05 1011011111 8
61 16 1111110101 8
72 27 1100111110 7

04 40 1011100111 7
15 51 1111111111 a
26 62 1011111100 7
37 73 1101111011 8

Matching output
0 absent
1 absent
2 absent
3 absent
4 absent
5 12 21
6 24 42
7 absent

Left
none
Best: none

Right
none
Best: none

XOR
01 10 1101110110 7
12 21 0110001001 4
23 32 1001000111 5
34 43 1010011110 6
45 54 0000111011 5
56 65 1000111110 6
67 76 1111110010 7
70 07 1111010001 6

02 20 1011111111 9
13 31 1111001110 7
24 42 0011011001 5
35 53 1010100101 5
46 64 1000000101 3
57 75 0111001100 5
60 06 0000100011 3
71 17 0010100111 5

03 30 0010111000 4
14 41 0101010000 3
25 52 0011100010 4
36 63 0010011011 5
47 74 0111110111 8
50 05 1000011101 5
61 16 1101010101 6
72 27 0100101110 5

04 40 1000100110 4
15 51 0101101011 6
26 62 1011011100 6
37 73 1101101001 6

Matching output
0 absent
1 absent
2 absent
3 absent
4 absent
5 absent
6 absent
7 absent

Left
none
Best: none

Right
none
Best: none

AND-NOT
01 0001000010 2
12 0110000001 3
23 1000000100 2
34 0000011010 3
45 0000100001 2
56 1000011110 5
67 0011100000 3
70 1100010000 3

02 0011000011 4
13 1110000100 4
24 0000011000 2
35 0000100001 2
46 1000000101 3
57 0011001100 4
60 0000100000 1
71 0000000010 1

03 0010000000 1
14 0100010000 2
25 0000100000 1
36 0000011011 4
47 0011100101 5
50 1000011100 4
61 0001000000 1
72 0100000010 2

04 0000000010 1
15 0100100001 3
26 1000011100 4
37 0001101001 4
40 1000100100 3
51 0001001010 3
62 0011000000 2
73 1100000000 2

05 0000000001 1
16 1100010101 5
27 0000101100 3
30 0000111000 3
41 0001000000 1
52 0011000010 3
63 0010000000 1
74 0100010010 3

06 0000000011 2
17 0010100101 4
20 1000111100 5
31 0001001010 3
42 0011000001 3
53 1010000100 3
64 0000000000 a
75 0100000000 1

07 0011000001 3
10 1100110100 5
21 0000001000 1
32 0001000011 3
43 1010000100 3
54 0000011010 3
65 0000100000 1
76 1100010010 4

Matching output
0 absent
1 absent
2 absent
3 absent
4 absent
5 absent
6 absent
7 absent

Left
none
Best: none

Right
none
Best: none

OR-NOT
01 0011001011 5
12 1111110111 9
23 1110111100 7
34 0101111011 7
45 1111100101 7
56 1111011111 9
67 0011101101 6
70 1100111110 7

02 0111000011 5 match 4
13 1110110101 7
24 1100111110 7
35 0101111011 7
46 1111111111 a
57 1011111111 9
60 1111111100 8
71 1101011010 6

03 1111000111 7
14 1110111111 9
25 1100111101 7
36 1101111111 9 match 7
47 1011101101 7
50 1111111110 9
61 0011101010 5
72 1111010011 7

04 0111011011 7
15 1110110101 7
26 1100111111 8
37 0011111111 8
40 1111111101 9
51 1011011110 7
62 0111100011 6
73 1110010110 6

05 0111100011 6
16 1110111111 9
27 1011111101 8 match 6
30 1101111111 9 match 7
41 1011101111 8
52 1111011111 9
63 1111100100 6
74 1100011010 5

06 1111011111 9
17 1111111101 9
20 1100111100 6
31 0001111011 6
42 1111100111 8
53 1111011110 8
64 0111111010 7
75 1100110011 6

07 0011101111 7
10 1110111101 8 match 5
21 1001111110 7
32 0111111011 8
43 1111100101 7
54 1111011110 8
65 0111100001 5
76 1100011111 7

Matching output
0 absent
1 absent
2 absent
3 absent
4 02
5 10
6 27
7 36 30

Left
none
Best: none

Right
36 25x
30 27 16x
Best: OR-NOT30 27: 2

XOR-NOT
01 0010001001 3
12 1001110110 6 match 0
23 0110111000 5 match 1
34 0101100001 4 match 2
45 1111000100 5 match 3
56 0111000001 4
67 0000001101 3
70 0000101110 4

02 0100000000 1
13 0000110001 3
24 1100100110 5
35 0101011010 5
46 0111111010 7
57 1000110011 5
60 1111011100 7
71 1101011000 5

03 1101000111 6
14 1010101111 7
25 1100011101 6
36 1101100100 5
47 1000001000 2
50 0111100010 5
61 0010101010 4
72 1011010001 5

04 0111011001 6
15 1010010100 4
26 0100100011 4
37 0010010110 4
40 0111011001 6
51 1010010100 4
62 0100100011 4
73 0010010110 4

05 0111100010 5
16 0010101010 4
27 1011010001 5
30 1101000111 6
41 1010101111 7
52 1100011101 6
63 1101100100 5
74 1000001000 2

06 1111011100 7
17 1101011000 5
20 0100000000 1
31 0000110001 3
42 1100100110 5
53 0101011010 5
64 0111111010 7
75 1000110011 5

07 0000101110 4
10 0010001001 3
21 1001110110 6 match 0
32 0110111000 5 match 1
43 0101100001 4 match 2
54 1111000100 5 match 3
65 0111000001 4
76 0000001101 3

Matching output
0 12 21
1 23 32
2 34 43
3 45 54
4 absent
5 absent
6 absent
7 absent

Left
12 23 34 45 56x
21 32 43 54 65x
Best: XOR-NOT12 23 34 45: 4

Right
none
Best: none

Selecting

Lefts
Identity none
NOT none
Constant none
AND none
OR none
XOR none
AND-NOT none
OR-NOT none
XOR-NOT XOR-NOT12 23 34 45: 4

Rights
Identity none
NOT none
Constant none
AND none
OR none
XOR none
AND-NOT none
OR-NOT OR-NOT30 27: 2
XOR-NOT none

Left longest: 4
Right longest: 2

Left winner: Identity no, NOT no, Constant no, AND no, OR no, XOR no, AND-NOT no, OR-NOT no, XOR-NOT yes
Right winner: Identity no, NOT no, Constant no, AND no, OR no, XOR no, AND-NOT no, OR-NOT yes, XOR-NOT no

Best left: XOR-NOT12 23 34 45: 4
Best right: OR-NOT30 27: 2

Truncated left: XOR-NOT12 23 34 45: 4
Truncated right: OR-NOT30 27: 2

Tentative from right
7 OR-NOT30
6 OR-NOT27
5 pending
4 pending
3 pending
2 pending
1 pending
0 pending

Tentative
0 XOR-NOT12
1 XOR-NOT23
2 XOR-NOT34
3 XOR-NOT45
4 pending
5 pending
6 OR-NOT27
7 OR-NOT30

Preferred from left
0 XOR-NOT12
1 XOR-NOT23
2 XOR-NOT34
3 XOR-NOT45
4 ?56
5 ?67
6 OR-NOT27
7 OR-NOT30

Preferred from right
7 OR-NOT30
6 OR-NOT27
5 ?67
4 ?56
3 XOR-NOT45
2 XOR-NOT34
1 XOR-NOT23
0 XOR-NOT12

Preferred
0 XOR-NOT12
1 XOR-NOT23
2 XOR-NOT34
3 XOR-NOT45
4 ?56 ?65
5 ?67 ?76
6 OR-NOT27
7 OR-NOT30

Matching
0 XOR-NOT12
1 XOR-NOT23
2 XOR-NOT34
3 XOR-NOT45
4 ?56 ?65 - Identity absent, NOT absent, Constant absent, AND absent, OR absent, XOR absent, AND-NOT absent, OR-NOT absent, XOR-NOT absent
5 ?67 ?76 - Identity absent, NOT absent, Constant absent, AND absent, OR absent, XOR absent, AND-NOT absent, OR-NOT absent, XOR-NOT absent
6 OR-NOT27
7 OR-NOT30

Perfect match
Identity no
NOT no
Constant no
AND no
OR no
XOR no
AND-NOT no
OR-NOT no
XOR-NOT no

Matched
0 XOR-NOT12
1 XOR-NOT23
2 XOR-NOT34
3 XOR-NOT45
4 none
5 none
6 OR-NOT27
7 OR-NOT30


Reselect (whole-word coverage)
0 XOR-NOT12
1 XOR-NOT23
2 XOR-NOT34
3 XOR-NOT45
4 NOT2
5 OR12
6 OR24
7 OR-NOT30
Selected
0 XOR-NOT12
1 XOR-NOT23
2 XOR-NOT34
3 XOR-NOT45
4 NOT2
5 OR12
6 OR24
7 OR-NOT30

Applying to 00110011
Input
0 0
1 0
2 1
3 1
4 0
5 0
6 1
7 1
Output
0 XOR-NOT12 = XOR(0,NOT(1)) = 0
1 XOR-NOT23 = XOR(1,NOT(1)) = 1
2 XOR-NOT34 = XOR(1,NOT(0)) = 0
3 XOR-NOT45 = XOR(0,NOT(0)) = 1
4 NOT2 = NOT(1) = 0
5 OR12 = OR(0,1) = 1
6 OR24 = OR(1,0) = 1
7 OR-NOT30 = OR(1,NOT(0)) = 1

I will now return the answer in \boxed{}
The answer in \boxed is
\boxed{01010111}