We need to deduce the transformation by matching the example outputs.
I will put my final answer inside \boxed{}.

Output 0: 01111100
0 0
1 1
2 1
3 1
4 1
5 1
6 0
7 0

Output 1: 10011001
0 1
1 0
2 0
3 1
4 1
5 0
6 0
7 1

Output 2: 11011111
0 1
1 1
2 0
3 1
4 1
5 1
6 1
7 1

Output 3: 11011001
0 1
1 1
2 0
3 1
4 1
5 0
6 0
7 1

Output 4: 00101010
0 0
1 0
2 1
3 0
4 1
5 0
6 1
7 0

Output 5: 10101101
0 1
1 0
2 1
3 0
4 1
5 1
6 0
7 1

Output 6: 11001001
0 1
1 1
2 0
3 0
4 1
5 0
6 0
7 1

Output bit columns (with bitsum as hash)
0 0111011 5
1 1011001 4
2 1000110 3
3 1111000 4
4 1111111 a
5 1010010 3
6 0010100 2
7 0111011 5

Input 0: 11001110
0 1
1 1
2 0
3 0
4 1
5 1
6 1
7 0

Input 1: 10010010
0 1
1 0
2 0
3 1
4 0
5 0
6 1
7 0

Input 2: 01111011
0 0
1 1
2 1
3 1
4 1
5 0
6 1
7 1

Input 3: 00011011
0 0
1 0
2 0
3 1
4 1
5 0
6 1
7 1

Input 4: 00100101
0 0
1 0
2 1
3 0
4 0
5 1
6 0
7 1

Input 5: 01010101
0 0
1 1
2 0
3 1
4 0
5 1
6 0
7 1

Input 6: 00011001
0 0
1 0
2 0
3 1
4 1
5 0
6 0
7 1

When matching output
x: not in operator
y: wrong position

Identity
0 1100000 2
1 1010010 3 match 5
2 0010100 2 match 6
3 0111011 5 match 0 7
4 1011001 4 match 1
5 1000110 3 match 2
6 1111000 4 match 3
7 0011111 5

Matching output
0 3
1 4
2 5
3 6
4 absent
5 1
6 2
7 3

Left
3 4 5 6 7x
Best: I3 4 5 6: 4

Right
3 2 1 0x
Best: I3 2 1: 3

NOT
0 0011111 5
1 0101101 4
2 1101011 5
3 1000100 2
4 0100110 3
5 0111001 4
6 0000111 3
7 1100000 2

Matching output
0 absent
1 absent
2 absent
3 absent
4 absent
5 absent
6 absent
7 absent

Left
none
Best: none

Right
none
Best: none

Constant
0 0000000 a
1 1111111 a match 4

Matching output
0 absent
1 absent
2 absent
3 absent
4 C1
5 absent
6 absent
7 absent

Left
none
Best: none

Right
none
Best: none

AND
01 10 1000000 1
12 21 0010000 1
23 32 0010000 1
34 43 0011001 3
45 54 1000000 1
56 65 1000000 1
67 76 0011000 2
70 07 0000000 a

02 20 0000000 a
13 31 0010010 2
24 42 0010000 1
35 53 0000010 1
46 64 1011000 3
57 75 0000110 2
60 06 1100000 2
71 17 0010010 2

03 30 0100000 1
14 41 1010000 2
25 52 0000100 1
36 63 0111000 3
47 74 0011001 3
50 05 1000000 1
61 16 1010000 2
72 27 0010100 2 match 6

04 40 1000000 1
15 51 1000010 2
26 62 0010000 1
37 73 0011011 4

Matching output
0 absent
1 absent
2 absent
3 absent
4 absent
5 absent
6 72 27
7 absent

Left
none
Best: none

Right
none
Best: none

OR
01 10 1110010 4
12 21 1010110 4
23 32 0111111 6
34 43 1111011 6
45 54 1011111 6
56 65 1111110 6
67 76 1111111 a match 4
70 07 1111111 a match 4

02 20 1110100 4
13 31 1111011 6
24 42 1011101 5
35 53 1111111 a match 4
46 64 1111001 5
57 75 1011111 6
60 06 1111000 4 match 3
71 17 1011111 6

03 30 1111011 6
14 41 1011011 5
25 52 1010110 4
36 63 1111011 6
47 74 1011111 6
50 05 1100110 4
61 16 1111010 5
72 27 0011111 5

04 40 1111001 5
15 51 1010110 4
26 62 1111100 5
37 73 0111111 6

Matching output
0 absent
1 absent
2 absent
3 60 06
4 67 76 70 07 35 53
5 absent
6 absent
7 absent

Left
none
Best: none

Right
none
Best: none

XOR
01 10 0110010 3
12 21 1000110 3 match 2
23 32 0101111 5
34 43 1100010 3
45 54 0011111 5
56 65 0111110 5
67 76 1100111 5
70 07 1111111 a match 4

02 20 1110100 4
13 31 1101001 4
24 42 1001101 4
35 53 1111101 6
46 64 0100001 2
57 75 1011001 4 match 1
60 06 0011000 2
71 17 1001101 4

03 30 1011011 5
14 41 0001011 3
25 52 1010010 3 match 5
36 63 1000011 3
47 74 1000110 3 match 2
50 05 0100110 3
61 16 0101010 3
72 27 0001011 3

04 40 0111001 4
15 51 0010100 2 match 6
26 62 1101100 4
37 73 0100100 2

Matching output
0 absent
1 57 75
2 12 21 47 74
3 absent
4 70 07
5 25 52
6 15 51
7 absent

Left
none
Best: none

Right
none
Best: none

AND-NOT
01 0100000 1
12 1000010 2
23 0000100 1
34 0100010 2
45 0011001 3
56 0000110 2
67 1100000 2
70 0011111 5

02 1100000 2
13 1000000 1
24 0000100 1
35 0111001 4
46 0000001 1
57 1000000 1
60 0011000 2
71 0001101 3

03 1000000 1
14 0000010 1
25 0010000 1
36 0000011 2
47 1000000 1
50 0000110 2
61 0101000 2
72 0001011 3

04 0100000 1
15 0010000 1
26 0000100 1
37 0100000 1
40 0011001 3
51 0000100 1
62 1101000 3
73 0000100 1

05 0100000 1
16 0000010 1
27 0000000 a
30 0011011 4
41 0001001 2
52 1000010 2
63 1000000 1
74 0000110 2

06 0000000 a
17 1000000 1
20 0010100 2 match 6
31 0101001 3
42 1001001 3
53 1000100 2
64 0100000 1
75 0011001 3

07 1100000 2
10 0010010 2
21 0000100 1
32 0101011 4
43 1000000 1
54 0000110 2
65 0111000 3
76 0000111 3

Matching output
0 absent
1 absent
2 absent
3 absent
4 absent
5 absent
6 20
7 absent

Left
none
Best: none

Right
none
Best: none

OR-NOT
01 1101101 5
12 1111011 6
23 1010100 3
34 0111111 6
45 1111001 5
56 1000111 4
67 1111000 4 match 3
70 0011111 5

02 1101011 5
13 1010110 4
24 0110110 4
35 0111011 5 match 0 7
46 1011111 6
57 1100110 4
60 1111111 a match 4
71 0111111 6

03 1100100 3
14 1110110 5
25 0111101 5
36 0111111 6
47 1111001 5
50 1011111 6
61 1111101 6
72 1111111 a match 4

04 1100110 4
15 1111011 6
26 0010111 4
37 1111011 6
40 1011111 6
51 1101111 6
62 1111011 6
73 1011111 6

05 1111001 5
16 1010111 5
27 1110100 4
30 0111111 6
41 1111101 6
52 1101111 6
63 1111100 5
74 0111111 6

06 1100111 5
17 1110010 4
20 0011111 5
31 0111111 6
42 1111011 6
53 1000110 3 match 2
64 1111110 6
75 0111111 6

07 1100000 2
10 1011111 6
21 0111101 5
32 1111011 6
43 1011101 5
54 1100110 4
65 1111001 5
76 0011111 5

Matching output
0 35
1 absent
2 53
3 67
4 60 72
5 absent
6 absent
7 35

Left
35 46x
Best: OR-NOT35: 1

Right
35 24x
Best: OR-NOT35: 1

XOR-NOT
01 1001101 4
12 0111001 4
23 1010000 2
34 0011101 4
45 1100000 2
56 1000001 2
67 0011000 2
70 0000000 a

02 0001011 3
13 0010110 3
24 0110010 3
35 0000010 1
46 1011110 5
57 0100110 3
60 1100111 5
71 0110010 3

03 0100100 2
14 1110100 4
25 0101101 4
36 0111100 4
47 0111001 4
50 1011001 4 match 1
61 1010101 4
72 1110100 4

04 1000110 3 match 2
15 1101011 5
26 0010011 3
37 1011011 5
40 1000110 3 match 2
51 1101011 5
62 0010011 3
73 1011011 5

05 1011001 4 match 1
16 1010101 4
27 1110100 4
30 0100100 2
41 1110100 4
52 0101101 4
63 0111100 4
74 0111001 4

06 1100111 5
17 0110010 3
20 0001011 3
31 0010110 3
42 0110010 3
53 0000010 1
64 1011110 5
75 0100110 3

07 0000000 a
10 1001101 4
21 0111001 4
32 1010000 2
43 0011101 4
54 1100000 2
65 1000001 2
76 0011000 2

Matching output
0 absent
1 50 05
2 04 40
3 absent
4 absent
5 absent
6 absent
7 absent

Left
none
Best: none

Right
none
Best: none

Selecting

Lefts
Identity I3 4 5 6: 4
NOT none
Constant none
AND none
OR none
XOR none
AND-NOT none
OR-NOT OR-NOT35: 1
XOR-NOT none

Rights
Identity I3 2 1: 3
NOT none
Constant none
AND none
OR none
XOR none
AND-NOT none
OR-NOT OR-NOT35: 1
XOR-NOT none

Left longest: 4
Right longest: 3

Left winner: Identity yes, NOT no, Constant no, AND no, OR no, XOR no, AND-NOT no, OR-NOT no, XOR-NOT no
Right winner: Identity yes, NOT no, Constant no, AND no, OR no, XOR no, AND-NOT no, OR-NOT no, XOR-NOT no

Best left: I3 4 5 6: 4
Best right: I3 2 1: 3

Truncated left: I3 4 5 6: 4
Truncated right: I3 2 1: 3

Tentative from right
7 I3
6 I2
5 I1
4 pending
3 pending
2 pending
1 pending
0 pending

Tentative
0 I3
1 I4
2 I5
3 I6
4 pending
5 I1
6 I2
7 I3

Preferred from left
0 I3
1 I4
2 I5
3 I6
4 ?7?
5 I1
6 I2
7 I3

Preferred from right
7 I3
6 I2
5 I1
4 ?70
3 I6
2 I5
1 I4
0 I3

Preferred
0 I3
1 I4
2 I5
3 I6
4 ?70 ?07
5 I1
6 I2
7 I3

Matching
0 I3
1 I4
2 I5
3 I6
4 ?70 ?07 - Identity absent, NOT absent, Constant C1, AND absent, OR70, XOR70, AND-NOT absent, OR-NOT absent, XOR-NOT absent
5 I1
6 I2
7 I3

Perfect match
Identity no
NOT no
Constant yes
AND no
OR no
XOR no
AND-NOT no
OR-NOT no
XOR-NOT no

Matched
0 I3
1 I4
2 I5
3 I6
4 C1
5 I1
6 I2
7 I3


Reselect (whole-word coverage)
0 I3
1 I4
2 I5
3 I6
4 OR07
5 I1
6 I2
7 I3
Selected
0 I3
1 I4
2 I5
3 I6
4 OR07
5 I1
6 I2
7 I3

Applying to 01111100
Input
0 0
1 1
2 1
3 1
4 1
5 1
6 0
7 0
Output
0 I3 = 1
1 I4 = 1
2 I5 = 1
3 I6 = 0
4 OR07 = OR(0,0) = 0
5 I1 = 1
6 I2 = 1
7 I3 = 1

I will now return the answer in \boxed{}
The answer in \boxed is
\boxed{11100111}