We need to deduce the transformation by matching the example outputs.
I will put my final answer inside \boxed{}.

Output 0: 10010001
0 1
1 0
2 0
3 1
4 0
5 0
6 0
7 1

Output 1: 01010001
0 0
1 1
2 0
3 1
4 0
5 0
6 0
7 1

Output 2: 01101000
0 0
1 1
2 1
3 0
4 1
5 0
6 0
7 0

Output 3: 10010001
0 1
1 0
2 0
3 1
4 0
5 0
6 0
7 1

Output 4: 11110000
0 1
1 1
2 1
3 1
4 0
5 0
6 0
7 0

Output 5: 00011001
0 0
1 0
2 0
3 1
4 1
5 0
6 0
7 1

Output 6: 00011001
0 0
1 0
2 0
3 1
4 1
5 0
6 0
7 1

Output bit columns (with bitsum as hash)
0 1001100 3
1 0110100 3
2 0010100 2
3 1101111 6
4 0010011 3
5 0000000 a
6 0000000 a
7 1101011 5

Input 0: 11010010
0 1
1 1
2 0
3 1
4 0
5 0
6 1
7 0

Input 1: 11101010
0 1
1 1
2 1
3 0
4 1
5 0
6 1
7 0

Input 2: 00001101
0 0
1 0
2 0
3 0
4 1
5 1
6 0
7 1

Input 3: 10110010
0 1
1 0
2 1
3 1
4 0
5 0
6 1
7 0

Input 4: 01111110
0 0
1 1
2 1
3 1
4 1
5 1
6 1
7 0

Input 5: 10000011
0 1
1 0
2 0
3 0
4 0
5 0
6 1
7 1

Input 6: 11000011
0 1
1 1
2 0
3 0
4 0
5 0
6 1
7 1

When matching output
x: not in operator
y: wrong position

Identity
0 1101011 5 match 7
1 1100101 4
2 0101100 3
3 1001100 3 match 0
4 0110100 3 match 1
5 0010100 2 match 2
6 1101111 6 match 3
7 0010011 3 match 4

Matching output
0 3
1 4
2 5
3 6
4 7
5 absent
6 absent
7 0

Left
3 4 5 6 7 0y
Best: I3 4 5 6 7: 5

Right
0 7y
Best: I0: 1

NOT
0 0010100 2 match 2
1 0011010 3
2 1010011 4
3 0110011 4
4 1001011 4
5 1101011 5 match 7
6 0010000 1
7 1101100 4

Matching output
0 absent
1 absent
2 0
3 absent
4 absent
5 absent
6 absent
7 5

Left
none
Best: none

Right
5 4x
Best: NOT5: 1

Constant
0 0000000 a match 5 6
1 1111111 a

Matching output
0 absent
1 absent
2 absent
3 absent
4 absent
5 C0
6 C0
7 absent

Left
none
Best: none

Right
none
Best: none

AND
01 10 1100001 3
12 21 0100100 2
23 32 0001100 2
34 43 0000100 1
45 54 0010100 2 match 2
56 65 0000100 1
67 76 0000011 2
70 07 0000011 2

02 20 0101000 2
13 31 1000100 2
24 42 0100100 2
35 53 0000100 1
46 64 0100100 2
57 75 0010000 1
60 06 1101011 5 match 7
71 17 0000001 1

03 30 1001000 2
14 41 0100100 2
25 52 0000100 1
36 63 1001100 3 match 0
47 74 0010000 1
50 05 0000000 a match 5 6
61 16 1100101 4
72 27 0000000 a match 5 6

04 40 0100000 1
15 51 0000100 1
26 62 0101100 3
37 73 0000000 a match 5 6

Matching output
0 36 63
1 absent
2 45 54
3 absent
4 absent
5 50 05 72 27 37 73
6 50 05 72 27 37 73
7 60 06

Left
36 47x
63 74x
Best: AND36: 1

Right
60 57x
06 75x
Best: AND60: 1

OR
01 10 1101111 6 match 3
12 21 1101101 5
23 32 1101100 4
34 43 1111100 5
45 54 0110100 3 match 1
56 65 1111111 a
67 76 1111111 a
70 07 1111011 6

02 20 1101111 6 match 3
13 31 1101101 5
24 42 0111100 4
35 53 1011100 4
46 64 1111111 a
57 75 0010111 4
60 06 1101111 6 match 3
71 17 1110111 6

03 30 1101111 6 match 3
14 41 1110101 5
25 52 0111100 4
36 63 1101111 6 match 3
47 74 0110111 5
50 05 1111111 a
61 16 1101111 6 match 3
72 27 0111111 6

04 40 1111111 a
15 51 1110101 5
26 62 1101111 6 match 3
37 73 1011111 6

Matching output
0 absent
1 45 54
2 absent
3 01 10 02 20 60 06 03 30 36 63 61 16 26 62
4 absent
5 absent
6 absent
7 absent

Left
none
Best: none

Right
none
Best: none

XOR
01 10 0001110 3
12 21 1001001 3
23 32 1100000 2
34 43 1111000 4
45 54 0100000 1
56 65 1111011 6
67 76 1111100 5
70 07 1111000 4

02 20 1000111 4
13 31 0101001 3
24 42 0011000 2
35 53 1011000 3
46 64 1011011 5
57 75 0000111 3
60 06 0000100 1
71 17 1110110 5

03 30 0100111 4
14 41 1010001 3
25 52 0111000 3
36 63 0100011 3
47 74 0100111 4
50 05 1111111 a
61 16 0001010 2
72 27 0111111 6

04 40 1011111 6
15 51 1110001 4
26 62 1000011 3
37 73 1011111 6

Matching output
0 absent
1 absent
2 absent
3 absent
4 absent
5 absent
6 absent
7 absent

Left
none
Best: none

Right
none
Best: none

AND-NOT
01 0001010 2
12 1000001 2
23 0100000 1
34 1001000 2
45 0100000 1
56 0010000 1
67 1101100 4
70 0010000 1

02 1000011 3
13 0100001 2
24 0001000 1
35 1001000 2
46 0010000 1
57 0000100 1
60 0000100 1
71 0010010 2

03 0100011 3
14 1000001 2
25 0101000 2
36 0000000 a match 5 6
47 0100100 2
50 0010100 2 match 2
61 0001010 2
72 0010011 3 match 4

04 1001011 4
15 1100001 3
26 0000000 a match 5 6
37 1001100 3 match 0
40 0010100 2 match 2
51 0010000 1
62 1000011 3
73 0010011 3 match 4

05 1101011 5 match 7
16 0000000 a match 5 6
27 0101100 3
30 0000100 1
41 0010000 1
52 0010000 1
63 0100011 3
74 0000011 2

06 0000000 a match 5 6
17 1100100 3
20 0000100 1
31 0001000 1
42 0010000 1
53 0010000 1
64 1001011 4
75 0000011 2

07 1101000 3
10 0000100 1
21 0001000 1
32 1000000 1
43 0110000 2
54 0000000 a match 5 6
65 1101011 5 match 7
76 0010000 1

Matching output
0 37
1 absent
2 50 40
3 absent
4 72 73
5 36 26 16 06 54
6 36 26 16 06 54
7 05 65

Left
37 40y
Best: AND-NOT37: 1

Right
05 74x
65 54 43x
Best: AND-NOT65 54: 2

OR-NOT
01 1111011 6
12 1110111 6
23 0111111 6
34 1001111 5
45 1111111 a
56 0010100 2 match 2
67 1101111 6 match 3
70 0010111 4

02 1111011 6
13 1110111 6
24 1101111 6 match 3
35 1101111 6 match 3
46 0110100 3 match 1
57 1111100 5
60 1111111 a
71 0011011 4

03 1111011 6
14 1101111 6 match 3
25 1101111 6 match 3
36 1011100 4
47 1111100 5
50 0010100 2 match 2
61 1111111 a
72 1010011 4

04 1101011 5 match 7
15 1101111 6 match 3
26 0111100 4
37 1101100 4
40 0110100 3 match 1
51 0011110 4
62 1111111 a
73 0110011 4

05 1101011 5 match 7
16 1110101 5
27 1101100 4
30 1011100 4
41 0111110 5
52 1010111 5
63 1111111 a
74 1011011 5

06 1111011 6
17 1101101 5
20 0111100 4
31 1011110 5
42 1110111 6
53 0110111 5
64 1101111 6 match 3
75 1111011 6

07 1101111 6 match 3
10 1110101 5
21 0111110 5
32 1011111 6
43 0110111 5
54 1011111 6
65 1101111 6 match 3
76 0010011 3 match 4

Matching output
0 absent
1 46 40
2 56 50
3 67 24 35 14 25 15 64 07 65
4 76
5 absent
6 absent
7 04 05

Left
none
Best: none

Right
04 73x
05 74x
Best: OR-NOT04: 1

XOR-NOT
01 1110001 4
12 0110110 4
23 0011111 5
34 0000111 3
45 1011111 6
56 0000100 1
67 0000011 2
70 0000111 3

02 0111000 3
13 1010110 4
24 1100111 5
35 0100111 4
46 0100100 2
57 1111000 4
60 1111011 6
71 0001001 2

03 1011000 3
14 0101110 4
25 1000111 4
36 1011100 4
47 1011000 3
50 0000000 a match 5 6
61 1110101 5
72 1000000 1

04 0100000 1
15 0001110 3
26 0111100 4
37 0100000 1
40 0100000 1
51 0001110 3
62 0111100 4
73 0100000 1

05 0000000 a match 5 6
16 1110101 5
27 1000000 1
30 1011000 3
41 0101110 4
52 1000111 4
63 1011100 4
74 1011000 3

06 1111011 6
17 0001001 2
20 0111000 3
31 1010110 4
42 1100111 5
53 0100111 4
64 0100100 2
75 1111000 4

07 0000111 3
10 1110001 4
21 0110110 4
32 0011111 5
43 0000111 3
54 1011111 6
65 0000100 1
76 0000011 2

Matching output
0 absent
1 absent
2 absent
3 absent
4 absent
5 50 05
6 50 05
7 absent

Left
none
Best: none

Right
none
Best: none

Selecting

Lefts
Identity I3 4 5 6 7: 5
NOT none
Constant none
AND AND36: 1
OR none
XOR none
AND-NOT AND-NOT37: 1
OR-NOT none
XOR-NOT none

Rights
Identity I0: 1
NOT NOT5: 1
Constant none
AND AND60: 1
OR none
XOR none
AND-NOT AND-NOT65 54: 2
OR-NOT OR-NOT04: 1
XOR-NOT none

Left longest: 5
Right longest: 2

Left winner: Identity yes, NOT no, Constant no, AND no, OR no, XOR no, AND-NOT no, OR-NOT no, XOR-NOT no
Right winner: Identity no, NOT no, Constant no, AND no, OR no, XOR no, AND-NOT yes, OR-NOT no, XOR-NOT no

Best left: I3 4 5 6 7: 5
Best right: AND-NOT65 54: 2

Truncated left: I3 4 5 6 7: 5
Truncated right: AND-NOT65 54: 2

Tentative from right
7 AND-NOT65
6 AND-NOT54
5 pending
4 pending
3 pending
2 pending
1 pending
0 pending

Tentative
0 I3
1 I4
2 I5
3 I6
4 I7
5 pending
6 AND-NOT54
7 AND-NOT65

Preferred from left
0 I3
1 I4
2 I5
3 I6
4 I7
5 ?0?
6 AND-NOT54
7 AND-NOT65

Preferred from right
7 AND-NOT65
6 AND-NOT54
5 ?0?
4 I7
3 I6
2 I5
1 I4
0 I3

Preferred
0 I3
1 I4
2 I5
3 I6
4 I7
5 ?0?
6 AND-NOT54
7 AND-NOT65

Matching
0 I3
1 I4
2 I5
3 I6
4 I7
5 ?0? - Identity absent, NOT absent, Constant C0, AND05, OR absent, XOR absent, AND-NOT06, OR-NOT absent, XOR-NOT05
6 AND-NOT54
7 AND-NOT65

Perfect match
Identity no
NOT no
Constant yes
AND no
OR no
XOR no
AND-NOT no
OR-NOT no
XOR-NOT no

Matched
0 I3
1 I4
2 I5
3 I6
4 I7
5 C0
6 AND-NOT54
7 AND-NOT65


Reselect (whole-word coverage)
0 I3
1 I4
2 I5
3 I6
4 I7
5 C0
6 C0
7 I0
Selected
0 I3
1 I4
2 I5
3 I6
4 I7
5 C0
6 C0
7 I0

Applying to 01011010
Input
0 0
1 1
2 0
3 1
4 1
5 0
6 1
7 0
Output
0 I3 = 1
1 I4 = 1
2 I5 = 0
3 I6 = 1
4 I7 = 0
5 C0 = 0
6 C0 = 0
7 I0 = 0

I will now return the answer in \boxed{}
The answer in \boxed is
\boxed{11010000}