We need to deduce the transformation by matching the example outputs.
I will put my final answer inside \boxed{}.

Output 0: 11111011
0 1
1 1
2 1
3 1
4 1
5 0
6 1
7 1

Output 1: 11111001
0 1
1 1
2 1
3 1
4 1
5 0
6 0
7 1

Output 2: 11110111
0 1
1 1
2 1
3 1
4 0
5 1
6 1
7 1

Output 3: 01111110
0 0
1 1
2 1
3 1
4 1
5 1
6 1
7 0

Output 4: 01110110
0 0
1 1
2 1
3 1
4 0
5 1
6 1
7 0

Output 5: 11001111
0 1
1 1
2 0
3 0
4 1
5 1
6 1
7 1

Output 6: 11101111
0 1
1 1
2 1
3 0
4 1
5 1
6 1
7 1

Output 7: 01011011
0 0
1 1
2 0
3 1
4 1
5 0
6 1
7 1

Output 8: 11101111
0 1
1 1
2 1
3 0
4 1
5 1
6 1
7 1

Output bit columns (with bitsum as hash)
0 111001101 6
1 111111111 a
2 111110101 7
3 111110010 6
4 110101111 7
5 001111101 6
6 101111111 8
7 111001111 7

Input 0: 11100010
0 1
1 1
2 1
3 0
4 0
5 0
6 1
7 0

Input 1: 11100011
0 1
1 1
2 1
3 0
4 0
5 0
6 1
7 1

Input 2: 11101110
0 1
1 1
2 1
3 0
4 1
5 1
6 1
7 0

Input 3: 11010101
0 1
1 1
2 0
3 1
4 0
5 1
6 0
7 1

Input 4: 11000101
0 1
1 1
2 0
3 0
4 0
5 1
6 0
7 1

Input 5: 00011100
0 0
1 0
2 0
3 1
4 1
5 1
6 0
7 0

Input 6: 11011110
0 1
1 1
2 0
3 1
4 1
5 1
6 1
7 0

Input 7: 00010010
0 0
1 0
2 0
3 1
4 0
5 0
6 1
7 0

Input 8: 11011010
0 1
1 1
2 0
3 1
4 1
5 0
6 1
7 0

When matching output
x: not in operator
y: wrong position

Identity
0 111110101 7 match 2
1 111110101 7 match 2
2 111000000 3
3 000101111 5
4 001001101 4
5 001111100 5
6 111000111 6
7 010110000 3

Matching output
0 absent
1 absent
2 0 1
3 absent
4 absent
5 absent
6 absent
7 absent

Left
none
Best: none

Right
none
Best: none

NOT
0 000001010 2
1 000001010 2
2 000111111 6
3 111010000 4
4 110110010 5
5 110000011 4
6 000111000 3
7 101001111 6

Matching output
0 absent
1 absent
2 absent
3 absent
4 absent
5 absent
6 absent
7 absent

Left
none
Best: none

Right
none
Best: none

Constant
0 000000000 a
1 111111111 a match 1

Matching output
0 absent
1 C1
2 absent
3 absent
4 absent
5 absent
6 absent
7 absent

Left
none
Best: none

Right
none
Best: none

AND
01 10 111110101 7 match 2
12 21 111000000 3
23 32 000000000 a
34 43 000001101 3
45 54 001001100 3
56 65 001000100 2
67 76 010000000 1
70 07 010110000 3

02 20 111000000 3
13 31 000100101 3
24 42 001000000 1
35 53 000101100 3
46 64 001000101 3
57 75 000110000 2
60 06 111000101 5
71 17 010110000 3

03 30 000100101 3
14 41 001000101 3
25 52 001000000 1
36 63 000000111 3
47 74 000000000 a
50 05 001110100 4
61 16 111000101 5
72 27 010000000 1

04 40 001000101 3
15 51 001110100 4
26 62 111000000 3
37 73 000100000 1

Matching output
0 absent
1 absent
2 01 10
3 absent
4 absent
5 absent
6 absent
7 absent

Left
none
Best: none

Right
none
Best: none

OR
01 10 111110101 7 match 2
12 21 111110101 7 match 2
23 32 111101111 8
34 43 001101111 6
45 54 001111101 6 match 5
56 65 111111111 a match 1
67 76 111110111 8
70 07 111110101 7 match 2

02 20 111110101 7 match 2
13 31 111111111 a match 1
24 42 111001101 6 match 0
35 53 001111111 7
46 64 111001111 7 match 7
57 75 011111100 6
60 06 111110111 8
71 17 111110101 7 match 2

03 30 111111111 a match 1
14 41 111111101 8
25 52 111111100 7
36 63 111101111 8
47 74 011111101 7
50 05 111111101 8
61 16 111110111 8
72 27 111110000 5

04 40 111111101 8
15 51 111111101 8
26 62 111000111 6
37 73 010111111 7

Matching output
0 24 42
1 56 65 13 31 03 30
2 01 10 12 21 70 07 02 20 71 17
3 absent
4 absent
5 45 54
6 absent
7 46 64

Left
24 35x
42 53x
Best: OR24: 1

Right
46 35x
64 53x
Best: OR46: 1

XOR
01 10 000000000 a
12 21 000110101 4
23 32 111101111 8
34 43 001100010 3
45 54 000110001 3
56 65 110111011 7
67 76 101110111 7
70 07 101000101 4

02 20 000110101 4
13 31 111011010 6
24 42 110001101 5
35 53 001010011 4
46 64 110001010 4
57 75 011001100 4
60 06 000110010 3
71 17 101000101 4

03 30 111011010 6
14 41 110111000 5
25 52 110111100 6
36 63 111101000 5
47 74 011111101 7
50 05 110001001 4
61 16 000110010 3
72 27 101110000 4

04 40 110111000 5
15 51 110001001 4
26 62 000000111 3
37 73 010011111 6

Matching output
0 absent
1 absent
2 absent
3 absent
4 absent
5 absent
6 absent
7 absent

Left
none
Best: none

Right
none
Best: none

AND-NOT
01 000000000 a
12 000110101 4
23 111000000 3
34 000100010 2
45 000000001 1
56 000111000 3
67 101000111 5
70 000000000 a

02 000110101 4
13 111010000 4
24 110000000 2
35 000000011 2
46 000001000 1
57 001001100 3
60 000000010 1
71 000000000 a

03 111010000 4
14 110110000 4
25 110000000 2
36 000101000 2
47 001001101 4
50 000001000 1
61 000000010 1
72 000110000 2

04 110110000 4
15 110000001 3
26 000000000 a
37 000001111 4
40 000001000 1
51 000001000 1
62 000000111 3
73 010010000 2

05 110000001 3
16 000110000 2
27 101000000 2
30 000001010 2
41 000001000 1
52 000111100 4
63 111000000 3
74 010110000 3

06 000110000 2
17 101000101 4
20 000000000 a
31 000001010 2
42 000001101 3
53 001010000 2
64 110000010 3
75 010000000 1

07 101000101 4
10 000000000 a
21 000000000 a
32 000101111 5
43 001000000 1
54 000110000 2
65 110000011 4
76 000110000 2

Matching output
0 absent
1 absent
2 absent
3 absent
4 absent
5 absent
6 absent
7 absent

Left
none
Best: none

Right
none
Best: none

OR-NOT
01 111111111 a match 1
12 111111111 a match 1
23 111010000 4
34 110111111 8
45 111001111 7 match 7
56 001111100 5
67 111001111 7 match 7
70 010111010 5

02 111111111 a match 1
13 111110101 7 match 2
24 111110010 6 match 3
35 110101111 7 match 4
46 001111101 6 match 5
57 101111111 8 match 6
60 111001111 7 match 7
71 010111010 5

03 111110101 7 match 2
14 111110111 8
25 111000011 5
36 000111111 6
47 101001111 6
50 001111110 6
61 111001111 7 match 7
72 010111111 7

04 111110111 8
15 111110111 8
26 111111000 6
37 101101111 7
40 001001111 5
51 001111110 6
62 111111111 a match 1
73 111110000 5

05 111110111 8
16 111111101 8
27 111001111 7 match 7
30 000101111 5
41 001001111 5
52 001111111 7
63 111010111 7
74 110110010 5

06 111111101 8
17 111111111 a match 1
20 111001010 5
31 000101111 5
42 001111111 7
53 111111100 7
64 111110111 8
75 110110011 6

07 111111111 a match 1
10 111111111 a match 1
21 111001010 5
32 000111111 6
43 111011101 7
54 111111110 8
65 111000111 6
76 010111000 4

Matching output
0 absent
1 01 12 02 62 17 07 10
2 13 03
3 24
4 35
5 46
6 57
7 45 67 60 61 27

Left
none
Best: none

Right
45 34x
67 56x
60 57 46 35 24 13 02 71x
61 50x
27 16x
Best: OR-NOT60 57 46 35 24 13 02: 7

XOR-NOT
01 111111111 a match 1
12 111001010 5
23 000010000 1
34 110011101 6
45 111001110 6
56 001000100 2
67 010001000 2
70 010111010 5

02 111001010 5
13 000100101 3
24 001110010 4
35 110101100 5
46 001110101 5
57 100110011 5
60 111001101 6 match 0
71 010111010 5

03 000100101 3
14 001000111 4
25 001000011 3
36 000010111 4
47 100000010 2
50 001110110 5
61 111001101 6 match 0
72 010001111 5

04 001000111 4
15 001110110 5
26 111111000 6
37 101100000 3
40 001000111 4
51 001110110 5
62 111111000 6
73 101100000 3

05 001110110 5
16 111001101 6 match 0
27 010001111 5
30 000100101 3
41 001000111 4
52 001000011 3
63 000010111 4
74 100000010 2

06 111001101 6 match 0
17 010111010 5
20 111001010 5
31 000100101 3
42 001110010 4
53 110101100 5
64 001110101 5
75 100110011 5

07 010111010 5
10 111111111 a match 1
21 111001010 5
32 000010000 1
43 110011101 6
54 111001110 6
65 001000100 2
76 010001000 2

Matching output
0 60 61 16 06
1 01 10
2 absent
3 absent
4 absent
5 absent
6 absent
7 absent

Left
60 71x
61 72x
16 27x
06 17x
Best: XOR-NOT60: 1

Right
none
Best: none

Selecting

Lefts
Identity none
NOT none
Constant none
AND none
OR OR24: 1
XOR none
AND-NOT none
OR-NOT none
XOR-NOT XOR-NOT60: 1

Rights
Identity none
NOT none
Constant none
AND none
OR OR46: 1
XOR none
AND-NOT none
OR-NOT OR-NOT60 57 46 35 24 13 02: 7
XOR-NOT none

Left longest: 1
Right longest: 7

Right winner: Identity no, NOT no, Constant no, AND no, OR no, XOR no, AND-NOT no, OR-NOT yes, XOR-NOT no
Left winner: Identity no, NOT no, Constant no, AND no, OR yes, XOR no, AND-NOT no, OR-NOT no, XOR-NOT no

Best right: OR-NOT60 57 46 35 24 13 02: 7
Best left: OR24: 1

Truncated right: OR-NOT60 57 46 35 24 13 02: 7
Truncated left: OR24: 1

Tentative from right
7 OR-NOT60
6 OR-NOT57
5 OR-NOT46
4 OR-NOT35
3 OR-NOT24
2 OR-NOT13
1 OR-NOT02
0 pending

Tentative
0 OR24
1 OR-NOT02
2 OR-NOT13
3 OR-NOT24
4 OR-NOT35
5 OR-NOT46
6 OR-NOT57
7 OR-NOT60

Preferred from right
7 OR-NOT60
6 OR-NOT57
5 OR-NOT46
4 OR-NOT35
3 OR-NOT24
2 OR-NOT13
1 OR-NOT02
0 OR24

Preferred from left
0 OR24
1 OR-NOT02
2 OR-NOT13
3 OR-NOT24
4 OR-NOT35
5 OR-NOT46
6 OR-NOT57
7 OR-NOT60

Preferred
0 OR24
1 OR-NOT02
2 OR-NOT13
3 OR-NOT24
4 OR-NOT35
5 OR-NOT46
6 OR-NOT57
7 OR-NOT60

Matching
0 OR24
1 OR-NOT02
2 OR-NOT13
3 OR-NOT24
4 OR-NOT35
5 OR-NOT46
6 OR-NOT57
7 OR-NOT60

Perfect match
Identity no
NOT no
Constant no
AND no
OR no
XOR no
AND-NOT no
OR-NOT no
XOR-NOT no

Matched
0 OR24
1 OR-NOT02
2 OR-NOT13
3 OR-NOT24
4 OR-NOT35
5 OR-NOT46
6 OR-NOT57
7 OR-NOT60


Reselect (whole-word coverage)
0 OR24
1 C1
2 I0
3 OR-NOT24
4 OR-NOT35
5 OR-NOT46
6 OR-NOT57
7 OR-NOT27
Selected
0 OR24
1 C1
2 I0
3 OR-NOT24
4 OR-NOT35
5 OR-NOT46
6 OR-NOT57
7 OR-NOT27

Applying to 00110001
Input
0 0
1 0
2 1
3 1
4 0
5 0
6 0
7 1
Output
0 OR24 = OR(1,0) = 1
1 C1 = 1
2 I0 = 0
3 OR-NOT24 = OR(1,NOT(0)) = 1
4 OR-NOT35 = OR(1,NOT(0)) = 1
5 OR-NOT46 = OR(0,NOT(0)) = 1
6 OR-NOT57 = OR(0,NOT(1)) = 0
7 OR-NOT27 = OR(1,NOT(1)) = 1

I will now return the answer in \boxed{}
The answer in \boxed is
\boxed{11011101}