We need to deduce the transformation by matching the example outputs.
I will put my final answer inside \boxed{}.

Output 0: 10111101
0 1
1 0
2 1
3 1
4 1
5 1
6 0
7 1

Output 1: 01101101
0 0
1 1
2 1
3 0
4 1
5 1
6 0
7 1

Output 2: 01110101
0 0
1 1
2 1
3 1
4 0
5 1
6 0
7 1

Output 3: 00011111
0 0
1 0
2 0
3 1
4 1
5 1
6 1
7 1

Output 4: 10101110
0 1
1 0
2 1
3 0
4 1
5 1
6 1
7 0

Output 5: 11011011
0 1
1 1
2 0
3 1
4 1
5 0
6 1
7 1

Output 6: 11011011
0 1
1 1
2 0
3 1
4 1
5 0
6 1
7 1

Output 7: 01010111
0 0
1 1
2 0
3 1
4 0
5 1
6 1
7 1

Output bit columns (with bitsum as hash)
0 10001110 4
1 01100111 5
2 11101000 4
3 10110111 6
4 11011110 6
5 11111001 6
6 00011111 5
7 11110111 7

Input 0: 00001011
0 0
1 0
2 0
3 0
4 1
5 0
6 1
7 1

Input 1: 01101010
0 0
1 1
2 1
3 0
4 1
5 0
6 1
7 0

Input 2: 00101110
0 0
1 0
2 1
3 0
4 1
5 1
6 1
7 0

Input 3: 11111101
0 1
1 1
2 1
3 1
4 1
5 1
6 0
7 1

Input 4: 01000111
0 0
1 1
2 0
3 0
4 0
5 1
6 1
7 1

Input 5: 11010000
0 1
1 1
2 0
3 1
4 0
5 0
6 0
7 0

Input 6: 11011000
0 1
1 1
2 0
3 1
4 1
5 0
6 0
7 0

Input 7: 10111010
0 1
1 0
2 1
3 1
4 1
5 0
6 1
7 0

When matching output
x: not in operator
y: wrong position

Identity
0 00010111 4
1 01011110 5
2 01110001 4
3 00010111 4
4 11110011 6
5 00111000 3
6 11101001 5
7 10011000 3

Matching output
0 absent
1 absent
2 absent
3 absent
4 absent
5 absent
6 absent
7 absent

Left
none
Best: none

Right
none
Best: none

NOT
0 11101000 4 match 2
1 10100001 3
2 10001110 4 match 0
3 11101000 4 match 2
4 00001100 2
5 11000111 5
6 00010110 3
7 01100111 5 match 1

Matching output
0 2
1 7
2 0 3
3 absent
4 absent
5 absent
6 absent
7 absent

Left
2 3y
Best: NOT2: 1

Right
none
Best: none

Constant
0 00000000 a
1 11111111 a

Matching output
0 absent
1 absent
2 absent
3 absent
4 absent
5 absent
6 absent
7 absent

Left
none
Best: none

Right
none
Best: none

AND
01 10 00010110 3
12 21 01010000 2
23 32 00010001 2
34 43 00010011 3
45 54 00110000 2
56 65 00101000 2
67 76 10001000 2
70 07 00010000 1

02 20 00010001 2
13 31 00010110 3
24 42 01110001 4
35 53 00010000 1
46 64 11100001 4
57 75 00011000 2
60 06 00000001 1
71 17 00011000 2

03 30 00010111 4
14 41 01010010 3
25 52 00110000 2
36 63 00000001 1
47 74 10010000 2
50 05 00010000 1
61 16 01001000 2
72 27 00010000 1

04 40 00010011 3
15 51 00011000 2
26 62 01100001 3
37 73 00010000 1

Matching output
0 absent
1 absent
2 absent
3 absent
4 absent
5 absent
6 absent
7 absent

Left
none
Best: none

Right
none
Best: none

OR
01 10 01011111 6
12 21 01111111 7
23 32 01110111 6
34 43 11110111 7 match 7
45 54 11111011 7
56 65 11111001 6 match 5
67 76 11111001 6 match 5
70 07 10011111 6

02 20 01110111 6
13 31 01011111 6
24 42 11110011 6
35 53 00111111 6
46 64 11111011 7
57 75 10111000 4
60 06 11111111 a
71 17 11011110 6 match 4

03 30 00010111 4
14 41 11111111 a
25 52 01111001 5
36 63 11111111 a
47 74 11111011 7
50 05 00111111 6
61 16 11111111 a
72 27 11111001 6 match 5

04 40 11110111 7 match 7
15 51 01111110 6
26 62 11111001 6 match 5
37 73 10011111 6

Matching output
0 absent
1 absent
2 absent
3 absent
4 71 17
5 56 65 67 76 72 27 26 62
6 absent
7 34 43 04 40

Left
none
Best: none

Right
34 23x
43 32x
04 73x
40 37x
Best: OR34: 1

XOR
01 10 01001001 3
12 21 00101111 5
23 32 01100110 4
34 43 11100100 4
45 54 11001011 5
56 65 11010001 4
67 76 01110001 4
70 07 10001111 5

02 20 01100110 4
13 31 01001001 3
24 42 10000010 2
35 53 00101111 5
46 64 00011010 3
57 75 10100000 2
60 06 11111110 7
71 17 11000110 4

03 30 00000000 a
14 41 10101101 5
25 52 01001001 3
36 63 11111110 7
47 74 01101011 5
50 05 00101111 5
61 16 10110111 6 match 3
72 27 11101001 5

04 40 11100100 4
15 51 01100110 4
26 62 10011000 3
37 73 10001111 5

Matching output
0 absent
1 absent
2 absent
3 61 16
4 absent
5 absent
6 absent
7 absent

Left
none
Best: none

Right
none
Best: none

AND-NOT
01 00000001 1
12 00001110 3
23 01100000 2
34 00000100 1
45 11000011 4
56 00010000 1
67 01100001 3
70 10001000 2

02 00000110 2
13 01001000 2
24 00000000 a
35 00000111 3
46 00010010 2
57 00100000 1
60 11101000 4 match 2
71 10000000 1

03 00000000 a
14 00001100 2
25 01000001 2
36 00010110 3
47 01100011 4
50 00101000 2
61 10100001 3
72 10001000 2

04 00000100 1
15 01000110 3
26 00010000 1
37 00000111 3
40 11100000 3
51 00100000 1
62 10001000 2
73 10001000 2

05 00000111 3
16 00010110 3
27 01100001 3
30 00000000 a
41 10100001 3
52 00001000 1
63 11101000 4 match 2
74 00001000 1

06 00010110 3
17 01000110 3
20 01100000 2
31 00000001 1
42 10000010 2
53 00101000 2
64 00001000 1
75 10000000 1

07 00000111 3
10 01001000 2
21 00100001 2
32 00000110 2
43 11100000 3
54 00001000 1
65 11000001 3
76 00010000 1

Matching output
0 absent
1 absent
2 60 63
3 absent
4 absent
5 absent
6 absent
7 absent

Left
none
Best: none

Right
none
Best: none

OR-NOT
01 10110111 6 match 3
12 11011110 6 match 4
23 11111001 6 match 5
34 00011111 5 match 6
45 11110111 7 match 7
56 00111110 5
67 11101111 7
70 11111000 5

02 10011111 6
13 11111110 7
24 01111101 6
35 11010111 6
46 11110111 7 match 7
57 01111111 7
60 11101001 5
71 10111001 5

03 11111111 a
14 01011110 5
25 11110111 7 match 7
36 00010111 4
47 11110111 7 match 7
50 11111000 5
61 11101001 5
72 10011110 5

04 00011111 5 match 6
15 11011111 7
26 01110111 6
37 01110111 6
40 11111011 7
51 10111001 5
62 11101111 7
73 11111000 5

05 11010111 6
16 01011110 5
27 01110111 6
30 11111111 a
41 11110011 6
52 10111110 6
63 11101001 5
74 10011100 4

06 00010111 4
17 01111111 7
20 11111001 6 match 5
31 10110111 6 match 3
42 11111111 a
53 11111000 5
64 11101101 6
75 11011111 7

07 01110111 6
10 11111110 7
21 11110001 5
32 10011111 6
43 11111011 7
54 00111100 4
65 11101111 7
76 10011110 5

Matching output
0 absent
1 absent
2 absent
3 01 31
4 12
5 23 20
6 34 04
7 45 46 25 47

Left
none
Best: none

Right
45 34 23 12 01 70x
46 35x
25 14x
47 36x
Best: OR-NOT45 34 23 12 01: 5

XOR-NOT
01 10110110 5
12 11010000 3
23 10011001 4
34 00011011 4
45 00110100 3
56 00101110 4
67 10001110 4 match 0
70 01110000 3

02 10011001 4
13 10110110 5
24 01111101 6
35 11010000 3
46 11100101 5
57 01011111 6
60 00000001 1
71 00111001 4

03 11111111 a
14 01010010 3
25 10110110 5
36 00000001 1
47 10010100 3
50 11010000 3
61 01001000 2
72 00010110 3

04 00011011 4
15 10011001 4
26 01100111 5 match 1
37 01110000 3
40 00011011 4
51 10011001 4
62 01100111 5 match 1
73 01110000 3

05 11010000 3
16 01001000 2
27 00010110 3
30 11111111 a
41 01010010 3
52 10110110 5
63 00000001 1
74 10010100 3

06 00000001 1
17 00111001 4
20 10011001 4
31 10110110 5
42 01111101 6
53 11010000 3
64 11100101 5
75 01011111 6

07 01110000 3
10 10110110 5
21 11010000 3
32 10011001 4
43 00011011 4
54 00110100 3
65 00101110 4
76 10001110 4 match 0

Matching output
0 67 76
1 26 62
2 absent
3 absent
4 absent
5 absent
6 absent
7 absent

Left
67 70x
76 07x
Best: XOR-NOT67: 1

Right
none
Best: none

Selecting

Lefts
Identity none
NOT NOT2: 1
Constant none
AND none
OR none
XOR none
AND-NOT none
OR-NOT none
XOR-NOT XOR-NOT67: 1

Rights
Identity none
NOT none
Constant none
AND none
OR OR34: 1
XOR none
AND-NOT none
OR-NOT OR-NOT45 34 23 12 01: 5
XOR-NOT none

Left longest: 1
Right longest: 5

Right winner: Identity no, NOT no, Constant no, AND no, OR no, XOR no, AND-NOT no, OR-NOT yes, XOR-NOT no
Left winner: Identity no, NOT yes, Constant no, AND no, OR no, XOR no, AND-NOT no, OR-NOT no, XOR-NOT no

Best right: OR-NOT45 34 23 12 01: 5
Best left: NOT2: 1

Truncated right: OR-NOT45 34 23 12 01: 5
Truncated left: NOT2: 1

Tentative from right
7 OR-NOT45
6 OR-NOT34
5 OR-NOT23
4 OR-NOT12
3 OR-NOT01
2 pending
1 pending
0 pending

Tentative
0 NOT2
1 pending
2 pending
3 OR-NOT01
4 OR-NOT12
5 OR-NOT23
6 OR-NOT34
7 OR-NOT45

Preferred from right
7 OR-NOT45
6 OR-NOT34
5 OR-NOT23
4 OR-NOT12
3 OR-NOT01
2 ?70
1 ?67
0 NOT2

Preferred from left
0 NOT2
1 ?67
2 ?70
3 OR-NOT01
4 OR-NOT12
5 OR-NOT23
6 OR-NOT34
7 OR-NOT45

Preferred
0 NOT2
1 ?67 ?76
2 ?70 ?07
3 OR-NOT01
4 OR-NOT12
5 OR-NOT23
6 OR-NOT34
7 OR-NOT45

Matching
0 NOT2
1 ?67 ?76 - Identity absent, NOT NOT7, Constant absent, AND absent, OR absent, XOR absent, AND-NOT absent, OR-NOT absent, XOR-NOT absent
2 ?70 ?07 - Identity absent, NOT NOT0, Constant absent, AND absent, OR absent, XOR absent, AND-NOT absent, OR-NOT absent, XOR-NOT absent
3 OR-NOT01
4 OR-NOT12
5 OR-NOT23
6 OR-NOT34
7 OR-NOT45

Perfect match
Identity no
NOT yes
Constant no
AND no
OR no
XOR no
AND-NOT no
OR-NOT no
XOR-NOT no

Matched
0 NOT2
1 NOT7
2 NOT0
3 OR-NOT01
4 OR-NOT12
5 OR-NOT23
6 OR-NOT34
7 OR-NOT45


Reselect (whole-word coverage)
0 XOR-NOT67
1 NOT7
2 NOT0
3 XOR16
4 OR17
5 OR26
6 OR-NOT04
7 OR04
Selected
0 XOR-NOT67
1 NOT7
2 NOT0
3 XOR16
4 OR17
5 OR26
6 OR-NOT04
7 OR04

Applying to 01001010
Input
0 0
1 1
2 0
3 0
4 1
5 0
6 1
7 0
Output
0 XOR-NOT67 = XOR(1,NOT(0)) = 0
1 NOT7 = NOT(0) = 1
2 NOT0 = NOT(0) = 1
3 XOR16 = XOR(1,1) = 0
4 OR17 = OR(1,0) = 1
5 OR26 = OR(0,1) = 1
6 OR-NOT04 = OR(0,NOT(1)) = 0
7 OR04 = OR(0,1) = 1

I will now return the answer in \boxed{}
The answer in \boxed is
\boxed{01101101}