We need to deduce the transformation by matching the example outputs.
I will put my final answer inside \boxed{}.

Output 0: 00010011
0 0
1 0
2 0
3 1
4 0
5 0
6 1
7 1

Output 1: 00010000
0 0
1 0
2 0
3 1
4 0
5 0
6 0
7 0

Output 2: 01100101
0 0
1 1
2 1
3 0
4 0
5 1
6 0
7 1

Output 3: 00010101
0 0
1 0
2 0
3 1
4 0
5 1
6 0
7 1

Output 4: 01000111
0 0
1 1
2 0
3 0
4 0
5 1
6 1
7 1

Output 5: 01101010
0 0
1 1
2 1
3 0
4 1
5 0
6 1
7 0

Output 6: 10001011
0 1
1 0
2 0
3 0
4 1
5 0
6 1
7 1

Output 7: 01000110
0 0
1 1
2 0
3 0
4 0
5 1
6 1
7 0

Output 8: 00110101
0 0
1 0
2 1
3 1
4 0
5 1
6 0
7 1

Output bit columns (with bitsum as hash)
0 000000100 1
1 001011010 4
2 001001001 3
3 110100001 4
4 000001100 2
5 001110011 5
6 100011110 5
7 101110101 6

Input 0: 00110001
0 0
1 0
2 1
3 1
4 0
5 0
6 0
7 1

Input 1: 00001001
0 0
1 0
2 0
3 0
4 1
5 0
6 0
7 1

Input 2: 01010110
0 0
1 1
2 0
3 1
4 0
5 1
6 1
7 0

Input 3: 01010001
0 0
1 1
2 0
3 1
4 0
5 0
6 0
7 1

Input 4: 01110100
0 0
1 1
2 1
3 1
4 0
5 1
6 0
7 0

Input 5: 10100110
0 1
1 0
2 1
3 0
4 0
5 1
6 1
7 0

Input 6: 10111000
0 1
1 0
2 1
3 1
4 1
5 0
6 0
7 0

Input 7: 01100100
0 0
1 1
2 1
3 0
4 0
5 1
6 0
7 0

Input 8: 01011011
0 0
1 1
2 0
3 1
4 1
5 0
6 1
7 1

When matching output
x: not in operator
y: wrong position

Identity
0 000001100 2 match 4
1 001110011 5 match 5
2 100011110 5 match 6
3 101110101 6 match 7
4 010000101 3
5 001011010 4 match 1
6 001001001 3 match 2
7 110100001 4 match 3

Matching output
0 absent
1 5
2 6
3 7
4 0
5 1
6 2
7 3

Left
none
Best: none

Right
3 2 1 0 7 6 5 4x
Best: I3 2 1 0 7 6 5: 7

NOT
0 111110011 7
1 110001100 4
2 011100001 4
3 010001010 3
4 101111010 6
5 110100101 5
6 110110110 6
7 001011110 5

Matching output
0 absent
1 absent
2 absent
3 absent
4 absent
5 absent
6 absent
7 absent

Left
none
Best: none

Right
none
Best: none

Constant
0 000000000 a
1 111111111 a

Matching output
0 absent
1 absent
2 absent
3 absent
4 absent
5 absent
6 absent
7 absent

Left
none
Best: none

Right
none
Best: none

AND
01 10 000000000 a
12 21 000010010 2
23 32 100010100 3
34 43 000000101 2
45 54 000000000 a
56 65 001001000 2
67 76 000000001 1
70 07 000000000 a

02 20 000001100 2 match 4
13 31 001110001 4
24 42 000000100 1 match 0
35 53 001010000 2
46 64 000000001 1
57 75 000000000 a
60 06 000001000 1
71 17 000100001 2

03 30 000000100 1 match 0
14 41 000000001 1
25 52 000011010 3
36 63 001000001 2
47 74 010000001 2
50 05 000001000 1
61 16 001000001 2
72 27 100000000 1

04 40 000000100 1 match 0
15 51 001010010 3
26 62 000001000 1
37 73 100100001 3

Matching output
0 24 42 03 30 04 40
1 absent
2 absent
3 absent
4 02 20
5 absent
6 absent
7 absent

Left
24 35x
42 53x
03 14x
30 41x
04 15x
40 51x
Best: AND24: 1

Right
none
Best: none

OR
01 10 001111111 7
12 21 101111111 8
23 32 101111111 8
34 43 111110101 7
45 54 011011111 7
56 65 001011011 5
67 76 111101001 6
70 07 110101101 6

02 20 100011110 5 match 6
13 31 101110111 7
24 42 110011111 7
35 53 101111111 8
46 64 011001101 5
57 75 111111011 8
60 06 001001101 4
71 17 111110011 7

03 30 101111101 7
14 41 011110111 7
25 52 101011110 6
36 63 101111101 7
47 74 110100101 5
50 05 001011110 5
61 16 001111011 6
72 27 110111111 8

04 40 010001101 4
15 51 001111011 6
26 62 101011111 7
37 73 111110101 7

Matching output
0 absent
1 absent
2 absent
3 absent
4 absent
5 absent
6 02 20
7 absent

Left
none
Best: none

Right
none
Best: none

XOR
01 10 001111111 7
12 21 101101101 6
23 32 001101011 5
34 43 111110000 5
45 54 011011111 7
56 65 000010011 3
67 76 111101000 5
70 07 110101101 6

02 20 100010010 3
13 31 100000110 3
24 42 110011011 6
35 53 100101111 6
46 64 011001100 4
57 75 111111011 8
60 06 001000101 3
71 17 111010010 5

03 30 101111001 6
14 41 011110110 6
25 52 101000100 3
36 63 100111100 5
47 74 100100100 3
50 05 001010110 4
61 16 000111010 4
72 27 010111111 7

04 40 010001001 3
15 51 000101001 3
26 62 101010111 6
37 73 011010100 4

Matching output
0 absent
1 absent
2 absent
3 absent
4 absent
5 absent
6 absent
7 absent

Left
none
Best: none

Right
none
Best: none

AND-NOT
01 000001100 2 match 4
12 001100001 3
23 000001010 2
34 101110000 4
45 010000101 3
56 000010010 2
67 001001000 2
70 110100001 4 match 3

02 000000000 a
13 000000010 1
24 100011010 4
35 100100101 4
46 010000100 2
57 001011010 4 match 1
60 001000001 2
71 110000000 2

03 000001000 1
14 001110010 4
25 100000100 2
36 100110100 4
47 000000100 1 match 0
50 001010010 3
61 000001000 1
72 010100001 3

04 000001000 1
15 000100001 2
26 100010110 4
37 001010100 3
40 010000001 2
51 000001000 1
62 001000001 2
73 010000000 1

05 000000100 1 match 0
16 000110010 3
27 000011110 4
30 101110001 5
41 010000100 2
52 001000000 1
63 000001000 1
74 100100000 2

06 000000100 1 match 0
17 001010010 3
20 100010010 3
31 100000100 2
42 010000001 2
53 000001010 2
64 001001000 2
75 110100001 4 match 3

07 000001100 2 match 4
10 001110011 5 match 5
21 100001100 3
32 001100001 3
43 010000000 1
54 001011010 4 match 1
65 000000001 1
76 110100000 3

Matching output
0 47 05 06
1 57 54
2 absent
3 70 75
4 01 07
5 10
6 absent
7 absent

Left
47 50x
05 16x
06 17x
Best: AND-NOT47: 1

Right
none
Best: none

OR-NOT
01 110001100 4
12 011110011 6
23 110011110 6
34 101111111 8
45 110100101 5
56 111111110 8
67 001011111 6
70 111110011 7

02 011101101 6
13 011111011 7
24 101111110 7
35 111110101 7
46 110110111 7
57 001011110 5
60 111111011 8
71 110101101 6

03 010001110 4
14 101111011 7
25 110111111 8
36 111110111 8
47 011011111 7
50 111111011 8
61 111001101 6
72 111100001 5

04 101111110 7
15 111110111 8
26 110111110 7
37 101111111 8
40 111110111 8
51 111011110 7
62 011101001 5
73 110101011 6

05 110101101 6
16 111110111 8
27 101011110 6
30 111110111 8
41 110001101 5
52 011111011 7
63 011001011 5
74 111111011 8

06 110111110 7
17 001111111 7
20 111111111 a
31 111111101 8
42 011100101 5
53 011011010 5
64 101111011 7
75 110100101 5

07 001011110 5
10 111110011 7
21 110011110 6
32 111110101 7
43 010001111 5
54 101111010 6
65 111101101 7
76 110110111 7

Matching output
0 absent
1 absent
2 absent
3 absent
4 absent
5 absent
6 absent
7 absent

Left
none
Best: none

Right
none
Best: none

XOR-NOT
01 110000000 2
12 010010010 3
23 110010100 4
34 000001111 4
45 100100000 2
56 111101100 6
67 000010111 4
70 001010010 3

02 011101101 6
13 011111001 6
24 001100100 3
35 011010000 3
46 100110011 5
57 000000100 1 match 0
60 110111010 6
71 000101101 4

03 010000110 3
14 100001001 3
25 010111011 6
36 011000011 4
47 011011011 6
50 110101001 5
61 111000101 5
72 101000000 2

04 101110110 6
15 111010110 6
26 010101000 3
37 100101011 5
40 101110110 6
51 111010110 6
62 010101000 3
73 100101011 5

05 110101001 5
16 111000101 5
27 101000000 2
30 010000110 3
41 100001001 3
52 010111011 6
63 011000011 4
74 011011011 6

06 110111010 6
17 000101101 4
20 011101101 6
31 011111001 6
42 001100100 3
53 011010000 3
64 100110011 5
75 000000100 1 match 0

07 001010010 3
10 110000000 2
21 010010010 3
32 110010100 4
43 000001111 4
54 100100000 2
65 111101100 6
76 000010111 4

Matching output
0 57 75
1 absent
2 absent
3 absent
4 absent
5 absent
6 absent
7 absent

Left
57 60x
75 06x
Best: XOR-NOT57: 1

Right
none
Best: none

Selecting

Lefts
Identity none
NOT none
Constant none
AND AND24: 1
OR none
XOR none
AND-NOT AND-NOT47: 1
OR-NOT none
XOR-NOT XOR-NOT57: 1

Rights
Identity I3 2 1 0 7 6 5: 7
NOT none
Constant none
AND none
OR none
XOR none
AND-NOT none
OR-NOT none
XOR-NOT none

Left longest: 1
Right longest: 7

Right winner: Identity yes, NOT no, Constant no, AND no, OR no, XOR no, AND-NOT no, OR-NOT no, XOR-NOT no
Left winner: Identity no, NOT no, Constant no, AND yes, OR no, XOR no, AND-NOT no, OR-NOT no, XOR-NOT no

Best right: I3 2 1 0 7 6 5: 7
Best left: AND24: 1

Truncated right: I3 2 1 0 7 6 5: 7
Truncated left: AND24: 1

Tentative from right
7 I3
6 I2
5 I1
4 I0
3 I7
2 I6
1 I5
0 pending

Tentative
0 AND24
1 I5
2 I6
3 I7
4 I0
5 I1
6 I2
7 I3

Preferred from right
7 I3
6 I2
5 I1
4 I0
3 I7
2 I6
1 I5
0 AND24

Preferred from left
0 AND24
1 I5
2 I6
3 I7
4 I0
5 I1
6 I2
7 I3

Preferred
0 AND24
1 I5
2 I6
3 I7
4 I0
5 I1
6 I2
7 I3

Matching
0 AND24
1 I5
2 I6
3 I7
4 I0
5 I1
6 I2
7 I3

Perfect match
Identity no
NOT no
Constant no
AND no
OR no
XOR no
AND-NOT no
OR-NOT no
XOR-NOT no

Matched
0 AND24
1 I5
2 I6
3 I7
4 I0
5 I1
6 I2
7 I3

Selected
0 CH(7,0,4)
1 I5
2 I6
3 I7
4 I0
5 I1
6 I2
7 I3

Applying to 01001000
Input
0 0
1 1
2 0
3 0
4 1
5 0
6 0
7 0
Output
0 CH(7,0,4) = CH(0,0,1) = 1
1 I5 = 0
2 I6 = 0
3 I7 = 0
4 I0 = 0
5 I1 = 1
6 I2 = 0
7 I3 = 0

I will now return the answer in \boxed{}
The answer in \boxed{–} is \boxed{10000100}