We need to deduce the transformation by matching the example outputs.
I will put my final answer inside \boxed{}.

Output 0: 11011010
0 1
1 1
2 0
3 1
4 1
5 0
6 1
7 0

Output 1: 11010110
0 1
1 1
2 0
3 1
4 0
5 1
6 1
7 0

Output 2: 10111010
0 1
1 0
2 1
3 1
4 1
5 0
6 1
7 0

Output 3: 00011101
0 0
1 0
2 0
3 1
4 1
5 1
6 0
7 1

Output 4: 00011111
0 0
1 0
2 0
3 1
4 1
5 1
6 1
7 1

Output 5: 01101110
0 0
1 1
2 1
3 0
4 1
5 1
6 1
7 0

Output 6: 11011110
0 1
1 1
2 0
3 1
4 1
5 1
6 1
7 0

Output 7: 01101110
0 0
1 1
2 1
3 0
4 1
5 1
6 1
7 0

Output bit columns (with bitsum as hash)
0 11100010 4
1 11000111 5
2 00100101 3
3 11111010 6
4 10111111 7
5 01011111 6
6 11101111 7
7 00011000 2

Input 0: 10100100
0 1
1 0
2 1
3 0
4 0
5 1
6 0
7 0

Input 1: 01101101
0 0
1 1
2 1
3 0
4 1
5 1
6 0
7 1

Input 2: 10100001
0 1
1 0
2 1
3 0
4 0
5 0
6 0
7 1

Input 3: 01011100
0 0
1 1
2 0
3 1
4 1
5 1
6 0
7 0

Input 4: 01111100
0 0
1 1
2 1
3 1
4 1
5 1
6 0
7 0

Input 5: 11100010
0 1
1 1
2 1
3 0
4 0
5 0
6 1
7 0

Input 6: 01100100
0 0
1 1
2 1
3 0
4 0
5 1
6 0
7 0

Input 7: 00100010
0 0
1 0
2 1
3 0
4 0
5 0
6 1
7 0

When matching output
x: not in operator
y: wrong position

Identity
0 10100100 3
1 01011110 5
2 11101111 7 match 6
3 00011000 2 match 7
4 01011000 3
5 11011010 5
6 00000101 2
7 01100000 2

Matching output
0 absent
1 absent
2 absent
3 absent
4 absent
5 absent
6 2
7 3

Left
none
Best: none

Right
3 2 1x
Best: I3 2: 2

NOT
0 01011011 5
1 10100001 3
2 00010000 1
3 11100111 6
4 10100111 5
5 00100101 3 match 2
6 11111010 6 match 3
7 10011111 6

Matching output
0 absent
1 absent
2 5
3 6
4 absent
5 absent
6 absent
7 absent

Left
none
Best: none

Right
none
Best: none

Constant
0 00000000 a
1 11111111 a

Matching output
0 absent
1 absent
2 absent
3 absent
4 absent
5 absent
6 absent
7 absent

Left
none
Best: none

Right
none
Best: none

AND
01 10 00000100 1
12 21 01001110 4
23 32 00001000 1
34 43 00011000 2 match 7
45 54 01011000 3
56 65 00000000 a
67 76 00000000 a
70 07 00100000 1

02 20 10100100 3
13 31 00011000 2 match 7
24 42 01001000 2
35 53 00011000 2 match 7
46 64 00000000 a
57 75 01000000 1
60 06 00000100 1
71 17 01000000 1

03 30 00000000 a
14 41 01011000 3
25 52 11001010 4
36 63 00000000 a
47 74 01000000 1
50 05 10000000 1
61 16 00000100 1
72 27 01100000 2

04 40 00000000 a
15 51 01011010 4
26 62 00000101 2
37 73 00000000 a

Matching output
0 absent
1 absent
2 absent
3 absent
4 absent
5 absent
6 absent
7 34 43 13 31 35 53

Left
none
Best: none

Right
34 23x
43 32x
13 02x
31 20x
35 24x
53 42x
Best: AND34: 1

OR
01 10 11111110 7
12 21 11111111 a
23 32 11111111 a
34 43 01011000 3
45 54 11011010 5
56 65 11011111 7
67 76 01100101 4
70 07 11100100 4

02 20 11101111 7 match 6
13 31 01011110 5
24 42 11111111 a
35 53 11011010 5
46 64 01011101 5
57 75 11111010 6 match 3
60 06 10100101 4
71 17 01111110 6

03 30 10111100 5
14 41 01011110 5
25 52 11111111 a
36 63 00011101 4
47 74 01111000 4
50 05 11111110 7
61 16 01011111 6 match 5
72 27 11101111 7 match 6

04 40 11111100 6
15 51 11011110 6
26 62 11101111 7 match 6
37 73 01111000 4

Matching output
0 absent
1 absent
2 absent
3 57 75
4 absent
5 61 16
6 02 20 72 27 26 62
7 absent

Left
none
Best: none

Right
none
Best: none

XOR
01 10 11111010 6 match 3
12 21 10110001 4
23 32 11110111 7
34 43 01000000 1
45 54 10000010 2
56 65 11011111 7
67 76 01100101 4
70 07 11000100 3

02 20 01001011 4
13 31 01000110 3
24 42 10110111 6
35 53 11000010 3
46 64 01011101 5
57 75 10111010 5
60 06 10100001 3
71 17 00111110 5

03 30 10111100 5
14 41 00000110 2
25 52 00110101 4
36 63 00011101 4
47 74 00111000 3
50 05 01111110 6
61 16 01011011 5
72 27 10001111 5

04 40 11111100 6
15 51 10000100 2
26 62 11101010 5
37 73 01111000 4

Matching output
0 absent
1 absent
2 absent
3 01 10
4 absent
5 absent
6 absent
7 absent

Left
none
Best: none

Right
none
Best: none

AND-NOT
01 10100000 2
12 00010000 1
23 11100111 6
34 00000000 a
45 00000000 a
56 11011010 5
67 00000101 2
70 01000000 1

02 00000000 a
13 01000110 3
24 10100111 5
35 00000000 a
46 01011000 3
57 10011010 4
60 00000001 1
71 00100000 1

03 10100100 3
14 00000110 2
25 00100101 3 match 2
36 00011000 2 match 7
47 00011000 2 match 7
50 01011010 4
61 00000001 1
72 00000000 a

04 10100100 3
15 00000100 1
26 11101010 5
37 00011000 2 match 7
40 01011000 3
51 10000000 1
62 00000000 a
73 01100000 2

05 00100100 2
16 01011010 4
27 10001111 5
30 00011000 2 match 7
41 00000000 a
52 00010000 1
63 00000101 2
74 00100000 1

06 10100000 2
17 00011110 4
20 01001011 4
31 00000000 a
42 00010000 1
53 11000010 3
64 00000101 2
75 00100000 1

07 10000100 2
10 01011010 4
21 10100001 3
32 00010000 1
43 01000000 1
54 10000010 2
65 00000101 2
76 01100000 2

Matching output
0 absent
1 absent
2 25
3 absent
4 absent
5 absent
6 absent
7 36 47 37 30

Left
none
Best: none

Right
36 25y
47 36y
37 26x
30 27x
Best: AND-NOT36: 1

OR-NOT
01 10100101 4
12 01011110 5
23 11101111 7 match 6
34 10111111 7 match 4
45 01111101 6
56 11111010 6 match 3
67 10011111 6
70 01111011 6

02 10110100 4
13 11111111 a
24 11101111 7 match 6
35 00111101 5
46 11111010 6 match 3
57 11011111 7
60 01011111 6 match 5
71 11100001 4

03 11100111 6
14 11111111 a
25 11101111 7 match 6
36 11111010 6 match 3
47 11011111 7
50 11011011 6
61 10100101 4
72 01110000 3

04 10100111 5
15 01111111 7
26 11111111 a
37 10011111 6
40 01011011 5
51 11111011 7
62 00010101 3
73 11100111 6

05 10100101 4
16 11111110 7
27 11111111 a
30 01011011 5
41 11111001 6
52 11011010 5
63 11100111 6
74 11100111 6

06 11111110 7
17 11011111 7
20 11111111 a
31 10111001 5
42 01011000 3
53 11111111 a
64 10100111 5
75 01100101 4

07 10111111 7 match 4
10 01011111 6 match 5
21 11101111 7 match 6
32 00011000 2 match 7
43 11111111 a
54 11111111 a
65 00100101 3 match 2
76 11111010 6 match 3

Matching output
0 absent
1 absent
2 65
3 56 46 36 76
4 34 07
5 60 10
6 23 24 25 21
7 32

Left
none
Best: none

Right
32 21 10 07 76 65 54x
Best: OR-NOT32 21 10 07 76 65: 6

XOR-NOT
01 00000101 2
12 01001110 4
23 00001000 1
34 10111111 7 match 4
45 01111101 6
56 00100000 1
67 10011010 4
70 00111011 5

02 10110100 4
13 10111001 5
24 01001000 2
35 00111101 5
46 10100010 3
57 01000101 3
60 01011110 5
71 11000001 3

03 01000011 3
14 11111001 6
25 11001010 4
36 11100010 4 match 0
47 11000111 5 match 1
50 10000001 2
61 10100100 3
72 01110000 3

04 00000011 2
15 01111011 6
26 00010101 3
37 10000111 4
40 00000011 2
51 01111011 6
62 00010101 3
73 10000111 4

05 10000001 2
16 10100100 3
27 01110000 3
30 01000011 3
41 11111001 6
52 11001010 4
63 11100010 4 match 0
74 11000111 5 match 1

06 01011110 5
17 11000001 3
20 10110100 4
31 10111001 5
42 01001000 2
53 00111101 5
64 10100010 3
75 01000101 3

07 00111011 5
10 00000101 2
21 01001110 4
32 00001000 1
43 10111111 7 match 4
54 01111101 6
65 00100000 1
76 10011010 4

Matching output
0 36 63
1 47 74
2 absent
3 absent
4 34 43
5 absent
6 absent
7 absent

Left
36 47 50x
63 74 05x
Best: XOR-NOT36 47: 2

Right
none
Best: none

Selecting

Lefts
Identity none
NOT none
Constant none
AND none
OR none
XOR none
AND-NOT none
OR-NOT none
XOR-NOT XOR-NOT36 47: 2

Rights
Identity I3 2: 2
NOT none
Constant none
AND AND34: 1
OR none
XOR none
AND-NOT AND-NOT36: 1
OR-NOT OR-NOT32 21 10 07 76 65: 6
XOR-NOT none

Left longest: 2
Right longest: 6

Right winner: Identity no, NOT no, Constant no, AND no, OR no, XOR no, AND-NOT no, OR-NOT yes, XOR-NOT no
Left winner: Identity no, NOT no, Constant no, AND no, OR no, XOR no, AND-NOT no, OR-NOT no, XOR-NOT yes

Best right: OR-NOT32 21 10 07 76 65: 6
Best left: XOR-NOT36 47: 2

Truncated right: OR-NOT32 21 10 07 76 65: 6
Truncated left: XOR-NOT36 47: 2

Tentative from right
7 OR-NOT32
6 OR-NOT21
5 OR-NOT10
4 OR-NOT07
3 OR-NOT76
2 OR-NOT65
1 pending
0 pending

Tentative
0 XOR-NOT36
1 XOR-NOT47
2 OR-NOT65
3 OR-NOT76
4 OR-NOT07
5 OR-NOT10
6 OR-NOT21
7 OR-NOT32

Preferred from right
7 OR-NOT32
6 OR-NOT21
5 OR-NOT10
4 OR-NOT07
3 OR-NOT76
2 OR-NOT65
1 XOR-NOT47
0 XOR-NOT36

Preferred from left
0 XOR-NOT36
1 XOR-NOT47
2 OR-NOT65
3 OR-NOT76
4 OR-NOT07
5 OR-NOT10
6 OR-NOT21
7 OR-NOT32

Preferred
0 XOR-NOT36
1 XOR-NOT47
2 OR-NOT65
3 OR-NOT76
4 OR-NOT07
5 OR-NOT10
6 OR-NOT21
7 OR-NOT32

Matching
0 XOR-NOT36
1 XOR-NOT47
2 OR-NOT65
3 OR-NOT76
4 OR-NOT07
5 OR-NOT10
6 OR-NOT21
7 OR-NOT32

Perfect match
Identity no
NOT no
Constant no
AND no
OR no
XOR no
AND-NOT no
OR-NOT no
XOR-NOT no

Matched
0 XOR-NOT36
1 XOR-NOT47
2 OR-NOT65
3 OR-NOT76
4 OR-NOT07
5 OR-NOT10
6 OR-NOT21
7 OR-NOT32


Reselect (whole-word coverage)
0 XOR-NOT36
1 XOR-NOT47
2 NOT5
3 NOT6
4 OR-NOT07
5 OR16
6 I2
7 I3
Selected
0 XOR-NOT36
1 XOR-NOT47
2 NOT5
3 NOT6
4 OR-NOT07
5 OR16
6 I2
7 I3

Applying to 11110111
Input
0 1
1 1
2 1
3 1
4 0
5 1
6 1
7 1
Output
0 XOR-NOT36 = XOR(1,NOT(1)) = 1
1 XOR-NOT47 = XOR(0,NOT(1)) = 0
2 NOT5 = NOT(1) = 0
3 NOT6 = NOT(1) = 0
4 OR-NOT07 = OR(1,NOT(1)) = 1
5 OR16 = OR(1,1) = 1
6 I2 = 1
7 I3 = 1

I will now return the answer in \boxed{}
The answer in \boxed{–} is \boxed{10001111}