We need to deduce the transformation by matching the example outputs.
I will put my final answer inside \boxed{}.

Output 0: 01110010
0 0
1 1
2 1
3 1
4 0
5 0
6 1
7 0

Output 1: 00110111
0 0
1 0
2 1
3 1
4 0
5 1
6 1
7 1

Output 2: 11110011
0 1
1 1
2 1
3 1
4 0
5 0
6 1
7 1

Output 3: 01011101
0 0
1 1
2 0
3 1
4 1
5 1
6 0
7 1

Output 4: 01010101
0 0
1 1
2 0
3 1
4 0
5 1
6 0
7 1

Output 5: 11000111
0 1
1 1
2 0
3 0
4 0
5 1
6 1
7 1

Output 6: 10010011
0 1
1 0
2 0
3 1
4 0
5 0
6 1
7 1

Output 7: 00010111
0 0
1 0
2 0
3 1
4 0
5 1
6 1
7 1

Output 8: 01101101
0 0
1 1
2 1
3 0
4 1
5 1
6 0
7 1

Output bit columns (with bitsum as hash)
0 001001100 3
1 101111001 6
2 111000001 4
3 111110110 7
4 000100001 2
5 010111011 6
6 111001110 6
7 011111111 8

Input 0: 01010011
0 0
1 1
2 0
3 1
4 0
5 0
6 1
7 1

Input 1: 00010010
0 0
1 0
2 0
3 1
4 0
5 0
6 1
7 0

Input 2: 00110011
0 0
1 0
2 1
3 1
4 0
5 0
6 1
7 1

Input 3: 11101000
0 1
1 1
2 1
3 0
4 1
5 0
6 0
7 0

Input 4: 11001010
0 1
1 1
2 0
3 0
4 1
5 0
6 1
7 0

Input 5: 00101110
0 0
1 0
2 1
3 0
4 1
5 1
6 1
7 0

Input 6: 00101011
0 0
1 0
2 1
3 0
4 1
5 0
6 1
7 1

Input 7: 00011010
0 0
1 0
2 0
3 1
4 1
5 0
6 1
7 0

Input 8: 11100100
0 1
1 1
2 1
3 0
4 0
5 1
6 0
7 0

When matching output
x: not in operator
y: wrong position

Identity
0 000110001 3
1 100110001 4
2 001101101 5
3 111000010 4
4 000111110 5
5 000001001 2
6 111011110 7
7 101000100 3

Matching output
0 absent
1 absent
2 absent
3 absent
4 absent
5 absent
6 absent
7 absent

Left
none
Best: none

Right
none
Best: none

NOT
0 111001110 6 match 6
1 011001110 5
2 110010010 4
3 000111101 5
4 111000001 4 match 2
5 111110110 7 match 3
6 000100001 2 match 4
7 010111011 6 match 5

Matching output
0 absent
1 absent
2 4
3 5
4 6
5 7
6 0
7 absent

Left
none
Best: none

Right
none
Best: none

Constant
0 000000000 a
1 111111111 a

Matching output
0 absent
1 absent
2 absent
3 absent
4 absent
5 absent
6 absent
7 absent

Left
none
Best: none

Right
none
Best: none

AND
01 10 000110001 3
12 21 000100001 2 match 4
23 32 001000000 1
34 43 000000010 1
45 54 000001000 1
56 65 000001000 1
67 76 101000100 3
70 07 000000000 a

02 20 000100001 2 match 4
13 31 100000000 1
24 42 000101100 3
35 53 000000000 a
46 64 000011110 4
57 75 000000000 a
60 06 000010000 1
71 17 100000000 1

03 30 000000000 a
14 41 000110000 2
25 52 000001001 2
36 63 111000010 4
47 74 000000100 1
50 05 000000001 1
61 16 100010000 2
72 27 001000100 2

04 40 000110000 2
15 51 000000001 1
26 62 001001100 3 match 0
37 73 101000000 2

Matching output
0 26 62
1 absent
2 absent
3 absent
4 12 21 02 20
5 absent
6 absent
7 absent

Left
26 37x
62 73x
Best: AND26: 1

Right
none
Best: none

OR
01 10 100110001 4
12 21 101111101 7
23 32 111101111 8
34 43 111111110 8
45 54 000111111 6
56 65 111011111 8
67 76 111011110 7
70 07 101110101 6

02 20 001111101 6
13 31 111110011 7
24 42 001111111 7
35 53 111001011 6
46 64 111111110 8
57 75 101001101 5
60 06 111111111 a
71 17 101110101 6

03 30 111110011 7
14 41 100111111 7
25 52 001101101 5
36 63 111011110 7
47 74 101111110 7
50 05 000111001 4
61 16 111111111 a
72 27 101101101 6

04 40 000111111 6
15 51 100111001 5
26 62 111111111 a
37 73 111000110 5

Matching output
0 absent
1 absent
2 absent
3 absent
4 absent
5 absent
6 absent
7 absent

Left
none
Best: none

Right
none
Best: none

XOR
01 10 100000000 1
12 21 101011100 5
23 32 110101111 7
34 43 111111100 7
45 54 000110111 5
56 65 111010111 7
67 76 010011010 4
70 07 101110101 6

02 20 001011100 4
13 31 011110011 6
24 42 001010011 4
35 53 111001011 6
46 64 111100000 4
57 75 101001101 5
60 06 111101111 8
71 17 001110101 5

03 30 111110011 7
14 41 100001111 5
25 52 001100100 3
36 63 000011100 3
47 74 101111010 6
50 05 000111000 3
61 16 011101111 7
72 27 100101001 4

04 40 000001111 4
15 51 100111000 4
26 62 110110011 6
37 73 010000110 3

Matching output
0 absent
1 absent
2 absent
3 absent
4 absent
5 absent
6 absent
7 absent

Left
none
Best: none

Right
none
Best: none

AND-NOT
01 000000000 a
12 100010000 2
23 000101101 4
34 111000000 3
45 000110110 4
56 000000001 1
67 010011010 4
70 101000100 3

02 000010000 1
13 000110001 3
24 001000001 2
35 111000010 4
46 000100000 1
57 000001001 2
60 111001110 6 match 6
71 001000100 2

03 000110001 3
14 100000001 2
25 001100100 3
36 000000000 a
47 000111010 4
50 000001000 1
61 011001110 5
72 100000000 1

04 000000001 1
15 100110000 3
26 000100001 2 match 4
37 010000010 2
40 000001110 3
51 000001000 1
62 110010010 4
73 000000100 1

05 000110000 2
16 000100001 2 match 4
27 000101001 3
30 111000010 4
41 000001110 3
52 000000000 a
63 000011100 3
74 101000000 2

06 000100001 2 match 4
17 000110001 3
20 001001100 3 match 0
31 011000010 3
42 000010010 2
53 000001001 2
64 111000000 3
75 101000100 3

07 000110001 3
10 100000000 1
21 001001100 3 match 0
32 110000010 3
43 000111100 4
54 000000001 1
65 111010110 6
76 000000000 a

Matching output
0 20 21
1 absent
2 absent
3 absent
4 26 16 06
5 absent
6 60
7 absent

Left
20 31x
21 32x
Best: AND-NOT20: 1

Right
none
Best: none

OR-NOT
01 011111111 8 match 7
12 110110011 6
23 001111101 6
34 111000011 5
45 111111110 8
56 000101001 3
67 111111111 a
70 111001110 6 match 6

02 110110011 6
13 100111101 6
24 111101101 7
35 111110110 7 match 3
46 000111111 6
57 010111011 6 match 5
60 111011110 7
71 111001110 6 match 6

03 000111101 5
14 111110001 6
25 111111111 a
36 111100011 6
47 010111111 7
50 111001111 7
61 111011110 7
72 111010110 6

04 111110001 6
15 111110111 8
26 001101101 5
37 111111011 8
40 111111110 8
51 011001111 6
62 111011110 7
73 101111101 7

05 111110111 8
16 100110001 4
27 011111111 8 match 7
30 111001110 6 match 6
41 011111110 7
52 110011011 6
63 111111111 a
74 111000101 5

06 000110001 3
17 110111011 7
20 111101111 8
31 111001110 6 match 6
42 110111110 7
53 000111101 5
64 111011111 8
75 111110110 7 match 3

07 010111011 6 match 5
10 111111111 a
21 011101111 7
32 111010010 5
43 000111111 6
54 111001001 5
65 111111110 8
76 101100101 5

Matching output
0 absent
1 absent
2 absent
3 35 75
4 absent
5 57 07
6 70 71 30 31
7 01 27

Left
none
Best: none

Right
01 70 67x
27 16x
Best: OR-NOT01 70: 2

XOR-NOT
01 011111111 8 match 7
12 010100011 4
23 001010000 2
34 000000011 2
45 111001000 4
56 000101000 2
67 101100101 5
70 010001010 3

02 110100011 5
13 100001100 3
24 110101100 5
35 000110100 3
46 000011111 5
57 010110010 4
60 000010000 1
71 110001010 4

03 000001100 2
14 011110000 4
25 110011011 6
36 111100011 6
47 010000101 3
50 111000111 6
61 100010000 2
72 011010110 5

04 111110000 5
15 011000111 5
26 001001100 3 match 0
37 101111001 6 match 1
40 111110000 5
51 011000111 5
62 001001100 3 match 0
73 101111001 6 match 1

05 111000111 6
16 100010000 2
27 011010110 5
30 000001100 2
41 011110000 4
52 110011011 6
63 111100011 6
74 010000101 3

06 000010000 1
17 110001010 4
20 110100011 5
31 100001100 3
42 110101100 5
53 000110100 3
64 000011111 5
75 010110010 4

07 010001010 3
10 011111111 8 match 7
21 010100011 4
32 001010000 2
43 000000011 2
54 111001000 4
65 000101000 2
76 101100101 5

Matching output
0 26 62
1 37 73
2 absent
3 absent
4 absent
5 absent
6 absent
7 01 10

Left
26 37 40x
62 73 04x
Best: XOR-NOT26 37: 2

Right
01 70x
10 07x
Best: XOR-NOT01: 1

Selecting

Lefts
Identity none
NOT none
Constant none
AND AND26: 1
OR none
XOR none
AND-NOT AND-NOT20: 1
OR-NOT none
XOR-NOT XOR-NOT26 37: 2

Rights
Identity none
NOT none
Constant none
AND none
OR none
XOR none
AND-NOT none
OR-NOT OR-NOT01 70: 2
XOR-NOT XOR-NOT01: 1

Left longest: 2
Right longest: 2

Left winner: Identity no, NOT no, Constant no, AND no, OR no, XOR no, AND-NOT no, OR-NOT no, XOR-NOT yes
Right winner: Identity no, NOT no, Constant no, AND no, OR no, XOR no, AND-NOT no, OR-NOT yes, XOR-NOT no

Best left: XOR-NOT26 37: 2
Best right: OR-NOT01 70: 2

Truncated left: XOR-NOT26 37: 2
Truncated right: OR-NOT01 70: 2

Tentative from right
7 OR-NOT01
6 OR-NOT70
5 pending
4 pending
3 pending
2 pending
1 pending
0 pending

Tentative
0 XOR-NOT26
1 XOR-NOT37
2 pending
3 pending
4 pending
5 pending
6 OR-NOT70
7 OR-NOT01

Preferred from left
0 XOR-NOT26
1 XOR-NOT37
2 ?40
3 ?51
4 ?62
5 ?73
6 OR-NOT70
7 OR-NOT01

Preferred from right
7 OR-NOT01
6 OR-NOT70
5 ?73
4 ?62
3 ?51
2 ?40
1 XOR-NOT37
0 XOR-NOT26

Preferred
0 XOR-NOT26
1 XOR-NOT37
2 ?40 ?04
3 ?51 ?15
4 ?62 ?26
5 ?73 ?37
6 OR-NOT70
7 OR-NOT01

Matching
0 XOR-NOT26
1 XOR-NOT37
2 ?40 ?04 - Identity absent, NOT NOT4, Constant absent, AND absent, OR absent, XOR absent, AND-NOT absent, OR-NOT absent, XOR-NOT absent
3 ?51 ?15 - Identity absent, NOT NOT5, Constant absent, AND absent, OR absent, XOR absent, AND-NOT absent, OR-NOT absent, XOR-NOT absent
4 ?62 ?26 - Identity absent, NOT NOT6, Constant absent, AND absent, OR absent, XOR absent, AND-NOT26, OR-NOT absent, XOR-NOT absent
5 ?73 ?37 - Identity absent, NOT NOT7, Constant absent, AND absent, OR absent, XOR absent, AND-NOT absent, OR-NOT absent, XOR-NOT absent
6 OR-NOT70
7 OR-NOT01

Perfect match
Identity no
NOT yes
Constant no
AND no
OR no
XOR no
AND-NOT no
OR-NOT no
XOR-NOT no

Matched
0 XOR-NOT26
1 XOR-NOT37
2 NOT4
3 NOT5
4 NOT6
5 NOT7
6 OR-NOT70
7 OR-NOT01


Reselect (whole-word coverage)
0 XOR-NOT26
1 XOR-NOT37
2 NOT4
3 NOT5
4 NOT6
5 NOT7
6 NOT0
7 OR-NOT01
Selected
0 XOR-NOT26
1 XOR-NOT37
2 NOT4
3 NOT5
4 NOT6
5 NOT7
6 NOT0
7 OR-NOT01

Applying to 11011101
Input
0 1
1 1
2 0
3 1
4 1
5 1
6 0
7 1
Output
0 XOR-NOT26 = XOR(0,NOT(0)) = 1
1 XOR-NOT37 = XOR(1,NOT(1)) = 1
2 NOT4 = NOT(1) = 0
3 NOT5 = NOT(1) = 0
4 NOT6 = NOT(0) = 1
5 NOT7 = NOT(1) = 0
6 NOT0 = NOT(1) = 0
7 OR-NOT01 = OR(1,NOT(1)) = 1

I will now return the answer in \boxed{}
The answer in \boxed{–} is \boxed{11001001}