We need to deduce the transformation by matching the example outputs.
I will put my final answer inside \boxed{}.

Output 0: 11111010
0 1
1 1
2 1
3 1
4 1
5 0
6 1
7 0

Output 1: 11111110
0 1
1 1
2 1
3 1
4 1
5 1
6 1
7 0

Output 2: 11111011
0 1
1 1
2 1
3 1
4 1
5 0
6 1
7 1

Output 3: 11111101
0 1
1 1
2 1
3 1
4 1
5 1
6 0
7 1

Output 4: 11111101
0 1
1 1
2 1
3 1
4 1
5 1
6 0
7 1

Output 5: 11100101
0 1
1 1
2 1
3 0
4 0
5 1
6 0
7 1

Output 6: 11101101
0 1
1 1
2 1
3 0
4 1
5 1
6 0
7 1

Output 7: 11111101
0 1
1 1
2 1
3 1
4 1
5 1
6 0
7 1

Output bit columns (with bitsum as hash)
0 11111111 a
1 11111111 a
2 11111111 a
3 11111001 6
4 11111011 7
5 01011111 6
6 11100000 3
7 00111111 6

Input 0: 11010110
0 1
1 1
2 0
3 1
4 0
5 1
6 1
7 0

Input 1: 01110100
0 0
1 1
2 1
3 1
4 0
5 1
6 0
7 0

Input 2: 01000111
0 0
1 1
2 0
3 0
4 0
5 1
6 1
7 1

Input 3: 01100100
0 0
1 1
2 1
3 0
4 0
5 1
6 0
7 0

Input 4: 00100101
0 0
1 0
2 1
3 0
4 0
5 1
6 0
7 1

Input 5: 10100111
0 1
1 0
2 1
3 0
4 0
5 1
6 1
7 1

Input 6: 11101011
0 1
1 1
2 1
3 0
4 1
5 0
6 1
7 1

Input 7: 01101101
0 0
1 1
2 1
3 0
4 1
5 1
6 0
7 1

When matching output
x: not in operator
y: wrong position

Identity
0 10000110 3
1 11110011 6
2 01011111 6 match 5
3 11000000 2
4 00000011 2
5 11111101 7
6 10100110 4
7 00101111 5

Matching output
0 absent
1 absent
2 absent
3 absent
4 absent
5 2
6 absent
7 absent

Left
none
Best: none

Right
none
Best: none

NOT
0 01111001 5
1 00001100 2
2 10100000 2
3 00111111 6 match 7
4 11111100 6
5 00000010 1
6 01011001 4
7 11010000 3

Matching output
0 absent
1 absent
2 absent
3 absent
4 absent
5 absent
6 absent
7 3

Left
none
Best: none

Right
3 2x
Best: NOT3: 1

Constant
0 00000000 a
1 11111111 a match 0 1 2

Matching output
0 C1
1 C1
2 C1
3 absent
4 absent
5 absent
6 absent
7 absent

Left
1 1 1
Best: C1 1 1: 3

Right
none
Best: none

AND
01 10 10000010 2
12 21 01010011 4
23 32 01000000 1
34 43 00000000 a
45 54 00000001 1
56 65 10100100 3
67 76 00100110 3
70 07 00000110 2

02 20 00000110 2
13 31 11000000 2
24 42 00000011 2
35 53 11000000 2
46 64 00000010 1
57 75 00101101 4
60 06 10000110 3
71 17 00100011 3

03 30 10000000 1
14 41 00000011 2
25 52 01011101 5
36 63 10000000 1
47 74 00000011 2
50 05 10000100 2
61 16 10100010 3
72 27 00001111 4

04 40 00000010 1
15 51 11110001 5
26 62 00000110 2
37 73 00000000 a

Matching output
0 absent
1 absent
2 absent
3 absent
4 absent
5 absent
6 absent
7 absent

Left
none
Best: none

Right
none
Best: none

OR
01 10 11110111 7
12 21 11111111 a match 0 1 2
23 32 11011111 7
34 43 11000011 4
45 54 11111111 a match 0 1 2
56 65 11111111 a match 0 1 2
67 76 10101111 6
70 07 10101111 6

02 20 11011111 7
13 31 11110011 6
24 42 01011111 6 match 5
35 53 11111101 7
46 64 10100111 5
57 75 11111111 a match 0 1 2
60 06 10100110 4
71 17 11111111 a match 0 1 2

03 30 11000110 4
14 41 11110011 6
25 52 11111111 a match 0 1 2
36 63 11100110 5
47 74 00101111 5
50 05 11111111 a match 0 1 2
61 16 11110111 7
72 27 01111111 7

04 40 10000111 4
15 51 11111111 a match 0 1 2
26 62 11111111 a match 0 1 2
37 73 11101111 7

Matching output
0 12 21 45 54 56 65 57 75 71 17 25 52 50 05 15 51 26 62
1 12 21 45 54 56 65 57 75 71 17 25 52 50 05 15 51 26 62
2 12 21 45 54 56 65 57 75 71 17 25 52 50 05 15 51 26 62
3 absent
4 absent
5 24 42
6 absent
7 absent

Left
12 23x
21 32x
45 56 67x
54 65 76x
56 67x
65 76x
57 60x
75 06x
71 02x
17 20x
25 36x
52 63x
50 61x
05 16x
15 26 37x
51 62 73x
26 37x
62 73x
Best: OR45 56: 2

Right
none
Best: none

XOR
01 10 01110101 5
12 21 10101100 4
23 32 10011111 6
34 43 11000011 4
45 54 11111110 7
56 65 01011011 5
67 76 10001001 3
70 07 10101001 4

02 20 11011001 5
13 31 00110011 4
24 42 01011100 4
35 53 00111101 5
46 64 10100101 4
57 75 11010010 4
60 06 00100000 1
71 17 11011100 5

03 30 01000110 3
14 41 11110000 4
25 52 10100010 3
36 63 01100110 4
47 74 00101100 3
50 05 01111011 6
61 16 01010101 4
72 27 01110000 3

04 40 10000101 3
15 51 00001110 3
26 62 11111001 6 match 3
37 73 11101111 7

Matching output
0 absent
1 absent
2 absent
3 26 62
4 absent
5 absent
6 absent
7 absent

Left
none
Best: none

Right
none
Best: none

AND-NOT
01 00000100 1
12 10100000 2
23 00011111 5
34 11000000 2
45 00000010 1
56 01011001 4
67 10000000 1
70 00101001 3

02 10000000 1
13 00110011 4
24 01011100 4
35 00000000 a
46 00000001 1
57 11010000 3
60 00100000 1
71 00001100 2

03 00000110 2
14 11110000 4
25 00000010 1
36 01000000 1
47 00000000 a
50 01111001 5
61 00000100 1
72 00100000 1

04 10000100 2
15 00000010 1
26 01011001 4
37 11000000 2
40 00000001 1
51 00001100 2
62 10100000 2
73 00101111 5

05 00000010 1
16 01010001 3
27 01010000 2
30 01000000 1
41 00000000 a
52 10100000 2
63 00100110 3
74 00101100 3

06 00000000 a
17 11010000 3
20 01011001 4
31 00000000 a
42 00000000 a
53 00111101 5
64 10100100 3
75 00000010 1

07 10000000 1
10 01110001 4
21 00001100 2
32 10000000 1
43 00000011 2
54 11111100 6
65 00000010 1
76 00001001 2

Matching output
0 absent
1 absent
2 absent
3 absent
4 absent
5 absent
6 absent
7 absent

Left
none
Best: none

Right
none
Best: none

OR-NOT
01 10001110 4
12 11110011 6
23 01111111 7
34 11111100 6
45 00000011 2
56 11111101 7
67 11110110 6
70 01111111 7

02 10100110 4
13 11111111 a match 0 1 2
24 11111111 a match 0 1 2
35 11000010 3
46 01011011 5
57 11111101 7
60 11111111 a match 0 1 2
71 00101111 5

03 10111111 7
14 11111111 a match 0 1 2
25 01011111 6 match 5
36 11011001 5
47 11010011 5
50 11111101 7
61 10101110 5
72 10101111 6

04 11111110 7
15 11110011 6
26 01011111 6 match 5
37 11010000 3
40 01111011 6
51 11111101 7
62 10100110 4
73 00111111 6 match 7

05 10000110 3
16 11111011 7 match 4
27 11011111 7
30 11111001 6 match 3
41 00001111 4
52 11111101 7
63 10111111 7
74 11111111 a match 0 1 2

06 11011111 7
17 11110011 6
20 01111111 7
31 11001100 4
42 10100011 4
53 11111111 a match 0 1 2
64 11111110 7
75 00101111 5

07 11010110 5
10 11111011 7 match 4
21 01011111 6 match 5
32 11100000 3 match 6
43 00111111 6 match 7
54 11111101 7
65 10100110 4
76 01111111 7

Matching output
0 13 24 60 14 74 53
1 13 24 60 14 74 53
2 13 24 60 14 74 53
3 30
4 16 10
5 25 26 21
6 32
7 73 43

Left
13 24 35x
24 35x
60 71x
14 25y
74 05x
53 64x
Best: OR-NOT13 24: 2

Right
73 62x
43 32 21 10 07x
Best: OR-NOT43 32 21 10: 4

XOR-NOT
01 10001010 3
12 01010011 4
23 01100000 2
34 00111100 4
45 00000001 1
56 10100100 3
67 01110110 5
70 01010110 4

02 00100110 3
13 11001100 4
24 10100011 4
35 11000010 3
46 01011010 4
57 00101101 4
60 11011111 7
71 00100011 3

03 10111001 5
14 00001111 4
25 01011101 5
36 10011001 4
47 11010011 5
50 10000100 2
61 10101010 4
72 10001111 5

04 01111010 5
15 11110001 5
26 00000110 2
37 00010000 1
40 01111010 5
51 11110001 5
62 00000110 2
73 00010000 1

05 10000100 2
16 10101010 4
27 10001111 5
30 10111001 5
41 00001111 4
52 01011101 5
63 10011001 4
74 11010011 5

06 11011111 7
17 00100011 3
20 00100110 3
31 11001100 4
42 10100011 4
53 11000010 3
64 01011010 4
75 00101101 4

07 01010110 4
10 10001010 3
21 01010011 4
32 01100000 2
43 00111100 4
54 00000001 1
65 10100100 3
76 01110110 5

Matching output
0 absent
1 absent
2 absent
3 absent
4 absent
5 absent
6 absent
7 absent

Left
none
Best: none

Right
none
Best: none

Selecting

Lefts
Identity none
NOT none
Constant C1 1 1: 3
AND none
OR OR45 56: 2
XOR none
AND-NOT none
OR-NOT OR-NOT13 24: 2
XOR-NOT none

Rights
Identity none
NOT NOT3: 1
Constant none
AND none
OR none
XOR none
AND-NOT none
OR-NOT OR-NOT43 32 21 10: 4
XOR-NOT none

Left longest: 3
Right longest: 4

Right winner: Identity no, NOT no, Constant no, AND no, OR no, XOR no, AND-NOT no, OR-NOT yes, XOR-NOT no
Left winner: Identity no, NOT no, Constant yes, AND no, OR no, XOR no, AND-NOT no, OR-NOT no, XOR-NOT no

Best right: OR-NOT43 32 21 10: 4
Best left: C1 1 1: 3

Truncated right: OR-NOT43 32 21 10: 4
Truncated left: C1 1 1: 3

Tentative from right
7 OR-NOT43
6 OR-NOT32
5 OR-NOT21
4 OR-NOT10
3 pending
2 pending
1 pending
0 pending

Tentative
0 C1
1 C1
2 C1
3 pending
4 OR-NOT10
5 OR-NOT21
6 OR-NOT32
7 OR-NOT43

Preferred from right
7 OR-NOT43
6 OR-NOT32
5 OR-NOT21
4 OR-NOT10
3 ?07
2 C1
1 C1
0 C1

Preferred from left
0 C1
1 C1
2 C1
3 ?07
4 OR-NOT10
5 OR-NOT21
6 OR-NOT32
7 OR-NOT43

Preferred
0 C1
1 C1
2 C1
3 ?07 ?70
4 OR-NOT10
5 OR-NOT21
6 OR-NOT32
7 OR-NOT43

Matching
0 C1
1 C1
2 C1
3 ?07 ?70 - Identity absent, NOT absent, Constant absent, AND absent, OR absent, XOR absent, AND-NOT absent, OR-NOT absent, XOR-NOT absent
4 OR-NOT10
5 OR-NOT21
6 OR-NOT32
7 OR-NOT43

Perfect match
Identity no
NOT no
Constant no
AND no
OR no
XOR no
AND-NOT no
OR-NOT no
XOR-NOT no

Matched
0 C1
1 C1
2 C1
3 none
4 OR-NOT10
5 OR-NOT21
6 OR-NOT32
7 OR-NOT43

Selected
0 C1
1 C1
2 C1
3 CH(0,3,5)
4 OR-NOT10
5 OR-NOT21
6 OR-NOT32
7 OR-NOT43

Applying to 11000111
Input
0 1
1 1
2 0
3 0
4 0
5 1
6 1
7 1
Output
0 C1 = 1
1 C1 = 1
2 C1 = 1
3 CH(0,3,5) = CH(1,0,1) = 0
4 OR-NOT10 = OR(1,NOT(1)) = 1
5 OR-NOT21 = OR(0,NOT(1)) = 0
6 OR-NOT32 = OR(0,NOT(0)) = 1
7 OR-NOT43 = OR(0,NOT(0)) = 1

I will now return the answer in \boxed{}
The answer in \boxed{–} is \boxed{11101011}