We need to deduce the transformation by matching the example outputs.
I will put my final answer inside \boxed{}.

Output 0: 01011110
0 0
1 1
2 0
3 1
4 1
5 1
6 1
7 0

Output 1: 00110111
0 0
1 0
2 1
3 1
4 0
5 1
6 1
7 1

Output 2: 11011100
0 1
1 1
2 0
3 1
4 1
5 1
6 0
7 0

Output 3: 01110111
0 0
1 1
2 1
3 1
4 0
5 1
6 1
7 1

Output 4: 01010011
0 0
1 1
2 0
3 1
4 0
5 0
6 1
7 1

Output 5: 11110011
0 1
1 1
2 1
3 1
4 0
5 0
6 1
7 1

Output 6: 01001110
0 0
1 1
2 0
3 0
4 1
5 1
6 1
7 0

Output bit columns (with bitsum as hash)
0 0010010 2
1 1011111 6
2 0101010 3
3 1111110 6
4 1010001 3
5 1111001 5
6 1101111 6
7 0101110 4

Input 0: 10010100
0 1
1 0
2 0
3 1
4 0
5 1
6 0
7 0

Input 1: 00100100
0 0
1 0
2 1
3 0
4 0
5 1
6 0
7 0

Input 2: 10000001
0 1
1 0
2 0
3 0
4 0
5 0
6 0
7 1

Input 3: 10101110
0 1
1 0
2 1
3 0
4 1
5 1
6 1
7 0

Input 4: 00100111
0 0
1 0
2 1
3 0
4 0
5 1
6 1
7 1

Input 5: 11100111
0 1
1 1
2 1
3 0
4 0
5 1
6 1
7 1

Input 6: 10011100
0 1
1 0
2 0
3 1
4 1
5 1
6 0
7 0

When matching output
x: not in operator
y: wrong position

Identity
0 1011011 5
1 0000010 1
2 0101110 4 match 7
3 1000001 2
4 0001001 2
5 1101111 6 match 6
6 0001110 3
7 0010110 3

Matching output
0 absent
1 absent
2 absent
3 absent
4 absent
5 absent
6 5
7 2

Left
none
Best: none

Right
2 1x
Best: I2: 1

NOT
0 0100100 2
1 1111101 6
2 1010001 3 match 4
3 0111110 5
4 1110110 5
5 0010000 1
6 1110001 4
7 1101001 4

Matching output
0 absent
1 absent
2 absent
3 absent
4 2
5 absent
6 absent
7 absent

Left
none
Best: none

Right
none
Best: none

Constant
0 0000000 a
1 1111111 a

Matching output
0 absent
1 absent
2 absent
3 absent
4 absent
5 absent
6 absent
7 absent

Left
none
Best: none

Right
none
Best: none

AND
01 10 0000010 1
12 21 0000010 1
23 32 0000000 a
34 43 0000001 1
45 54 0001001 2
56 65 0001110 3
67 76 0000110 2
70 07 0010010 2 match 0

02 20 0001010 2
13 31 0000000 a
24 42 0001000 1
35 53 1000001 2
46 64 0001000 1
57 75 0000110 2
60 06 0001010 2
71 17 0000010 1

03 30 1000001 2
14 41 0000000 a
25 52 0101110 4 match 7
36 63 0000000 a
47 74 0000000 a
50 05 1001011 4
61 16 0000010 1
72 27 0000110 2

04 40 0001001 2
15 51 0000010 1
26 62 0001110 3
37 73 0000000 a

Matching output
0 70 07
1 absent
2 absent
3 absent
4 absent
5 absent
6 absent
7 25 52

Left
70 01x
07 10x
Best: AND70: 1

Right
25 14x
52 41x
Best: AND25: 1

OR
01 10 1011011 5
12 21 0101110 4 match 7
23 32 1101111 6 match 6
34 43 1001001 3
45 54 1101111 6 match 6
56 65 1101111 6 match 6
67 76 0011110 4
70 07 1011111 6 match 1

02 20 1111111 a
13 31 1000011 3
24 42 0101111 5
35 53 1101111 6 match 6
46 64 0001111 4
57 75 1111111 a
60 06 1011111 6 match 1
71 17 0010110 3

03 30 1011011 5
14 41 0001011 3
25 52 1101111 6 match 6
36 63 1001111 5
47 74 0011111 5
50 05 1111111 a
61 16 0001110 3
72 27 0111110 5

04 40 1011011 5
15 51 1101111 6 match 6
26 62 0101110 4 match 7
37 73 1010111 5

Matching output
0 absent
1 70 07 60 06
2 absent
3 absent
4 absent
5 absent
6 23 32 45 54 56 65 35 53 25 52 15 51
7 12 21 26 62

Left
none
Best: none

Right
12 01x
21 10x
26 15 04x
62 51 40x
Best: OR26 15: 2

XOR
01 10 1011001 4
12 21 0101100 3
23 32 1101111 6 match 6
34 43 1001000 2
45 54 1100110 4
56 65 1100001 3
67 76 0011000 2
70 07 1001101 4

02 20 1110101 5
13 31 1000011 3
24 42 0100111 4
35 53 0101110 4 match 7
46 64 0000111 3
57 75 1111001 5 match 5
60 06 1010101 4
71 17 0010100 2

03 30 0011010 3
14 41 0001011 3
25 52 1000001 2
36 63 1001111 5
47 74 0011111 5
50 05 0110100 3
61 16 0001100 2
72 27 0111000 3

04 40 1010010 3
15 51 1101101 5
26 62 0100000 1
37 73 1010111 5

Matching output
0 absent
1 absent
2 absent
3 absent
4 absent
5 57 75
6 23 32
7 35 53

Left
none
Best: none

Right
35 24x
53 42x
Best: XOR35: 1

AND-NOT
01 1011001 4
12 0000000 a
23 0101110 4 match 7
34 1000000 1
45 0000000 a
56 1100001 3
67 0001000 1
70 0000100 1

02 1010001 3 match 4
13 0000010 1
24 0100110 3
35 0000000 a
46 0000001 1
57 1101001 4
60 0000100 1
71 0010100 2

03 0011010 3
14 0000010 1
25 0000000 a
36 1000001 2
47 0001001 2
50 0100100 2
61 0001100 2
72 0010000 1

04 1010010 3
15 0000000 a
26 0100000 1
37 1000001 2
40 0000000 a
51 1101101 5
62 0000000 a
73 0010110 3

05 0010000 1
16 0000000 a
27 0101000 2
30 0000000 a
41 0001001 2
52 1000001 2
63 0001110 3
74 0010110 3

06 1010001 3 match 4
17 0000000 a
20 0100100 2
31 1000001 2
42 0000001 1
53 0101110 4 match 7
64 0000110 2
75 0010000 1

07 1001001 3
10 0000000 a
21 0101100 3
32 1000001 2
43 0001000 1
54 1100110 4
65 0000000 a
76 0010000 1

Matching output
0 absent
1 absent
2 absent
3 absent
4 02 06
5 absent
6 absent
7 23 53

Left
none
Best: none

Right
23 12x
53 42x
Best: AND-NOT23: 1

OR-NOT
01 1111111 a
12 1010011 4
23 0111110 5
34 1110111 6
45 0011001 3
56 1111111 a
67 1101111 6 match 6
70 0110110 4

02 1011011 5
13 0111110 5
24 1111110 6 match 3
35 1010001 3 match 4
46 1111001 5 match 5
57 1101111 6 match 6
60 0101110 4 match 7
71 1111111 a

03 1111111 a
14 1110110 5
25 0111110 5
36 1110001 4
47 1101001 4
50 1101111 6 match 6
61 1111111 a
72 1010111 5

04 1111111 a
15 0010010 2 match 0
26 1111111 a
37 1101001 4
40 0101101 4
51 1111111 a
62 1011111 6 match 1
73 0111110 5

05 1011011 5
16 1110011 5
27 1101111 6 match 6
30 1100101 4
41 1111101 6
52 1111111 a
63 0111110 5
74 1110110 5

06 1111011 6
17 1101011 5
20 0101110 4 match 7
31 1111101 6
42 1011001 4
53 1111111 a
64 1111110 6 match 3
75 0010110 3

07 1111011 6
10 0100110 3
21 1111111 a
32 1010001 3 match 4
43 0111111 6
54 1111111 a
65 0011110 4
76 1110111 6

Matching output
0 15
1 62
2 absent
3 24 64
4 35 32
5 46
6 67 57 50 27
7 60 20

Left
15 26x
Best: OR-NOT15: 1

Right
60 57 46 35 24 13x
20 17x
Best: OR-NOT60 57 46 35 24: 5

XOR-NOT
01 0100110 3
12 1010011 4
23 0010000 1
34 0110111 5
45 0011001 3
56 0011110 4
67 1100111 5
70 0110010 3

02 0001010 2
13 0111100 4
24 1011000 3
35 1010001 3 match 4
46 1111000 4
57 0000110 2
60 0101010 3 match 2
71 1101011 5

03 1100101 4
14 1110100 4
25 0111110 5
36 0110000 2
47 1100000 2
50 1001011 4
61 1110011 5
72 1000111 4

04 0101101 4
15 0010010 2 match 0
26 1011111 6 match 1
37 0101000 2
40 0101101 4
51 0010010 2 match 0
62 1011111 6 match 1
73 0101000 2

05 1001011 4
16 1110011 5
27 1000111 4
30 1100101 4
41 1110100 4
52 0111110 5
63 0110000 2
74 1100000 2

06 0101010 3 match 2
17 1101011 5
20 0001010 2
31 0111100 4
42 1011000 3
53 1010001 3 match 4
64 1111000 4
75 0000110 2

07 0110010 3
10 0100110 3
21 1010011 4
32 0010000 1
43 0110111 5
54 0011001 3
65 0011110 4
76 1100111 5

Matching output
0 15 51
1 26 62
2 60 06
3 absent
4 35 53
5 absent
6 absent
7 absent

Left
15 26 37x
51 62 73x
Best: XOR-NOT15 26: 2

Right
none
Best: none

Selecting

Lefts
Identity none
NOT none
Constant none
AND AND70: 1
OR none
XOR none
AND-NOT none
OR-NOT OR-NOT15: 1
XOR-NOT XOR-NOT15 26: 2

Rights
Identity I2: 1
NOT none
Constant none
AND AND25: 1
OR OR26 15: 2
XOR XOR35: 1
AND-NOT AND-NOT23: 1
OR-NOT OR-NOT60 57 46 35 24: 5
XOR-NOT none

Left longest: 2
Right longest: 5

Right winner: Identity no, NOT no, Constant no, AND no, OR no, XOR no, AND-NOT no, OR-NOT yes, XOR-NOT no
Left winner: Identity no, NOT no, Constant no, AND no, OR no, XOR no, AND-NOT no, OR-NOT no, XOR-NOT yes

Best right: OR-NOT60 57 46 35 24: 5
Best left: XOR-NOT15 26: 2

Truncated right: OR-NOT60 57 46 35 24: 5
Truncated left: XOR-NOT15 26: 2

Tentative from right
7 OR-NOT60
6 OR-NOT57
5 OR-NOT46
4 OR-NOT35
3 OR-NOT24
2 pending
1 pending
0 pending

Tentative
0 XOR-NOT15
1 XOR-NOT26
2 pending
3 OR-NOT24
4 OR-NOT35
5 OR-NOT46
6 OR-NOT57
7 OR-NOT60

Preferred from right
7 OR-NOT60
6 OR-NOT57
5 OR-NOT46
4 OR-NOT35
3 OR-NOT24
2 ?13
1 XOR-NOT26
0 XOR-NOT15

Preferred from left
0 XOR-NOT15
1 XOR-NOT26
2 ?13
3 OR-NOT24
4 OR-NOT35
5 OR-NOT46
6 OR-NOT57
7 OR-NOT60

Preferred
0 XOR-NOT15
1 XOR-NOT26
2 ?13 ?31
3 OR-NOT24
4 OR-NOT35
5 OR-NOT46
6 OR-NOT57
7 OR-NOT60

Matching
0 XOR-NOT15
1 XOR-NOT26
2 ?13 ?31 - Identity absent, NOT absent, Constant absent, AND absent, OR absent, XOR absent, AND-NOT absent, OR-NOT absent, XOR-NOT absent
3 OR-NOT24
4 OR-NOT35
5 OR-NOT46
6 OR-NOT57
7 OR-NOT60

Perfect match
Identity no
NOT no
Constant no
AND no
OR no
XOR no
AND-NOT no
OR-NOT no
XOR-NOT no

Matched
0 XOR-NOT15
1 XOR-NOT26
2 none
3 OR-NOT24
4 OR-NOT35
5 OR-NOT46
6 OR-NOT57
7 OR-NOT60

Selected
0 XOR-NOT15
1 XOR-NOT26
2 CH(6,0,2)
3 OR-NOT24
4 OR-NOT35
5 OR-NOT46
6 OR-NOT57
7 OR-NOT60

Applying to 00011110
Input
0 0
1 0
2 0
3 1
4 1
5 1
6 1
7 0
Output
0 XOR-NOT15 = XOR(0,NOT(1)) = 0
1 XOR-NOT26 = XOR(0,NOT(1)) = 0
2 CH(6,0,2) = CH(1,0,0) = 0
3 OR-NOT24 = OR(0,NOT(1)) = 0
4 OR-NOT35 = OR(1,NOT(1)) = 1
5 OR-NOT46 = OR(1,NOT(1)) = 1
6 OR-NOT57 = OR(1,NOT(0)) = 1
7 OR-NOT60 = OR(1,NOT(0)) = 1

I will now return the answer in \boxed{}
The answer in \boxed{–} is \boxed{00001111}