We need to deduce the transformation by matching the example outputs.
I will put my final answer inside \boxed{}.

Output 0: 00000000
0 0
1 0
2 0
3 0
4 0
5 0
6 0
7 0

Output 1: 00000010
0 0
1 0
2 0
3 0
4 0
5 0
6 1
7 0

Output 2: 00000000
0 0
1 0
2 0
3 0
4 0
5 0
6 0
7 0

Output 3: 00000010
0 0
1 0
2 0
3 0
4 0
5 0
6 1
7 0

Output 4: 00000001
0 0
1 0
2 0
3 0
4 0
5 0
6 0
7 1

Output 5: 10000000
0 1
1 0
2 0
3 0
4 0
5 0
6 0
7 0

Output 6: 10000001
0 1
1 0
2 0
3 0
4 0
5 0
6 0
7 1

Output 7: 00000010
0 0
1 0
2 0
3 0
4 0
5 0
6 1
7 0

Output 8: 00000110
0 0
1 0
2 0
3 0
4 0
5 1
6 1
7 0

Output 9: 10000000
0 1
1 0
2 0
3 0
4 0
5 0
6 0
7 0

Output bit columns (with bitsum as hash)
0 0000011001 3
1 0000000000 a
2 0000000000 a
3 0000000000 a
4 0000000000 a
5 0000000010 1
6 0101000110 4
7 0000101000 2

Input 0: 10001100
0 1
1 0
2 0
3 0
4 1
5 1
6 0
7 0

Input 1: 01111000
0 0
1 1
2 1
3 1
4 1
5 0
6 0
7 0

Input 2: 00000010
0 0
1 0
2 0
3 0
4 0
5 0
6 1
7 0

Input 3: 01001001
0 0
1 1
2 0
3 0
4 1
5 0
6 0
7 1

Input 4: 01100101
0 0
1 1
2 1
3 0
4 0
5 1
6 0
7 1

Input 5: 11100011
0 1
1 1
2 1
3 0
4 0
5 0
6 1
7 1

Input 6: 00100111
0 0
1 0
2 1
3 0
4 0
5 1
6 1
7 1

Input 7: 11001000
0 1
1 1
2 0
3 0
4 1
5 0
6 0
7 0

Input 8: 11011000
0 1
1 1
2 0
3 1
4 1
5 0
6 0
7 0

Input 9: 10100011
0 1
1 0
2 1
3 0
4 0
5 0
6 1
7 1

When matching output
x: not in operator
y: wrong position

Identity
0 1000010111 5
1 0101110110 6
2 0100111001 5
3 0100000010 2
4 1101000110 5
5 1000101000 3
6 0010011001 4
7 0001111001 5

Matching output
0 absent
1 absent
2 absent
3 absent
4 absent
5 absent
6 absent
7 absent

Left
none
Best: none

Right
none
Best: none

NOT
0 0111101000 5
1 1010001001 4
2 1011000110 5
3 1011111101 8
4 0010111001 5
5 0111010111 7
6 1101100110 6
7 1110000110 5

Matching output
0 absent
1 absent
2 absent
3 absent
4 absent
5 absent
6 absent
7 absent

Left
none
Best: none

Right
none
Best: none

Constant
0 0000000000 a match 1 2 3 4
1 1111111111 a

Matching output
0 absent
1 C0
2 C0
3 C0
4 C0
5 absent
6 absent
7 absent

Left
none
Best: none

Right
none
Best: none

AND
01 10 0000010110 3
12 21 0100110000 3
23 32 0100000000 1
34 43 0100000010 2
45 54 1000000000 1
56 65 0000001000 1
67 76 0000011001 3 match 0
70 07 0000010001 2

02 20 0000010001 2
13 31 0100000010 2
24 42 0100000000 1
35 53 0000000000 a match 1 2 3 4
46 64 0000000000 a match 1 2 3 4
57 75 0000101000 2 match 7
60 06 0000010001 2
71 17 0001110000 3

03 30 0000000010 1 match 5
14 41 0101000110 4 match 6
25 52 0000101000 2 match 7
36 63 0000000000 a match 1 2 3 4
47 74 0001000000 1
50 05 1000000000 1
61 16 0000010000 1
72 27 0000111001 4

04 40 1000000110 3
15 51 0000100000 1
26 62 0000011001 3 match 0
37 73 0000000000 a match 1 2 3 4

Matching output
0 67 76 26 62
1 35 53 46 64 36 63 37 73
2 35 53 46 64 36 63 37 73
3 35 53 46 64 36 63 37 73
4 35 53 46 64 36 63 37 73
5 03 30
6 14 41
7 57 75 25 52

Left
67 70x
76 07x
26 37 40x
62 73 04x
Best: AND26 37: 2

Right
57 46y
75 64y
25 14 03 72x
52 41 30 27x
Best: AND25 14 03: 3

OR
01 10 1101110111 8
12 21 0101111111 8
23 32 0100111011 6
34 43 1101000110 5
45 54 1101101110 7
56 65 1010111001 6
67 76 0011111001 6
70 07 1001111111 8

02 20 1100111111 8
13 31 0101110110 6
24 42 1101111111 9
35 53 1100101010 5
46 64 1111011111 9
57 75 1001111001 6
60 06 1010011111 7
71 17 0101111111 8

03 30 1100010111 6
14 41 1101110110 7
25 52 1100111001 6
36 63 0110011011 6
47 74 1101111111 9
50 05 1000111111 7
61 16 0111111111 9
72 27 0101111001 6

04 40 1101010111 7
15 51 1101111110 8
26 62 0110111001 6
37 73 0101111011 7

Matching output
0 absent
1 absent
2 absent
3 absent
4 absent
5 absent
6 absent
7 absent

Left
none
Best: none

Right
none
Best: none

XOR
01 10 1101100001 5
12 21 0001001111 5
23 32 0000111011 5
34 43 1001000100 3
45 54 0101101110 6
56 65 1010110001 5
67 76 0011100000 3
70 07 1001101110 6

02 20 1100101110 6
13 31 0001110100 4
24 42 1001111111 8
35 53 1100101010 5
46 64 1111011111 9
57 75 1001010001 4
60 06 1010001110 5
71 17 0100001111 5

03 30 1100010101 5
14 41 1000110000 3
25 52 1100010001 4
36 63 0110011011 6
47 74 1100111111 8
50 05 0000111111 6
61 16 0111101111 8
72 27 0101000000 2

04 40 0101010001 4
15 51 1101011110 7
26 62 0110100000 3
37 73 0101111011 7

Matching output
0 absent
1 absent
2 absent
3 absent
4 absent
5 absent
6 absent
7 absent

Left
none
Best: none

Right
none
Best: none

AND-NOT
01 1000000001 2
12 0001000110 3
23 0000111001 4
34 0000000000 a match 1 2 3 4
45 0101000110 4 match 6
56 1000100000 2
67 0010000000 1
70 0001101000 3

02 1000000110 3
13 0001110100 4
24 0000111001 4
35 0100000010 2
46 1101000110 5
57 1000000000 1
60 0010001000 2
71 0000001001 2

03 1000010101 4
14 0000110000 2
25 0100010001 3
36 0100000010 2
47 1100000110 4
50 0000101000 2 match 7
61 0010001001 3
72 0001000000 1

04 0000010001 2
15 0101010110 5
26 0100100000 2
37 0100000010 2
40 0101000000 2
51 1000001000 2
62 0010000000 1
73 0001111001 5

05 0000010111 4
16 0101100110 5
27 0100000000 1
30 0100000000 1
41 1000000000 1
52 1000000000 1
63 0010011001 4
74 0000111001 4

06 1000000110 3
17 0100000110 3
20 0100101000 3
31 0000000000 a match 1 2 3 4
42 1001000110 4
53 1000101000 3
64 0010011001 4
75 0001010001 3

07 1000000110 3
10 0101100000 3
21 0000001001 2
32 0000000010 1 match 5
43 1001000100 3
54 0000101000 2 match 7
65 0010010001 3
76 0001100000 2

Matching output
0 absent
1 34 31
2 34 31
3 34 31
4 34 31
5 32
6 45
7 50 54

Left
none
Best: none

Right
50 47x
54 43x
Best: AND-NOT50: 1

OR-NOT
01 1010011111 7
12 1111110110 8
23 1111111101 9
34 0110111011 7
45 1111010111 8
56 1101101110 7
67 1110011111 8
70 0111111001 7

02 1011010111 7
13 1111111111 a
24 0110111001 6
35 0111010111 7
46 1101100110 6
57 1110101110 7
60 0111111001 7
71 1011111001 7

03 1011111111 9
14 0111111111 9
25 0111111111 9
36 1101100110 6
47 1111000110 6
50 1111101000 6
61 1010011001 5
72 1011111111 9

04 1010111111 8
15 0111110111 8
26 1101111111 9
37 1110000110 5
40 1111101110 8
51 1010101001 5
62 1011011111 8
73 1011111101 8

05 1111010111 8
16 1101110110 7
27 1110111111 9
30 0111101010 6
41 1111001111 8
52 1011101110 7
63 1011111101 8
74 0011111001 6

06 1101110111 8
17 1111110110 8
20 0111111001 7
31 1110001011 6
42 1111000110 6
53 1011111101 8
64 0010111001 5
75 0111111111 9

07 1110010111 7
10 0111111110 8
21 1110111001 7
32 1111000110 6
43 1111111111 a
54 1010111001 6
65 0111011111 8
76 1101111111 9

Matching output
0 absent
1 absent
2 absent
3 absent
4 absent
5 absent
6 absent
7 absent

Left
none
Best: none

Right
none
Best: none

XOR-NOT
01 0010011110 5
12 1110110000 5
23 1111000100 5
34 0110111011 7
45 1010010001 4
56 0101001110 5
67 1100011111 7
70 0110010001 4

02 0011010001 4
13 1110001011 6
24 0110000000 2
35 0011010101 5
46 0000100000 1
57 0110101110 6
60 0101110001 5
71 1011110000 5

03 0011101010 5
14 0111001111 7
25 0011101110 6
36 1001100100 4
47 0011000000 2
50 1111000000 4
61 1000010000 2
72 1010111111 8

04 1010101110 6
15 0010100001 3
26 1001011111 7
37 1010000100 3
40 1010101110 6
51 0010100001 3
62 1001011111 7
73 1010000100 3

05 1111000000 4
16 1000010000 2
27 1010111111 8
30 0011101010 5
41 0111001111 7
52 0011101110 6
63 1001100100 4
74 0011000000 2

06 0101110001 5
17 1011110000 5
20 0011010001 4
31 1110001011 6
42 0110000000 2
53 0011010101 5
64 0000100000 1
75 0110101110 6

07 0110010001 4
10 0010011110 5
21 1110110000 5
32 1111000100 5
43 0110111011 7
54 1010010001 4
65 0101001110 5
76 1100011111 7

Matching output
0 absent
1 absent
2 absent
3 absent
4 absent
5 absent
6 absent
7 absent

Left
none
Best: none

Right
none
Best: none

Selecting

Lefts
Identity none
NOT none
Constant none
AND AND26 37: 2
OR none
XOR none
AND-NOT none
OR-NOT none
XOR-NOT none

Rights
Identity none
NOT none
Constant none
AND AND25 14 03: 3
OR none
XOR none
AND-NOT AND-NOT50: 1
OR-NOT none
XOR-NOT none

Left longest: 2
Right longest: 3

Right winner: Identity no, NOT no, Constant no, AND yes, OR no, XOR no, AND-NOT no, OR-NOT no, XOR-NOT no
Left winner: Identity no, NOT no, Constant no, AND yes, OR no, XOR no, AND-NOT no, OR-NOT no, XOR-NOT no

Best right: AND25 14 03: 3
Best left: AND26 37: 2

Truncated right: AND25 14 03: 3
Truncated left: AND26 37: 2

Tentative from right
7 AND25
6 AND14
5 AND03
4 pending
3 pending
2 pending
1 pending
0 pending

Tentative
0 AND26
1 AND37
2 pending
3 pending
4 pending
5 AND03
6 AND14
7 AND25

Preferred from right
7 AND25
6 AND14
5 AND03
4 ?72
3 ?61
2 ?50
1 AND37
0 AND26

Preferred from left
0 AND26
1 AND37
2 ?50
3 ?61
4 ?72
5 AND03
6 AND14
7 AND25

Preferred
0 AND26
1 AND37
2 ?50 ?05
3 ?61 ?16
4 ?72 ?27
5 AND03
6 AND14
7 AND25

Matching
0 AND26
1 AND37
2 ?50 ?05 - Identity absent, NOT absent, Constant C0, AND absent, OR absent, XOR absent, AND-NOT absent, OR-NOT absent, XOR-NOT absent
3 ?61 ?16 - Identity absent, NOT absent, Constant C0, AND absent, OR absent, XOR absent, AND-NOT absent, OR-NOT absent, XOR-NOT absent
4 ?72 ?27 - Identity absent, NOT absent, Constant C0, AND absent, OR absent, XOR absent, AND-NOT absent, OR-NOT absent, XOR-NOT absent
5 AND03
6 AND14
7 AND25

Perfect match
Identity no
NOT no
Constant yes
AND no
OR no
XOR no
AND-NOT no
OR-NOT no
XOR-NOT no

Matched
0 AND26
1 AND37
2 C0
3 C0
4 C0
5 AND03
6 AND14
7 AND25

Selected
0 CH(1,6,7)
1 AND37
2 C0
3 C0
4 C0
5 AND03
6 AND14
7 AND25

Applying to 10100110
Input
0 1
1 0
2 1
3 0
4 0
5 1
6 1
7 0
Output
0 CH(1,6,7) = CH(0,1,0) = 0
1 AND37 = AND(0,0) = 0
2 C0 = 0
3 C0 = 0
4 C0 = 0
5 AND03 = AND(1,0) = 0
6 AND14 = AND(0,0) = 0
7 AND25 = AND(1,1) = 1

I will now return the answer in \boxed{}
The answer in \boxed{–} is \boxed{00000001}