We need to deduce the transformation by matching the example outputs.
I will put my final answer inside \boxed{}.

Output 0: 10111111
0 1
1 0
2 1
3 1
4 1
5 1
6 1
7 1

Output 1: 01101110
0 0
1 1
2 1
3 0
4 1
5 1
6 1
7 0

Output 2: 11111011
0 1
1 1
2 1
3 1
4 1
5 0
6 1
7 1

Output 3: 01110111
0 0
1 1
2 1
3 1
4 0
5 1
6 1
7 1

Output 4: 01110101
0 0
1 1
2 1
3 1
4 0
5 1
6 0
7 1

Output 5: 01111111
0 0
1 1
2 1
3 1
4 1
5 1
6 1
7 1

Output 6: 11111101
0 1
1 1
2 1
3 1
4 1
5 1
6 0
7 1

Output bit columns (with bitsum as hash)
0 1010001 3
1 0111111 6
2 1111111 a
3 1011111 6
4 1110011 5
5 1101111 6
6 1111010 5
7 1011111 6

Input 0: 01111111
0 0
1 1
2 1
3 1
4 1
5 1
6 1
7 1

Input 1: 01001101
0 0
1 1
2 0
3 0
4 1
5 1
6 0
7 1

Input 2: 10110101
0 1
1 0
2 1
3 1
4 0
5 1
6 0
7 1

Input 3: 01100110
0 0
1 1
2 1
3 0
4 0
5 1
6 1
7 0

Input 4: 11001011
0 1
1 1
2 0
3 0
4 1
5 0
6 1
7 1

Input 5: 00100100
0 0
1 0
2 1
3 0
4 0
5 1
6 0
7 0

Input 6: 10010010
0 1
1 0
2 0
3 1
4 0
5 0
6 1
7 0

When matching output
x: not in operator
y: wrong position

Identity
0 0010101 3
1 1101100 4
2 1011010 4
3 1010001 3 match 0
4 1100100 3
5 1111010 5 match 6
6 1001101 4
7 1110100 4

Matching output
0 3
1 absent
2 absent
3 absent
4 absent
5 absent
6 5
7 absent

Left
3 4x
Best: I3: 1

Right
none
Best: none

NOT
0 1101010 4
1 0010011 3
2 0100101 3
3 0101110 4
4 0011011 4
5 0000101 2
6 0110010 3
7 0001011 3

Matching output
0 absent
1 absent
2 absent
3 absent
4 absent
5 absent
6 absent
7 absent

Left
none
Best: none

Right
none
Best: none

Constant
0 0000000 a
1 1111111 a match 2

Matching output
0 absent
1 absent
2 C1
3 absent
4 absent
5 absent
6 absent
7 absent

Left
none
Best: none

Right
none
Best: none

AND
01 10 0000100 1
12 21 1001000 2
23 32 1010000 2
34 43 1000000 1
45 54 1100000 2
56 65 1001000 2
67 76 1000100 2
70 07 0010100 2

02 20 0010000 1
13 31 1000000 1
24 42 1000000 1
35 53 1010000 2
46 64 1000100 2
57 75 1110000 3
60 06 0000101 2
71 17 1100100 3

03 30 0010001 2
14 41 1100100 3
25 52 1011010 4
36 63 1000001 2
47 74 1100100 3
50 05 0010000 1
61 16 1001100 3
72 27 1010000 2

04 40 0000100 1
15 51 1101000 3
26 62 1001000 2
37 73 1010000 2

Matching output
0 absent
1 absent
2 absent
3 absent
4 absent
5 absent
6 absent
7 absent

Left
none
Best: none

Right
none
Best: none

OR
01 10 1111101 6
12 21 1111110 6
23 32 1011011 5
34 43 1110101 5
45 54 1111110 6
56 65 1111111 a match 2
67 76 1111101 6
70 07 1110101 5

02 20 1011111 6 match 3 7
13 31 1111101 6
24 42 1111110 6
35 53 1111011 6
46 64 1101101 5
57 75 1111110 6
60 06 1011101 5
71 17 1111100 5

03 30 1010101 4
14 41 1101100 4
25 52 1111010 5 match 6
36 63 1011101 5
47 74 1110100 4
50 05 1111111 a match 2
61 16 1101101 5
72 27 1111110 6

04 40 1110101 5
15 51 1111110 6
26 62 1011111 6 match 3 7
37 73 1110101 5

Matching output
0 absent
1 absent
2 56 65 50 05
3 02 20 26 62
4 absent
5 absent
6 25 52
7 02 20 26 62

Left
none
Best: none

Right
02 71x
20 17x
26 15x
62 51x
Best: OR02: 1

XOR
01 10 1111001 5
12 21 0110110 4
23 32 0001011 3
34 43 0110101 4
45 54 0011110 4
56 65 0110111 5
67 76 0111001 4
70 07 1100001 3

02 20 1001111 5
13 31 0111101 5
24 42 0111110 5
35 53 0101011 4
46 64 0101001 3
57 75 0001110 3
60 06 1011000 3
71 17 0011000 2

03 30 1000100 2
14 41 0001000 1
25 52 0100000 1
36 63 0011100 3
47 74 0010000 1
50 05 1101111 6 match 5
61 16 0100001 2
72 27 0101110 4

04 40 1110001 4
15 51 0010110 3
26 62 0010111 4
37 73 0100101 3

Matching output
0 absent
1 absent
2 absent
3 absent
4 absent
5 50 05
6 absent
7 absent

Left
none
Best: none

Right
none
Best: none

AND-NOT
01 0010001 2
12 0100100 2
23 0001010 2
34 0010001 2
45 0000100 1
56 0110010 3
67 0001001 2
70 1100000 2

02 0000101 2
13 0101100 3
24 0011010 3
35 0000001 1
46 0100000 1
57 0001010 2
60 1001000 2
71 0010000 1

03 0000100 1
14 0001000 1
25 0000000 a
36 0010000 1
47 0000000 a
50 1101010 4
61 0000001 1
72 0100100 2

04 0010001 2
15 0000100 1
26 0010010 2
37 0000001 1
40 1100000 2
51 0010010 2
62 0000101 2
73 0100100 2

05 0000101 2
16 0100000 1
27 0001010 2
30 1000000 1
41 0000000 a
52 0100000 1
63 0001100 2
74 0010000 1

06 0010000 1
17 0001000 1
20 1001010 3
31 0010001 2
42 0100100 2
53 0101010 3
64 0001001 2
75 0000100 1

07 0000001 1
10 1101000 3
21 0010010 2
32 0000001 1
43 0100100 2
54 0011010 3
65 0000101 2
76 0110000 2

Matching output
0 absent
1 absent
2 absent
3 absent
4 absent
5 absent
6 absent
7 absent

Left
none
Best: none

Right
none
Best: none

OR-NOT
01 0010111 4
12 1101101 5
23 1111110 6
34 1011011 5
45 1100101 4
56 1111010 5 match 6
67 1001111 5
70 1111110 6

02 0110101 4
13 1101110 5
24 1011011 5
35 1010101 4
46 1110110 5
57 1111011 6
60 1101111 6 match 5
71 1110111 6

03 0111111 6 match 1
14 1111111 a match 2
25 1011111 6 match 3 7
36 1110011 5 match 4
47 1101111 6 match 5
50 1111010 5 match 6
61 1011111 6 match 3 7
72 1110101 5

04 0011111 5
15 1101101 5
26 1111010 5 match 6
37 1011011 5
40 1101110 5
51 1111011 6
62 1101101 5
73 1111110 6

05 0010101 3
16 1111110 6
27 1011011 5
30 1111011 6
41 1110111 6
52 1111111 a match 2
63 1101111 6 match 5
74 1111111 a match 2

06 0110111 5
17 1101111 6 match 5
20 1111010 5 match 6
31 1010011 4
42 1100101 4
53 1111110 6
64 1011111 6 match 3 7
75 1110101 5

07 0011111 5
10 1101110 5
21 1011011 5
32 1110101 5
43 1101110 5
54 1111011 6
65 1001101 4
76 1110110 5

Matching output
0 absent
1 03
2 14 52 74
3 25 61 64
4 36
5 60 47 63 17
6 56 50 26 20
7 25 61 64

Left
none
Best: none

Right
25 14y
61 50 47 36 25 14 03 72x
64 53x
Best: OR-NOT61 50 47 36 25 14 03: 7

XOR-NOT
01 0000110 2
12 1001001 3
23 1110100 4
34 1001010 3
45 1100001 3
56 1001000 2
67 1000110 3
70 0011110 4

02 0110000 2
13 1000010 2
24 1000001 2
35 1010100 3
46 1010110 4
57 1110001 4
60 0100111 4
71 1100111 5

03 0111011 5
14 1110111 6
25 1011111 6 match 3 7
36 1100011 4
47 1101111 6 match 5
50 0010000 1
61 1011110 5
72 1010001 3 match 0

04 0001110 3
15 1101001 4
26 1101000 3
37 1011010 4
40 0001110 3
51 1101001 4
62 1101000 3
73 1011010 4

05 0010000 1
16 1011110 5
27 1010001 3 match 0
30 0111011 5
41 1110111 6
52 1011111 6 match 3 7
63 1100011 4
74 1101111 6 match 5

06 0100111 4
17 1100111 5
20 0110000 2
31 1000010 2
42 1000001 2
53 1010100 3
64 1010110 4
75 1110001 4

07 0011110 4
10 0000110 2
21 1001001 3
32 1110100 4
43 1001010 3
54 1100001 3
65 1001000 2
76 1000110 3

Matching output
0 72 27
1 absent
2 absent
3 25 52
4 absent
5 47 74
6 absent
7 25 52

Left
72 03x
27 30x
Best: XOR-NOT72: 1

Right
25 14x
52 41x
Best: XOR-NOT25: 1

Selecting

Lefts
Identity I3: 1
NOT none
Constant none
AND none
OR none
XOR none
AND-NOT none
OR-NOT none
XOR-NOT XOR-NOT72: 1

Rights
Identity none
NOT none
Constant none
AND none
OR OR02: 1
XOR none
AND-NOT none
OR-NOT OR-NOT61 50 47 36 25 14 03: 7
XOR-NOT XOR-NOT25: 1

Left longest: 1
Right longest: 7

Right winner: Identity no, NOT no, Constant no, AND no, OR no, XOR no, AND-NOT no, OR-NOT yes, XOR-NOT no
Left winner: Identity yes, NOT no, Constant no, AND no, OR no, XOR no, AND-NOT no, OR-NOT no, XOR-NOT no

Best right: OR-NOT61 50 47 36 25 14 03: 7
Best left: I3: 1

Truncated right: OR-NOT61 50 47 36 25 14 03: 7
Truncated left: I3: 1

Tentative from right
7 OR-NOT61
6 OR-NOT50
5 OR-NOT47
4 OR-NOT36
3 OR-NOT25
2 OR-NOT14
1 OR-NOT03
0 pending

Tentative
0 I3
1 OR-NOT03
2 OR-NOT14
3 OR-NOT25
4 OR-NOT36
5 OR-NOT47
6 OR-NOT50
7 OR-NOT61

Preferred from right
7 OR-NOT61
6 OR-NOT50
5 OR-NOT47
4 OR-NOT36
3 OR-NOT25
2 OR-NOT14
1 OR-NOT03
0 I3

Preferred from left
0 I3
1 OR-NOT03
2 OR-NOT14
3 OR-NOT25
4 OR-NOT36
5 OR-NOT47
6 OR-NOT50
7 OR-NOT61

Preferred
0 I3
1 OR-NOT03
2 OR-NOT14
3 OR-NOT25
4 OR-NOT36
5 OR-NOT47
6 OR-NOT50
7 OR-NOT61

Matching
0 I3
1 OR-NOT03
2 OR-NOT14
3 OR-NOT25
4 OR-NOT36
5 OR-NOT47
6 OR-NOT50
7 OR-NOT61

Perfect match
Identity no
NOT no
Constant no
AND no
OR no
XOR no
AND-NOT no
OR-NOT no
XOR-NOT no

Matched
0 I3
1 OR-NOT03
2 OR-NOT14
3 OR-NOT25
4 OR-NOT36
5 OR-NOT47
6 OR-NOT50
7 OR-NOT61

Selected
0 CH(1,3,0)
1 OR-NOT03
2 OR-NOT14
3 OR-NOT25
4 OR-NOT36
5 OR-NOT47
6 OR-NOT50
7 OR-NOT61

Applying to 10001000
Input
0 1
1 0
2 0
3 0
4 1
5 0
6 0
7 0
Output
0 CH(1,3,0) = CH(0,0,1) = 1
1 OR-NOT03 = OR(1,NOT(0)) = 1
2 OR-NOT14 = OR(0,NOT(1)) = 0
3 OR-NOT25 = OR(0,NOT(0)) = 1
4 OR-NOT36 = OR(0,NOT(0)) = 1
5 OR-NOT47 = OR(1,NOT(0)) = 1
6 OR-NOT50 = OR(0,NOT(1)) = 0
7 OR-NOT61 = OR(0,NOT(0)) = 1

I will now return the answer in \boxed{}
The answer in \boxed{–} is \boxed{11011101}