We need to deduce the transformation by matching the example outputs.
I will put my final answer inside \boxed{}.

Output 0: 00000001
0 0
1 0
2 0
3 0
4 0
5 0
6 0
7 1

Output 1: 00000000
0 0
1 0
2 0
3 0
4 0
5 0
6 0
7 0

Output 2: 00000000
0 0
1 0
2 0
3 0
4 0
5 0
6 0
7 0

Output 3: 00000000
0 0
1 0
2 0
3 0
4 0
5 0
6 0
7 0

Output 4: 00000001
0 0
1 0
2 0
3 0
4 0
5 0
6 0
7 1

Output 5: 00000001
0 0
1 0
2 0
3 0
4 0
5 0
6 0
7 1

Output 6: 00000000
0 0
1 0
2 0
3 0
4 0
5 0
6 0
7 0

Output bit columns (with bitsum as hash)
0 0000000 a
1 0000000 a
2 0000000 a
3 0000000 a
4 0000000 a
5 0000000 a
6 0000000 a
7 1000110 3

Input 0: 11110101
0 1
1 1
2 1
3 1
4 0
5 1
6 0
7 1

Input 1: 10100100
0 1
1 0
2 1
3 0
4 0
5 1
6 0
7 0

Input 2: 00111010
0 0
1 0
2 1
3 1
4 1
5 0
6 1
7 0

Input 3: 01110000
0 0
1 1
2 1
3 1
4 0
5 0
6 0
7 0

Input 4: 10011110
0 1
1 0
2 0
3 1
4 1
5 1
6 1
7 0

Input 5: 10010110
0 1
1 0
2 0
3 1
4 0
5 1
6 1
7 0

Input 6: 10100001
0 1
1 0
2 1
3 0
4 0
5 0
6 0
7 1

When matching output
x: not in operator
y: wrong position

Identity
0 1100111 5
1 1001000 2
2 1111001 5
3 1011110 5
4 0010100 2
5 1100110 4
6 0010110 3
7 1000001 2

Matching output
0 absent
1 absent
2 absent
3 absent
4 absent
5 absent
6 absent
7 absent

Left
none
Best: none

Right
none
Best: none

NOT
0 0011000 2
1 0110111 5
2 0000110 2
3 0100001 2
4 1101011 5
5 0011001 3
6 1101001 4
7 0111110 5

Matching output
0 absent
1 absent
2 absent
3 absent
4 absent
5 absent
6 absent
7 absent

Left
none
Best: none

Right
none
Best: none

Constant
0 0000000 a match 0 1 2 3 4 5 6
1 1111111 a

Matching output
0 C0
1 C0
2 C0
3 C0
4 C0
5 C0
6 C0
7 absent

Left
0 0 0 0 0 0 0
Best: C0 0 0 0 0 0 0: 7

Right
none
Best: none

AND
01 10 1000000 1
12 21 1001000 2
23 32 1011000 3
34 43 0010100 2
45 54 0000100 1
56 65 0000110 2
67 76 0000000 a match 0 1 2 3 4 5 6
70 07 1000001 2

02 20 1100001 3
13 31 1001000 2
24 42 0010000 1
35 53 1000110 3 match 7
46 64 0010100 2
57 75 1000000 1
60 06 0000110 2
71 17 1000000 1

03 30 1000110 3 match 7
14 41 0000000 a match 0 1 2 3 4 5 6
25 52 1100000 2
36 63 0010110 3
47 74 0000000 a match 0 1 2 3 4 5 6
50 05 1100110 4
61 16 0000000 a match 0 1 2 3 4 5 6
72 27 1000001 2

04 40 0000100 1
15 51 1000000 1
26 62 0010000 1
37 73 1000000 1

Matching output
0 67 76 14 41 47 74 61 16
1 67 76 14 41 47 74 61 16
2 67 76 14 41 47 74 61 16
3 67 76 14 41 47 74 61 16
4 67 76 14 41 47 74 61 16
5 67 76 14 41 47 74 61 16
6 67 76 14 41 47 74 61 16
7 35 53 03 30

Left
67 70x
76 07x
14 25x
41 52x
47 50x
74 05x
61 72x
16 27x
Best: AND67: 1

Right
35 24x
53 42x
03 72x
30 27x
Best: AND35: 1

OR
01 10 1101111 6
12 21 1111001 5
23 32 1111111 a
34 43 1011110 5
45 54 1110110 5
56 65 1110110 5
67 76 1010111 5
70 07 1100111 5

02 20 1111111 a
13 31 1011110 5
24 42 1111101 6
35 53 1111110 6
46 64 0010110 3
57 75 1100111 5
60 06 1110111 6
71 17 1001001 3

03 30 1111111 a
14 41 1011100 4
25 52 1111111 a
36 63 1011110 5
47 74 1010101 4
50 05 1100111 5
61 16 1011110 5
72 27 1111001 5

04 40 1110111 6
15 51 1101110 5
26 62 1111111 a
37 73 1011111 6

Matching output
0 absent
1 absent
2 absent
3 absent
4 absent
5 absent
6 absent
7 absent

Left
none
Best: none

Right
none
Best: none

XOR
01 10 0101111 5
12 21 0110001 3
23 32 0100111 4
34 43 1001010 3
45 54 1110010 4
56 65 1110000 3
67 76 1010111 5
70 07 0100110 3

02 20 0011110 4
13 31 0010110 3
24 42 1101101 5
35 53 0111000 3
46 64 0000010 1
57 75 0100111 4
60 06 1110001 4
71 17 0001001 2

03 30 0111001 4
14 41 1011100 4
25 52 0011111 5
36 63 1001000 2
47 74 1010101 4
50 05 0000001 1
61 16 1011110 5
72 27 0111000 3

04 40 1110011 5
15 51 0101110 4
26 62 1101111 6
37 73 0011111 5

Matching output
0 absent
1 absent
2 absent
3 absent
4 absent
5 absent
6 absent
7 absent

Left
none
Best: none

Right
none
Best: none

AND-NOT
01 0100111 4
12 0000000 a match 0 1 2 3 4 5 6
23 0100001 2
34 1001010 3
45 0010000 1
56 1100000 2
67 0010110 3
70 0000000 a match 0 1 2 3 4 5 6

02 0000110 2
13 0000000 a match 0 1 2 3 4 5 6
24 1101001 4
35 0011000 2
46 0000000 a match 0 1 2 3 4 5 6
57 0100110 3
60 0010000 1
71 0000001 1

03 0100001 2
14 1001000 2
25 0011001 3
36 1001000 2
47 0010100 2
50 0000000 a match 0 1 2 3 4 5 6
61 0010110 3
72 0000000 a match 0 1 2 3 4 5 6

04 1100011 4
15 0001000 1
26 1101001 4
37 0011110 4
40 0010000 1
51 0100110 3
62 0000110 2
73 0000001 1

05 0000001 1
16 1001000 2
27 0111000 3
30 0011000 2
41 0010100 2
52 0000110 2
63 0000000 a match 0 1 2 3 4 5 6
74 1000001 2

06 1100001 3
17 0001000 1
20 0011000 2
31 0010110 3
42 0000100 1
53 0100000 1
64 0000010 1
75 0000001 1

07 0100110 3
10 0001000 1
21 0110001 3
32 0000110 2
43 0000000 a match 0 1 2 3 4 5 6
54 1100010 3
65 0010000 1
76 1000001 2

Matching output
0 12 70 13 46 50 72 63 43
1 12 70 13 46 50 72 63 43
2 12 70 13 46 50 72 63 43
3 12 70 13 46 50 72 63 43
4 12 70 13 46 50 72 63 43
5 12 70 13 46 50 72 63 43
6 12 70 13 46 50 72 63 43
7 absent

Left
12 23x
70 01x
13 24x
46 57x
50 61x
72 03x
63 74x
43 54x
Best: AND-NOT12: 1

Right
none
Best: none

OR-NOT
01 1110111 6
12 1001110 4
23 1111001 5
34 1111111 a
45 0011101 4
56 1101111 6
67 0111110 5
70 1011001 4

02 1100111 5
13 1101001 4
24 1111011 6
35 1011111 6
46 1111101 6
57 1111110 6
60 0011110 4
71 1110111 6

03 1100111 5
14 1101011 5
25 1111001 5
36 1111111 a
47 0111110 5
50 1111110 6
61 0110111 5
72 1000111 4

04 1101111 6
15 1011001 4
26 1111001 5
37 1111110 6
40 0011100 3
51 1110111 6
62 0010110 3
73 1100001 3

05 1111111 a
16 1101001 4
27 1111111 a
30 1011110 5
41 0110111 5
52 1100110 4
63 0110111 5
74 1101011 5

06 1101111 6
17 1111110 6
20 1111001 5
31 1111111 a
42 0010110 3
53 1100111 5
64 1111111 a
75 1011001 4

07 1111111 a
10 1011000 3
21 1111111 a
32 1011110 5
43 0110101 4
54 1101111 6
65 0011111 5
76 1101001 4

Matching output
0 absent
1 absent
2 absent
3 absent
4 absent
5 absent
6 absent
7 absent

Left
none
Best: none

Right
none
Best: none

XOR-NOT
01 1010000 2
12 1001110 4
23 1011000 3
34 0110101 4
45 0001101 3
56 0001111 4
67 0101000 2
70 1011001 4

02 1100001 3
13 1101001 4
24 0010010 2
35 1000111 4
46 1111101 6
57 1011000 3
60 0001110 3
71 1110110 5

03 1000110 3 match 7
14 0100011 3
25 1100000 2
36 0110111 5
47 0101010 3
50 1111110 6
61 0100001 2
72 1000111 4

04 0001100 2
15 1010001 3
26 0010000 1
37 1100000 2
40 0001100 2
51 1010001 3
62 0010000 1
73 1100000 2

05 1111110 6
16 0100001 2
27 1000111 4
30 1000110 3 match 7
41 0100011 3
52 1100000 2
63 0110111 5
74 0101010 3

06 0001110 3
17 1110110 5
20 1100001 3
31 1101001 4
42 0010010 2
53 1000111 4
64 1111101 6
75 1011000 3

07 1011001 4
10 1010000 2
21 1001110 4
32 1011000 3
43 0110101 4
54 0001101 3
65 0001111 4
76 0101000 2

Matching output
0 absent
1 absent
2 absent
3 absent
4 absent
5 absent
6 absent
7 03 30

Left
none
Best: none

Right
03 72x
30 27x
Best: XOR-NOT03: 1

Selecting

Lefts
Identity none
NOT none
Constant C0 0 0 0 0 0 0: 7
AND AND67: 1
OR none
XOR none
AND-NOT AND-NOT12: 1
OR-NOT none
XOR-NOT none

Rights
Identity none
NOT none
Constant none
AND AND35: 1
OR none
XOR none
AND-NOT none
OR-NOT none
XOR-NOT XOR-NOT03: 1

Left longest: 7
Right longest: 1

Left winner: Identity no, NOT no, Constant yes, AND no, OR no, XOR no, AND-NOT no, OR-NOT no, XOR-NOT no
Right winner: Identity no, NOT no, Constant no, AND yes, OR no, XOR no, AND-NOT no, OR-NOT no, XOR-NOT no

Best left: C0 0 0 0 0 0 0: 7
Best right: AND35: 1

Truncated left: C0 0 0 0 0 0 0: 7
Truncated right: AND35: 1

Tentative from right
7 AND35
6 pending
5 pending
4 pending
3 pending
2 pending
1 pending
0 pending

Tentative
0 C0
1 C0
2 C0
3 C0
4 C0
5 C0
6 C0
7 AND35

Preferred from left
0 C0
1 C0
2 C0
3 C0
4 C0
5 C0
6 C0
7 AND35

Preferred from right
7 AND35
6 C0
5 C0
4 C0
3 C0
2 C0
1 C0
0 C0

Preferred
0 C0
1 C0
2 C0
3 C0
4 C0
5 C0
6 C0
7 AND35

Matching
0 C0
1 C0
2 C0
3 C0
4 C0
5 C0
6 C0
7 AND35

Perfect match
Identity no
NOT no
Constant no
AND no
OR no
XOR no
AND-NOT no
OR-NOT no
XOR-NOT no

Matched
0 C0
1 C0
2 C0
3 C0
4 C0
5 C0
6 C0
7 AND35

Selected
0 C0
1 C0
2 C0
3 C0
4 C0
5 C0
6 C0
7 CH(0,3,7)

Applying to 01111110
Input
0 0
1 1
2 1
3 1
4 1
5 1
6 1
7 0
Output
0 C0 = 0
1 C0 = 0
2 C0 = 0
3 C0 = 0
4 C0 = 0
5 C0 = 0
6 C0 = 0
7 CH(0,3,7) = CH(0,1,0) = 0

I will now return the answer in \boxed{}
The answer in \boxed{–} is \boxed{00000000}