We need to deduce the transformation by matching the example outputs.
I will put my final answer inside \boxed{}.

Output 0: 11111111
0 1
1 1
2 1
3 1
4 1
5 1
6 1
7 1

Output 1: 01001111
0 0
1 1
2 0
3 0
4 1
5 1
6 1
7 1

Output 2: 01111010
0 0
1 1
2 1
3 1
4 1
5 0
6 1
7 0

Output 3: 00111101
0 0
1 0
2 1
3 1
4 1
5 1
6 0
7 1

Output 4: 01111111
0 0
1 1
2 1
3 1
4 1
5 1
6 1
7 1

Output 5: 11111111
0 1
1 1
2 1
3 1
4 1
5 1
6 1
7 1

Output 6: 01011001
0 0
1 1
2 0
3 1
4 1
5 0
6 0
7 1

Output 7: 01101111
0 0
1 1
2 1
3 0
4 1
5 1
6 1
7 1

Output bit columns (with bitsum as hash)
0 10000100 2
1 11101111 7
2 10111101 6
3 10111110 6
4 11111111 a
5 11011101 6
6 11101101 6
7 11011111 7

Input 0: 11111101
0 1
1 1
2 1
3 1
4 1
5 1
6 0
7 1

Input 1: 00100100
0 0
1 0
2 1
3 0
4 0
5 1
6 0
7 0

Input 2: 00100001
0 0
1 0
2 1
3 0
4 0
5 0
6 0
7 1

Input 3: 01010011
0 0
1 1
2 0
3 1
4 0
5 0
6 1
7 1

Input 4: 10011111
0 1
1 0
2 0
3 1
4 1
5 1
6 1
7 1

Input 5: 10111111
0 1
1 0
2 1
3 1
4 1
5 1
6 1
7 1

Input 6: 01100111
0 0
1 1
2 1
3 0
4 0
5 1
6 1
7 1

Input 7: 00011100
0 0
1 0
2 0
3 1
4 1
5 1
6 0
7 0

When matching output
x: not in operator
y: wrong position

Identity
0 10001100 3
1 10010010 3
2 11100110 5
3 10011101 5
4 10001101 4
5 11001111 6
6 00011110 4
7 10111110 6 match 3

Matching output
0 absent
1 absent
2 absent
3 7
4 absent
5 absent
6 absent
7 absent

Left
none
Best: none

Right
none
Best: none

NOT
0 01110011 5
1 01101101 5
2 00011001 3
3 01100010 3
4 01110010 4
5 00110000 2
6 11100001 4
7 01000001 2

Matching output
0 absent
1 absent
2 absent
3 absent
4 absent
5 absent
6 absent
7 absent

Left
none
Best: none

Right
none
Best: none

Constant
0 00000000 a
1 11111111 a match 4

Matching output
0 absent
1 absent
2 absent
3 absent
4 C1
5 absent
6 absent
7 absent

Left
none
Best: none

Right
none
Best: none

AND
01 10 10000000 1
12 21 10000010 2
23 32 10000100 2 match 0
34 43 10001101 4
45 54 10001101 4
56 65 00001110 3
67 76 00011110 4
70 07 10001100 3

02 20 10000100 2 match 0
13 31 10010000 2
24 42 10000100 2 match 0
35 53 10001101 4
46 64 00001100 2
57 75 10001110 4
60 06 00001100 2
71 17 10010010 3

03 30 10001100 3
14 41 10000000 1
25 52 11000110 4
36 63 00011100 3
47 74 10001100 3
50 05 10001100 3
61 16 00010010 2
72 27 10100110 4

04 40 10001100 3
15 51 10000010 2
26 62 00000110 2
37 73 10011100 4

Matching output
0 23 32 02 20 24 42
1 absent
2 absent
3 absent
4 absent
5 absent
6 absent
7 absent

Left
23 34x
32 43x
02 13x
20 31x
24 35x
42 53x
Best: AND23: 1

Right
none
Best: none

OR
01 10 10011110 5
12 21 11110110 6
23 32 11111111 a match 4
34 43 10011101 5
45 54 11001111 6
56 65 11011111 7 match 7
67 76 10111110 6 match 3
70 07 10111110 6 match 3

02 20 11101110 6
13 31 10011111 6
24 42 11101111 7 match 1
35 53 11011111 7 match 7
46 64 10011111 6
57 75 11111111 a match 4
60 06 10011110 5
71 17 10111110 6 match 3

03 30 10011101 5
14 41 10011111 6
25 52 11101111 7 match 1
36 63 10011111 6
47 74 10111111 7
50 05 11001111 6
61 16 10011110 5
72 27 11111110 7

04 40 10001101 4
15 51 11011111 7 match 7
26 62 11111110 7
37 73 10111111 7

Matching output
0 absent
1 24 42 25 52
2 absent
3 67 76 70 07 71 17
4 23 32 57 75
5 absent
6 absent
7 56 65 35 53 15 51

Left
none
Best: none

Right
56 45x
65 54x
35 24y
53 42y
15 04x
51 40x
Best: OR56: 1

XOR
01 10 00011110 4
12 21 01110100 4
23 32 01111011 6
34 43 00010000 1
45 54 01000010 2
56 65 11010001 4
67 76 10100000 2
70 07 00110010 3

02 20 01101010 4
13 31 00001111 4
24 42 01101011 5
35 53 01010010 3
46 64 10010011 4
57 75 01110001 4
60 06 10010010 3
71 17 00101100 3

03 30 00010001 2
14 41 00011111 5
25 52 00101001 3
36 63 10000011 3
47 74 00110011 4
50 05 01000011 3
61 16 10001100 3
72 27 01011000 3

04 40 00000001 1
15 51 01011101 5
26 62 11111000 5
37 73 00100011 3

Matching output
0 absent
1 absent
2 absent
3 absent
4 absent
5 absent
6 absent
7 absent

Left
none
Best: none

Right
none
Best: none

AND-NOT
01 00001100 2
12 00010000 1
23 01100010 3
34 00010000 1
45 00000000 a
56 11000001 3
67 00000000 a
70 00110010 3

02 00001000 1
13 00000010 1
24 01100010 3
35 00010000 1
46 10000001 2
57 01000001 2
60 00010010 2
71 00101100 3

03 00000000 a
14 00010010 2
25 00100000 1
36 10000001 2
47 00000001 1
50 01000011 3
61 00001100 2
72 00011000 2

04 00000000 a
15 00010000 1
26 11100000 3
37 00000001 1
40 00000001 1
51 01001101 4
62 00011000 2
73 00100010 2

05 00000000 a
16 10000000 1
27 01000000 1
30 00010001 2
41 00001101 3
52 00001001 2
63 00000010 1
74 00110010 3

06 10000000 1
17 00000000 a
20 01100010 3
31 00001101 3
42 00001001 2
53 01000010 2
64 00010010 2
75 00110000 2

07 00000000 a
10 00010010 2
21 01100100 3
32 00011001 3
43 00000000 a
54 01000010 2
65 00010000 1
76 10100000 2

Matching output
0 absent
1 absent
2 absent
3 absent
4 absent
5 absent
6 absent
7 absent

Left
none
Best: none

Right
none
Best: none

OR-NOT
01 11101101 6 match 6
12 10011011 5
23 11100110 5
34 11111111 a match 4
45 10111101 6 match 2
56 11101111 7 match 1
67 01011111 6
70 11111111 a match 4

02 10011101 5
13 11110010 5
24 11110110 6
35 10111101 6 match 2
46 11101101 6 match 6
57 11001111 6
60 01111111 7
71 11111111 a match 4

03 11101110 6
14 11110010 5
25 11110110 6
36 11111101 7
47 11001101 5
50 11111111 a match 4
61 01111111 7
72 10111111 7

04 11111110 7
15 10110010 4
26 11100111 6
37 11011101 6 match 5
40 11111111 a match 4
51 11101111 7 match 1
62 00011111 5
73 11111110 7

05 10111100 5
16 11110011 6
27 11100111 6
30 11111111 a match 4
41 11101101 6 match 6
52 11011111 7 match 7
63 01111110 6
74 11111110 7

06 11101101 6 match 6
17 11010011 5
20 11110111 7
31 11111101 7
42 10011101 5
53 11101111 7 match 1
64 01111110 6
75 10111110 6 match 3

07 11001101 5
10 11110011 6
21 11101111 7 match 1
32 10011101 5
43 11101111 7 match 1
54 11111111 a match 4
65 00111110 5
76 11111111 a match 4

Matching output
0 absent
1 56 51 53 21 43
2 45 35
3 75
4 34 70 71 50 40 30 54 76
5 37
6 01 46 41 06
7 52

Left
none
Best: none

Right
52 41 30y
Best: OR-NOT52 41: 2

XOR-NOT
01 11100001 4
12 10001011 4
23 10000100 2 match 0
34 11101111 7 match 1
45 10111101 6 match 2
56 00101110 4
67 01011111 6
70 11001101 5

02 10010101 4
13 11110000 4
24 10010100 3
35 10101101 5
46 01101100 4
57 10001110 4
60 01101101 5
71 11010011 5

03 11101110 6
14 11100000 3
25 11010110 5
36 01111100 5
47 11001100 4
50 10111100 5
61 01110011 5
72 10100111 5

04 11111110 7
15 10100010 3
26 00000111 3
37 11011100 5
40 11111110 7
51 10100010 3
62 00000111 3
73 11011100 5

05 10111100 5
16 01110011 5
27 10100111 5
30 11101110 6
41 11100000 3
52 11010110 5
63 01111100 5
74 11001100 4

06 01101101 5
17 11010011 5
20 10010101 4
31 11110000 4
42 10010100 3
53 10101101 5
64 01101100 4
75 10001110 4

07 11001101 5
10 11100001 4
21 10001011 4
32 10000100 2 match 0
43 11101111 7 match 1
54 10111101 6 match 2
65 00101110 4
76 01011111 6

Matching output
0 23 32
1 34 43
2 45 54
3 absent
4 absent
5 absent
6 absent
7 absent

Left
23 34 45 56x
32 43 54 65x
Best: XOR-NOT23 34 45: 3

Right
none
Best: none

Selecting

Lefts
Identity none
NOT none
Constant none
AND AND23: 1
OR none
XOR none
AND-NOT none
OR-NOT none
XOR-NOT XOR-NOT23 34 45: 3

Rights
Identity none
NOT none
Constant none
AND none
OR OR56: 1
XOR none
AND-NOT none
OR-NOT OR-NOT52 41: 2
XOR-NOT none

Left longest: 3
Right longest: 2

Left winner: Identity no, NOT no, Constant no, AND no, OR no, XOR no, AND-NOT no, OR-NOT no, XOR-NOT yes
Right winner: Identity no, NOT no, Constant no, AND no, OR no, XOR no, AND-NOT no, OR-NOT yes, XOR-NOT no

Best left: XOR-NOT23 34 45: 3
Best right: OR-NOT52 41: 2

Truncated left: XOR-NOT23 34 45: 3
Truncated right: OR-NOT52 41: 2

Tentative from right
7 OR-NOT52
6 OR-NOT41
5 pending
4 pending
3 pending
2 pending
1 pending
0 pending

Tentative
0 XOR-NOT23
1 XOR-NOT34
2 XOR-NOT45
3 pending
4 pending
5 pending
6 OR-NOT41
7 OR-NOT52

Preferred from left
0 XOR-NOT23
1 XOR-NOT34
2 XOR-NOT45
3 ?56
4 ?67
5 ?70
6 OR-NOT41
7 OR-NOT52

Preferred from right
7 OR-NOT52
6 OR-NOT41
5 ?70
4 ?67
3 ?56
2 XOR-NOT45
1 XOR-NOT34
0 XOR-NOT23

Preferred
0 XOR-NOT23
1 XOR-NOT34
2 XOR-NOT45
3 ?56 ?65
4 ?67 ?76
5 ?70 ?07
6 OR-NOT41
7 OR-NOT52

Matching
0 XOR-NOT23
1 XOR-NOT34
2 XOR-NOT45
3 ?56 ?65 - Identity absent, NOT absent, Constant absent, AND absent, OR absent, XOR absent, AND-NOT absent, OR-NOT absent, XOR-NOT absent
4 ?67 ?76 - Identity absent, NOT absent, Constant C1, AND absent, OR absent, XOR absent, AND-NOT absent, OR-NOT76, XOR-NOT absent
5 ?70 ?07 - Identity absent, NOT absent, Constant absent, AND absent, OR absent, XOR absent, AND-NOT absent, OR-NOT absent, XOR-NOT absent
6 OR-NOT41
7 OR-NOT52

Perfect match
Identity no
NOT no
Constant no
AND no
OR no
XOR no
AND-NOT no
OR-NOT no
XOR-NOT no

Matched
0 XOR-NOT23
1 XOR-NOT34
2 XOR-NOT45
3 none
4 C1 OR-NOT76
5 none
6 OR-NOT41
7 OR-NOT52

Selected
0 XOR-NOT23
1 XOR-NOT34
2 XOR-NOT45
3 CH(2,7,6)
4 OR23
5 CH(7,3,5)
6 OR-NOT41
7 OR-NOT52

Applying to 01000110
Input
0 0
1 1
2 0
3 0
4 0
5 1
6 1
7 0
Output
0 XOR-NOT23 = XOR(0,NOT(0)) = 1
1 XOR-NOT34 = XOR(0,NOT(0)) = 1
2 XOR-NOT45 = XOR(0,NOT(1)) = 0
3 CH(2,7,6) = CH(0,0,1) = 1
4 OR23 = OR(0,0) = 0
5 CH(7,3,5) = CH(0,0,1) = 1
6 OR-NOT41 = OR(0,NOT(1)) = 0
7 OR-NOT52 = OR(1,NOT(0)) = 1

I will now return the answer in \boxed{}
The answer in \boxed{–} is \boxed{11010101}