We need to deduce the transformation by matching the example outputs.
I will put my final answer inside \boxed{}.

Output 0: 00100011
0 0
1 0
2 1
3 0
4 0
5 0
6 1
7 1

Output 1: 11011111
0 1
1 1
2 0
3 1
4 1
5 1
6 1
7 1

Output 2: 11001111
0 1
1 1
2 0
3 0
4 1
5 1
6 1
7 1

Output 3: 10001000
0 1
1 0
2 0
3 0
4 1
5 0
6 0
7 0

Output 4: 10001001
0 1
1 0
2 0
3 0
4 1
5 0
6 0
7 1

Output 5: 01100111
0 0
1 1
2 1
3 0
4 0
5 1
6 1
7 1

Output 6: 01000111
0 0
1 1
2 0
3 0
4 0
5 1
6 1
7 1

Output bit columns (with bitsum as hash)
0 0111100 4
1 0110011 4
2 1000010 2
3 0100000 1
4 0111100 4
5 0110011 4
6 1110011 5
7 1110111 6

Input 0: 01110000
0 0
1 1
2 1
3 1
4 0
5 0
6 0
7 0

Input 1: 10110011
0 1
1 0
2 1
3 1
4 0
5 0
6 1
7 1

Input 2: 11100010
0 1
1 1
2 1
3 0
4 0
5 0
6 1
7 0

Input 3: 00011100
0 0
1 0
2 0
3 1
4 1
5 1
6 0
7 0

Input 4: 00111110
0 0
1 0
2 1
3 1
4 1
5 1
6 1
7 0

Input 5: 00110101
0 0
1 0
2 1
3 1
4 0
5 1
6 0
7 1

Input 6: 10100100
0 1
1 0
2 1
3 0
4 0
5 1
6 0
7 0

When matching output
x: not in operator
y: wrong position

Identity
0 0110001 3
1 1010000 2
2 1110111 6 match 7
3 1101110 5
4 0001100 2
5 0001111 4
6 0110100 3
7 0100010 2

Matching output
0 absent
1 absent
2 absent
3 absent
4 absent
5 absent
6 absent
7 2

Left
none
Best: none

Right
2 1x
Best: I2: 1

NOT
0 1001110 4
1 0101111 5
2 0001000 1
3 0010001 2
4 1110011 5 match 6
5 1110000 3
6 1001011 4
7 1011101 5

Matching output
0 absent
1 absent
2 absent
3 absent
4 absent
5 absent
6 4
7 absent

Left
none
Best: none

Right
none
Best: none

Constant
0 0000000 a
1 1111111 a

Matching output
0 absent
1 absent
2 absent
3 absent
4 absent
5 absent
6 absent
7 absent

Left
none
Best: none

Right
none
Best: none

AND
01 10 0010000 1
12 21 1010000 2
23 32 1100110 4
34 43 0001100 2
45 54 0001100 2
56 65 0000100 1
67 76 0100000 1 match 3
70 07 0100000 1 match 3

02 20 0110001 3
13 31 1000000 1
24 42 0000100 1
35 53 0001110 3
46 64 0000100 1
57 75 0000010 1
60 06 0110000 2
71 17 0000000 a

03 30 0100000 1 match 3
14 41 0000000 a
25 52 0000111 3
36 63 0100100 2
47 74 0000000 a
50 05 0000001 1
61 16 0010000 1
72 27 0100010 2

04 40 0000000 a
15 51 0000000 a
26 62 0110100 3
37 73 0100010 2

Matching output
0 absent
1 absent
2 absent
3 67 76 70 07 03 30
4 absent
5 absent
6 absent
7 absent

Left
none
Best: none

Right
none
Best: none

OR
01 10 1110001 4
12 21 1110111 6 match 7
23 32 1111111 a
34 43 1101110 5
45 54 0001111 4
56 65 0111111 6
67 76 0110110 4
70 07 0110011 4 match 1 5

02 20 1110111 6 match 7
13 31 1111110 6
24 42 1111111 a
35 53 1101111 6
46 64 0111100 4 match 0 4
57 75 0101111 5
60 06 0110101 4
71 17 1110010 4

03 30 1111111 a
14 41 1011100 4
25 52 1111111 a
36 63 1111110 6
47 74 0101110 4
50 05 0111111 6
61 16 1110100 4
72 27 1110111 6 match 7

04 40 0111101 5
15 51 1011111 6
26 62 1110111 6 match 7
37 73 1101110 5

Matching output
0 46 64
1 70 07
2 absent
3 absent
4 46 64
5 70 07
6 absent
7 12 21 02 20 72 27 26 62

Left
46 57x
64 75x
Best: OR46: 1

Right
12 01x
21 10x
02 71x
20 17x
72 61x
27 16x
26 15x
62 51x
Best: OR12: 1

XOR
01 10 1100001 3
12 21 0100111 4
23 32 0011001 3
34 43 1100010 3
45 54 0000011 2
56 65 0111011 5
67 76 0010110 3
70 07 0010011 3

02 20 1000110 3
13 31 0111110 5
24 42 1111011 6
35 53 1100001 3
46 64 0111000 3
57 75 0101101 4
60 06 0000101 2
71 17 1110010 4

03 30 1011111 6
14 41 1011100 4
25 52 1111000 4
36 63 1011010 4
47 74 0101110 4
50 05 0111110 5
61 16 1100100 3
72 27 1010101 4

04 40 0111101 5
15 51 1011111 6
26 62 1000011 3
37 73 1001100 3

Matching output
0 absent
1 absent
2 absent
3 absent
4 absent
5 absent
6 absent
7 absent

Left
none
Best: none

Right
none
Best: none

AND-NOT
01 0100001 2
12 0000000 a
23 0010001 2
34 1100010 3
45 0000000 a
56 0001011 3
67 0010100 2
70 0000010 1

02 0000000 a
13 0010000 1
24 1110011 5 match 6
35 1100000 2
46 0001000 1
57 0001101 3
60 0000100 1
71 0100010 2

03 0010001 2
14 1010000 2
25 1110000 3
36 1001010 3
47 0001100 2
50 0001110 3
61 0100100 2
72 0000000 a

04 0110001 3
15 1010000 2
26 1000011 3
37 1001100 3
40 0001100 2
51 0001111 4
62 0000000 a
73 0000000 a

05 0110000 2
16 1000000 1
27 1010101 4
30 1001110 4
41 0001100 2
52 0001000 1
63 0010000 1
74 0100010 2

06 0000001 1
17 1010000 2
20 1000110 3
31 0101110 4
42 0001000 1
53 0000001 1
64 0110000 2
75 0100000 1 match 3

07 0010001 2
10 1000000 1
21 0100111 4
32 0001000 1
43 0000000 a
54 0000011 2
65 0110000 2
76 0000010 1

Matching output
0 absent
1 absent
2 absent
3 75
4 absent
5 absent
6 24
7 absent

Left
none
Best: none

Right
none
Best: none

OR-NOT
01 0111111 6
12 1011000 3
23 1110111 6 match 7
34 1111111 a
45 1111100 5
56 1001111 5
67 1111101 6
70 1101110 5

02 0111001 4
13 1010001 3
24 1110111 6 match 7
35 1111110 6
46 1001111 5
57 1011111 6
60 1111110 6
71 0101111 5

03 0110001 3
14 1110011 5 match 6
25 1110111 6 match 7
36 1101111 6
47 1011101 5
50 1001111 5
61 0111111 6
72 0101010 3

04 1110011 5 match 6
15 1110000 3
26 1111111 a
37 1111111 a
40 1001110 4
51 0101111 5
62 0111100 4 match 0 4
73 0110011 4 match 1 5

05 1110001 4
16 1011011 5
27 1111111 a
30 1101110 5
41 0101111 5
52 0001111 4
63 0110101 4
74 1110011 5 match 6

06 1111011 6
17 1011101 5
20 1111111 a
31 1101111 6
42 0001100 2
53 0011111 5
64 1110111 6 match 7
75 1110010 4

07 1111101 6
10 1011110 5
21 1111111 a
32 1101110 5
43 0011101 4
54 1111111 a
65 1110100 4
76 1101011 5

Matching output
0 62
1 73
2 absent
3 absent
4 62
5 73
6 14 04 74
7 23 24 25 64

Left
62 73 04y
Best: OR-NOT62 73: 2

Right
23 12x
24 13x
25 14 03x
64 53x
Best: OR-NOT25 14: 2

XOR-NOT
01 0011110 4
12 1011000 3
23 1100110 4
34 0011101 4
45 1111100 5
56 1000100 2
67 1101001 4
70 1101100 4

02 0111001 4
13 1000001 2
24 0000100 1
35 0011110 4
46 1000111 4
57 1010010 3
60 1111010 5
71 0001101 3

03 0100000 1 match 3
14 0100011 3
25 0000111 3
36 0100101 3
47 1010001 3
50 1000001 2
61 0011011 4
72 0101010 3

04 1000010 2 match 2
15 0100000 1 match 3
26 0111100 4 match 0 4
37 0110011 4 match 1 5
40 1000010 2 match 2
51 0100000 1 match 3
62 0111100 4 match 0 4
73 0110011 4 match 1 5

05 1000001 2
16 0011011 4
27 0101010 3
30 0100000 1 match 3
41 0100011 3
52 0000111 3
63 0100101 3
74 1010001 3

06 1111010 5
17 0001101 3
20 0111001 4
31 1000001 2
42 0000100 1
53 0011110 4
64 1000111 4
75 1010010 3

07 1101100 4
10 0011110 4
21 1011000 3
32 1100110 4
43 0011101 4
54 1111100 5
65 1000100 2
76 1101001 4

Matching output
0 26 62
1 37 73
2 04 40
3 03 15 51 30
4 26 62
5 37 73
6 absent
7 absent

Left
26 37 40 51 62 73 04y
62 73 04 15 26 37 40y
Best: XOR-NOT26 37 40 51 62 73: 6

Right
none
Best: none

Selecting

Lefts
Identity none
NOT none
Constant none
AND none
OR OR46: 1
XOR none
AND-NOT none
OR-NOT OR-NOT62 73: 2
XOR-NOT XOR-NOT26 37 40 51 62 73: 6

Rights
Identity I2: 1
NOT none
Constant none
AND none
OR OR12: 1
XOR none
AND-NOT none
OR-NOT OR-NOT25 14: 2
XOR-NOT none

Left longest: 6
Right longest: 2

Left winner: Identity no, NOT no, Constant no, AND no, OR no, XOR no, AND-NOT no, OR-NOT no, XOR-NOT yes
Right winner: Identity no, NOT no, Constant no, AND no, OR no, XOR no, AND-NOT no, OR-NOT yes, XOR-NOT no

Best left: XOR-NOT26 37 40 51 62 73: 6
Best right: OR-NOT25 14: 2

Truncated left: XOR-NOT26 37 40 51 62 73: 6
Truncated right: OR-NOT25 14: 2

Tentative from right
7 OR-NOT25
6 OR-NOT14
5 pending
4 pending
3 pending
2 pending
1 pending
0 pending

Tentative
0 XOR-NOT26
1 XOR-NOT37
2 XOR-NOT40
3 XOR-NOT51
4 XOR-NOT62
5 XOR-NOT73
6 OR-NOT14
7 OR-NOT25

Preferred from left
0 XOR-NOT26
1 XOR-NOT37
2 XOR-NOT40
3 XOR-NOT51
4 XOR-NOT62
5 XOR-NOT73
6 OR-NOT14
7 OR-NOT25

Preferred from right
7 OR-NOT25
6 OR-NOT14
5 XOR-NOT73
4 XOR-NOT62
3 XOR-NOT51
2 XOR-NOT40
1 XOR-NOT37
0 XOR-NOT26

Preferred
0 XOR-NOT26
1 XOR-NOT37
2 XOR-NOT40
3 XOR-NOT51
4 XOR-NOT62
5 XOR-NOT73
6 OR-NOT14
7 OR-NOT25

Matching
0 XOR-NOT26
1 XOR-NOT37
2 XOR-NOT40
3 XOR-NOT51
4 XOR-NOT62
5 XOR-NOT73
6 OR-NOT14
7 OR-NOT25

Perfect match
Identity no
NOT no
Constant no
AND no
OR no
XOR no
AND-NOT no
OR-NOT no
XOR-NOT no

Matched
0 XOR-NOT26
1 XOR-NOT37
2 XOR-NOT40
3 XOR-NOT51
4 XOR-NOT62
5 XOR-NOT73
6 OR-NOT14
7 OR-NOT25


Reselect (whole-word coverage)
0 OR46
1 OR-NOT73
2 XOR-NOT04
3 AND03
4 OR46
5 OR07
6 NOT4
7 I2
Selected
0 OR46
1 OR-NOT73
2 XOR-NOT04
3 AND03
4 OR46
5 OR07
6 NOT4
7 I2

Applying to 11110100
Input
0 1
1 1
2 1
3 1
4 0
5 1
6 0
7 0
Output
0 OR46 = OR(0,0) = 0
1 OR-NOT73 = OR(0,NOT(1)) = 0
2 XOR-NOT04 = XOR(1,NOT(0)) = 0
3 AND03 = AND(1,1) = 1
4 OR46 = OR(0,0) = 0
5 OR07 = OR(1,0) = 1
6 NOT4 = NOT(0) = 1
7 I2 = 1

I will now return the answer in \boxed{}
The answer in \boxed is
\boxed{00010111}