We need to deduce the transformation by matching the example outputs.
I will put my final answer inside \boxed{}.

Output 0: 11010010
0 1
1 1
2 0
3 1
4 0
5 0
6 1
7 0

Output 1: 00010111
0 0
1 0
2 0
3 1
4 0
5 1
6 1
7 1

Output 2: 01111111
0 0
1 1
2 1
3 1
4 1
5 1
6 1
7 1

Output 3: 11100111
0 1
1 1
2 1
3 0
4 0
5 1
6 1
7 1

Output 4: 01110110
0 0
1 1
2 1
3 1
4 0
5 1
6 1
7 0

Output 5: 10011111
0 1
1 0
2 0
3 1
4 1
5 1
6 1
7 1

Output 6: 11011111
0 1
1 1
2 0
3 1
4 1
5 1
6 1
7 1

Output bit columns (with bitsum as hash)
0 1001011 4
1 1011101 5
2 0011100 3
3 1110111 6
4 0010011 3
5 0111111 6
6 1111111 a
7 0111011 5

Input 0: 01001011
0 0
1 1
2 0
3 0
4 1
5 0
6 1
7 1

Input 1: 01011100
0 0
1 1
2 0
3 1
4 1
5 1
6 0
7 0

Input 2: 11111001
0 1
1 1
2 1
3 1
4 1
5 0
6 0
7 1

Input 3: 10011111
0 1
1 0
2 0
3 1
4 1
5 1
6 1
7 1

Input 4: 11010001
0 1
1 1
2 0
3 1
4 0
5 0
6 0
7 1

Input 5: 01111010
0 0
1 1
2 1
3 1
4 1
5 0
6 1
7 0

Input 6: 01110111
0 0
1 1
2 1
3 1
4 0
5 1
6 1
7 1

When matching output
x: not in operator
y: wrong position

Identity
0 0011100 3 match 2
1 1110111 6 match 3
2 0010011 3 match 4
3 0111111 6 match 5
4 1111010 5
5 0101001 3
6 1001011 4 match 0
7 1011101 5 match 1

Matching output
0 6
1 7
2 0
3 1
4 2
5 3
6 absent
7 absent

Left
6 7 0 1 2 3 4x
Best: I6 7 0 1 2 3: 6

Right
none
Best: none

NOT
0 1100011 4
1 0001000 1
2 1101100 4
3 1000000 1
4 0000101 2
5 1010110 4
6 0110100 3
7 0100010 2

Matching output
0 absent
1 absent
2 absent
3 absent
4 absent
5 absent
6 absent
7 absent

Left
none
Best: none

Right
none
Best: none

Constant
0 0000000 a
1 1111111 a match 6

Matching output
0 absent
1 absent
2 absent
3 absent
4 absent
5 absent
6 C1
7 absent

Left
none
Best: none

Right
none
Best: none

AND
01 10 0010100 2
12 21 0010011 3 match 4
23 32 0010011 3 match 4
34 43 0111010 4
45 54 0101000 2
56 65 0001001 2
67 76 1001001 3
70 07 0011100 3 match 2

02 20 0010000 1
13 31 0110111 5
24 42 0010010 2
35 53 0101001 3
46 64 1001010 3
57 75 0001001 2
60 06 0001000 1
71 17 1010101 4

03 30 0011100 3 match 2
14 41 1110010 4
25 52 0000001 1
36 63 0001011 3
47 74 1011000 3
50 05 0001000 1
61 16 1000011 3
72 27 0010001 2

04 40 0011000 2
15 51 0100001 2
26 62 0000011 2
37 73 0011101 4

Matching output
0 absent
1 absent
2 70 07 03 30
3 absent
4 12 21 23 32
5 absent
6 absent
7 absent

Left
none
Best: none

Right
none
Best: none

OR
01 10 1111111 a match 6
12 21 1110111 6 match 3
23 32 0111111 6 match 5
34 43 1111111 a match 6
45 54 1111011 6
56 65 1101011 5
67 76 1011111 6
70 07 1011101 5 match 1

02 20 0011111 5
13 31 1111111 a match 6
24 42 1111011 6
35 53 0111111 6 match 5
46 64 1111011 6
57 75 1111101 6
60 06 1011111 6
71 17 1111111 a match 6

03 30 0111111 6 match 5
14 41 1111111 a match 6
25 52 0111011 5 match 7
36 63 1111111 a match 6
47 74 1111111 a match 6
50 05 0111101 5
61 16 1111111 a match 6
72 27 1011111 6

04 40 1111110 6
15 51 1111111 a match 6
26 62 1011011 5
37 73 1111111 a match 6

Matching output
0 absent
1 70 07
2 absent
3 12 21
4 absent
5 23 32 35 53 03 30
6 01 10 34 43 13 31 71 17 14 41 36 63 47 74 61 16 15 51 37 73
7 25 52

Left
none
Best: none

Right
25 14 03 72x
52 41 30 27x
Best: OR25 14 03: 3

XOR
01 10 1101011 5
12 21 1100100 3
23 32 0101100 3
34 43 1000101 3
45 54 1010011 4
56 65 1100010 3
67 76 0010110 3
70 07 1000001 2

02 20 0001111 4
13 31 1001000 2
24 42 1101001 4
35 53 0010110 3
46 64 0110001 3
57 75 1110100 4
60 06 1010111 5
71 17 0101010 3

03 30 0100011 3
14 41 0001101 3
25 52 0111010 4
36 63 1110100 4
47 74 0100111 4
50 05 0110101 4
61 16 0111100 4
72 27 1001110 4

04 40 1100110 4
15 51 1011110 5
26 62 1011000 3
37 73 1100010 3

Matching output
0 absent
1 absent
2 absent
3 absent
4 absent
5 absent
6 absent
7 absent

Left
none
Best: none

Right
none
Best: none

AND-NOT
01 0001000 1
12 1100100 3
23 0000000 a
34 0000101 2
45 1010010 3
56 0100000 1
67 0000010 1
70 1000001 2

02 0001100 2
13 1000000 1
24 0000001 1
35 0010110 3
46 0110000 2
57 0100000 1
60 1000011 3
71 0001000 1

03 0000000 a
14 0000101 2
25 0010010 2
36 0110100 3
47 0100010 2
50 0100001 2
61 0001000 1
72 1001100 3

04 0000100 1
15 1010110 4
26 0010000 1
37 0100010 2
40 1100010 3
51 0001000 1
62 1001000 2
73 1000000 1

05 0010100 2
16 0110100 3
27 0000010 1
30 0100011 3
41 0001000 1
52 0101000 2
63 1000000 1
74 0000101 2

06 0010100 2
17 0100010 2
20 0000011 2
31 0001000 1
42 1101000 3
53 0000000 a
64 0000001 1
75 1010100 3

07 0000000 a
10 1100011 4
21 0000000 a
32 0101100 3
43 1000000 1
54 0000001 1
65 1000010 2
76 0010100 2

Matching output
0 absent
1 absent
2 absent
3 absent
4 absent
5 absent
6 absent
7 absent

Left
none
Best: none

Right
none
Best: none

OR-NOT
01 0011100 3 match 2
12 1111111 a match 6
23 1010011 4
34 0111111 6 match 5
45 1111110 6
56 0111101 5
67 1101011 5
70 1111111 a match 6

02 1111100 5
13 1110111 6 match 3
24 0010111 4
35 1111111 a match 6
46 1111110 6
57 0101011 4
60 1101011 5
71 1011101 5 match 1

03 1011100 4
14 1110111 6 match 3
25 1010111 5
36 0111111 6 match 5
47 1111010 5
50 1101011 5
61 1001011 4 match 0
72 1111101 6

04 0011101 4
15 1110111 6 match 3
26 0110111 5
37 0111111 6 match 5
40 1111011 6
51 0101001 3
62 1101111 6
73 1011101 5 match 1

05 1011110 5
16 1110111 6 match 3
27 0110011 4
30 1111111 a match 6
41 1111010 5
52 1101101 5
63 1001011 4 match 0
74 1011101 5 match 1

06 0111100 4
17 1110111 6 match 3
20 1110011 5
31 0111111 6 match 5
42 1111110 6
53 1101001 4
64 1001111 5
75 1011111 6

07 0111110 5
10 1110111 6 match 3
21 0011011 4
32 1111111 a match 6
43 1111010 5
54 0101101 4
65 1011111 6
76 1111101 6

Matching output
0 61 63
1 71 73 74
2 01
3 13 14 15 16 17 10
4 absent
5 34 36 37 31
6 12 70 35 30 32
7 absent

Left
61 72x
63 74 05x
Best: OR-NOT63 74: 2

Right
none
Best: none

XOR-NOT
01 0010100 2
12 0011011 4
23 1010011 4
34 0111010 4
45 0101100 3
56 0011101 4
67 1101001 4
70 0111110 5

02 1110000 3
13 0110111 5
24 0010110 3
35 1101001 4
46 1001110 4
57 0001011 3
60 0101000 2
71 1010101 4

03 1011100 4
14 1110010 4
25 1000101 3
36 0001011 3
47 1011000 3
50 1001010 3
61 1000011 3
72 0110001 3

04 0011001 3
15 0100001 2
26 0100111 4
37 0011101 4
40 0011001 3
51 0100001 2
62 0100111 4
73 0011101 4

05 1001010 3
16 1000011 3
27 0110001 3
30 1011100 4
41 1110010 4
52 1000101 3
63 0001011 3
74 1011000 3

06 0101000 2
17 1010101 4
20 1110000 3
31 0110111 5
42 0010110 3
53 1101001 4
64 1001110 4
75 0001011 3

07 0111110 5
10 0010100 2
21 0011011 4
32 1010011 4
43 0111010 4
54 0101100 3
65 0011101 4
76 1101001 4

Matching output
0 absent
1 absent
2 absent
3 absent
4 absent
5 absent
6 absent
7 absent

Left
none
Best: none

Right
none
Best: none

Selecting

Lefts
Identity I6 7 0 1 2 3: 6
NOT none
Constant none
AND none
OR none
XOR none
AND-NOT none
OR-NOT OR-NOT63 74: 2
XOR-NOT none

Rights
Identity none
NOT none
Constant none
AND none
OR OR25 14 03: 3
XOR none
AND-NOT none
OR-NOT none
XOR-NOT none

Left longest: 6
Right longest: 3

Left winner: Identity yes, NOT no, Constant no, AND no, OR no, XOR no, AND-NOT no, OR-NOT no, XOR-NOT no
Right winner: Identity no, NOT no, Constant no, AND no, OR yes, XOR no, AND-NOT no, OR-NOT no, XOR-NOT no

Best left: I6 7 0 1 2 3: 6
Best right: OR25 14 03: 3

Truncated left: I6 7 0 1 2 3: 6
Truncated right: OR25 14: 2 truncated

Tentative from right
7 OR25
6 OR14
5 pending
4 pending
3 pending
2 pending
1 pending
0 pending

Tentative
0 I6
1 I7
2 I0
3 I1
4 I2
5 I3
6 OR14
7 OR25

Preferred from left
0 I6
1 I7
2 I0
3 I1
4 I2
5 I3
6 OR14
7 OR25

Preferred from right
7 OR25
6 OR14
5 I3
4 I2
3 I1
2 I0
1 I7
0 I6

Preferred
0 I6
1 I7
2 I0
3 I1
4 I2
5 I3
6 OR14
7 OR25

Matching
0 I6
1 I7
2 I0
3 I1
4 I2
5 I3
6 OR14
7 OR25

Perfect match
Identity no
NOT no
Constant no
AND no
OR no
XOR no
AND-NOT no
OR-NOT no
XOR-NOT no

Matched
0 I6
1 I7
2 I0
3 I1
4 I2
5 I3
6 OR14
7 OR25


Reselect (whole-word coverage)
0 I6
1 I7
2 I0
3 I1
4 I2
5 OR03
6 OR13
7 OR25
Selected
0 I6
1 I7
2 I0
3 I1
4 I2
5 OR03
6 OR13
7 OR25

Applying to 10100110
Input
0 1
1 0
2 1
3 0
4 0
5 1
6 1
7 0
Output
0 I6 = 1
1 I7 = 0
2 I0 = 1
3 I1 = 0
4 I2 = 1
5 OR03 = OR(1,0) = 1
6 OR13 = OR(0,0) = 0
7 OR25 = OR(1,1) = 1

I will now return the answer in \boxed{}
The answer in \boxed is
\boxed{10101101}