We need to deduce the transformation by matching the example outputs.
I will put my final answer inside \boxed{}.

Output 0: 10000110
0 1
1 0
2 0
3 0
4 0
5 1
6 1
7 0

Output 1: 01010011
0 0
1 1
2 0
3 1
4 0
5 0
6 1
7 1

Output 2: 01011111
0 0
1 1
2 0
3 1
4 1
5 1
6 1
7 1

Output 3: 10001111
0 1
1 0
2 0
3 0
4 1
5 1
6 1
7 1

Output 4: 00000111
0 0
1 0
2 0
3 0
4 0
5 1
6 1
7 1

Output 5: 00000110
0 0
1 0
2 0
3 0
4 0
5 1
6 1
7 0

Output 6: 01111101
0 0
1 1
2 1
3 1
4 1
5 1
6 0
7 1

Output 7: 11011011
0 1
1 1
2 0
3 1
4 1
5 0
6 1
7 1

Output bit columns (with bitsum as hash)
0 10010001 3
1 01100011 4
2 00000010 1
3 01100011 4
4 00110011 4
5 10111110 6
6 11111101 7
7 01111011 6

Input 0: 11001111
0 1
1 1
2 0
3 0
4 1
5 1
6 1
7 1

Input 1: 01110001
0 0
1 1
2 1
3 1
4 0
5 0
6 0
7 1

Input 2: 00000001
0 0
1 0
2 0
3 0
4 0
5 0
6 0
7 1

Input 3: 10100111
0 1
1 0
2 1
3 0
4 0
5 1
6 1
7 1

Input 4: 11000011
0 1
1 1
2 0
3 0
4 0
5 0
6 1
7 1

Input 5: 11001011
0 1
1 1
2 0
3 0
4 1
5 0
6 1
7 1

Input 6: 00010100
0 0
1 0
2 0
3 1
4 0
5 1
6 0
7 0

Input 7: 00100101
0 0
1 0
2 1
3 0
4 0
5 1
6 0
7 1

When matching output
x: not in operator
y: wrong position

Identity
0 10011100 4
1 11001100 4
2 01010001 3
3 01000010 2
4 10000100 2
5 10010011 4
6 10011100 4
7 11111101 7 match 6

Matching output
0 absent
1 absent
2 absent
3 absent
4 absent
5 absent
6 7
7 absent

Left
none
Best: none

Right
none
Best: none

NOT
0 01100011 4 match 1 3
1 00110011 4 match 4
2 10101110 5
3 10111101 6
4 01111011 6 match 7
5 01101100 4
6 01100011 4 match 1 3
7 00000010 1 match 2

Matching output
0 absent
1 0 6
2 7
3 0 6
4 1
5 absent
6 absent
7 4

Left
none
Best: none

Right
4 3x
Best: NOT4: 1

Constant
0 00000000 a
1 11111111 a

Matching output
0 absent
1 absent
2 absent
3 absent
4 absent
5 absent
6 absent
7 absent

Left
none
Best: none

Right
none
Best: none

AND
01 10 10001100 3
12 21 01000000 1
23 32 01000000 1
34 43 00000000 a
45 54 10000000 1
56 65 10010000 2
67 76 10011100 4
70 07 10011100 4

02 20 00010000 1
13 31 01000000 1
24 42 00000000 a
35 53 00000010 1 match 2
46 64 10000100 2
57 75 10010001 3 match 0
60 06 10011100 4
71 17 11001100 4

03 30 00000000 a
14 41 10000100 2
25 52 00010001 2
36 63 00000000 a
47 74 10000100 2
50 05 10010000 2
61 16 10001100 3
72 27 01010001 3

04 40 10000100 2
15 51 10000000 1
26 62 00010000 1
37 73 01000000 1

Matching output
0 57 75
1 absent
2 35 53
3 absent
4 absent
5 absent
6 absent
7 absent

Left
57 60x
75 06x
Best: AND57: 1

Right
none
Best: none

OR
01 10 11011100 5
12 21 11011101 6
23 32 01010011 4
34 43 11000110 4
45 54 10010111 5
56 65 10011111 6
67 76 11111101 7 match 6
70 07 11111101 7 match 6

02 20 11011101 6
13 31 11001110 5
24 42 11010101 5
35 53 11010011 5
46 64 10011100 4
57 75 11111111 a
60 06 10011100 4
71 17 11111101 7 match 6

03 30 11011110 6
14 41 11001100 4
25 52 11010011 5
36 63 11011110 6
47 74 11111101 7 match 6
50 05 10011111 6
61 16 11011100 5
72 27 11111101 7 match 6

04 40 10011100 4
15 51 11011111 7
26 62 11011101 6
37 73 11111111 a

Matching output
0 absent
1 absent
2 absent
3 absent
4 absent
5 absent
6 67 76 70 07 71 17 47 74 72 27
7 absent

Left
none
Best: none

Right
none
Best: none

XOR
01 10 01010000 2
12 21 10011101 5
23 32 00010011 3
34 43 11000110 4
45 54 00010111 4
56 65 00001111 4
67 76 01100001 3
70 07 01100001 3

02 20 11001101 5
13 31 10001110 4
24 42 11010101 5
35 53 11010001 4
46 64 00011000 2
57 75 01101110 5
60 06 00000000 a
71 17 00110001 3

03 30 11011110 6
14 41 01001000 2
25 52 11000010 3
36 63 11011110 6
47 74 01111001 5
50 05 00001111 4
61 16 01010000 2
72 27 10101100 4

04 40 00011000 2
15 51 01011111 6
26 62 11001101 5
37 73 10111111 7

Matching output
0 absent
1 absent
2 absent
3 absent
4 absent
5 absent
6 absent
7 absent

Left
none
Best: none

Right
none
Best: none

AND-NOT
01 00010000 1
12 10001100 3
23 00010001 2
34 01000010 2
45 00000100 1
56 00000011 2
67 00000000 a
70 01100001 3

02 10001100 3
13 10001100 3
24 01010001 3
35 01000000 1
46 00000000 a
57 00000010 1 match 2
60 00000000 a
71 00110001 3

03 10011100 4
14 01001000 2
25 01000000 1
36 01000010 2
47 00000000 a
50 00000011 2
61 00010000 1
72 10101100 4

04 00011000 2
15 01001100 3
26 01000001 2
37 00000010 1 match 2
40 00000000 a
51 00010011 3
62 10001100 3
73 10111101 6

05 00001100 2
16 01000000 1
27 00000000 a
30 01000010 2
41 00000000 a
52 10000010 2
63 10011100 4
74 01111001 5

06 00000000 a
17 00000000 a
20 01000001 2
31 00000010 1 match 2
42 10000100 2
53 10010001 3 match 0
64 00011000 2
75 01101100 4

07 00000000 a
10 01000000 1
21 00010001 2
32 00000010 1 match 2
43 10000100 2
54 00010011 3
65 00001100 2
76 01100001 3

Matching output
0 53
1 absent
2 57 37 31 32
3 absent
4 absent
5 absent
6 absent
7 absent

Left
53 64x
Best: AND-NOT53: 1

Right
none
Best: none

OR-NOT
01 10111111 7
12 11101110 6
23 11111101 7 match 6
34 01111011 6 match 7
45 11101100 5
56 11110011 6
67 10011110 5
70 11111111 a

02 10111110 6 match 5
13 11111101 7 match 6
24 01111011 6 match 7
35 01101110 5
46 11100111 6
57 10010011 4
60 11111111 a
71 11111111 a

03 10111101 6
14 11111111 a
25 01111101 6
36 01100011 4 match 1 3
47 10000110 3
50 11110011 6
61 10111111 7
72 11111111 a

04 11111111 a
15 11101100 5
26 01110011 5
37 01000010 2
40 11100111 6
51 10110011 5
62 10111110 6 match 5
73 11111101 7 match 6

05 11111100 6
16 11101111 7
27 01010011 4
30 01100011 4 match 1 3
41 10110111 6
52 10111111 7
63 10111101 6
74 11111111 a

06 11111111 a
17 11001110 5
20 01110011 5
31 01110011 5
42 10101110 5
53 10111111 7
64 11111111 a
75 11111101 7 match 6

07 10011110 5
10 11101111 7
21 01110011 5
32 11101110 6
43 10111101 6
54 11111011 7
65 11111100 6
76 11111111 a

Matching output
0 absent
1 36 30
2 absent
3 36 30
4 absent
5 02 62
6 23 13 73 75
7 34 24

Left
none
Best: none

Right
34 23 12x
24 13 02 71x
Best: OR-NOT24 13 02: 3

XOR-NOT
01 10101111 6
12 01100010 3
23 11101100 5
34 00111001 4
45 11101000 4
56 11110000 4
67 10011110 5
70 10011110 5

02 00110010 3
13 01110001 4
24 00101010 3
35 00101110 4
46 11100111 6
57 10010001 3 match 0
60 11111111 a
71 11001110 5

03 00100001 2
14 10110111 6
25 00111101 5
36 00100001 2
47 10000110 3
50 11110000 4
61 10101111 6
72 01010011 4

04 11100111 6
15 10100000 2
26 00110010 3
37 01000000 1
40 11100111 6
51 10100000 2
62 00110010 3
73 01000000 1

05 11110000 4
16 10101111 6
27 01010011 4
30 00100001 2
41 10110111 6
52 00111101 5
63 00100001 2
74 10000110 3

06 11111111 a
17 11001110 5
20 00110010 3
31 01110001 4
42 00101010 3
53 00101110 4
64 11100111 6
75 10010001 3 match 0

07 10011110 5
10 10101111 6
21 01100010 3
32 11101100 5
43 00111001 4
54 11101000 4
65 11110000 4
76 10011110 5

Matching output
0 57 75
1 absent
2 absent
3 absent
4 absent
5 absent
6 absent
7 absent

Left
57 60x
75 06x
Best: XOR-NOT57: 1

Right
none
Best: none

Selecting

Lefts
Identity none
NOT none
Constant none
AND AND57: 1
OR none
XOR none
AND-NOT AND-NOT53: 1
OR-NOT none
XOR-NOT XOR-NOT57: 1

Rights
Identity none
NOT NOT4: 1
Constant none
AND none
OR none
XOR none
AND-NOT none
OR-NOT OR-NOT24 13 02: 3
XOR-NOT none

Left longest: 1
Right longest: 3

Right winner: Identity no, NOT no, Constant no, AND no, OR no, XOR no, AND-NOT no, OR-NOT yes, XOR-NOT no
Left winner: Identity no, NOT no, Constant no, AND yes, OR no, XOR no, AND-NOT no, OR-NOT no, XOR-NOT no

Best right: OR-NOT24 13 02: 3
Best left: AND57: 1

Truncated right: OR-NOT24 13 02: 3
Truncated left: AND57: 1

Tentative from right
7 OR-NOT24
6 OR-NOT13
5 OR-NOT02
4 pending
3 pending
2 pending
1 pending
0 pending

Tentative
0 AND57
1 pending
2 pending
3 pending
4 pending
5 OR-NOT02
6 OR-NOT13
7 OR-NOT24

Preferred from right
7 OR-NOT24
6 OR-NOT13
5 OR-NOT02
4 ?71
3 ?60
2 ?57
1 ?46
0 AND57

Preferred from left
0 AND57
1 ?46
2 ?57
3 ?60
4 ?71
5 OR-NOT02
6 OR-NOT13
7 OR-NOT24

Preferred
0 AND57
1 ?46 ?64
2 ?57 ?75
3 ?60 ?06
4 ?71 ?17
5 OR-NOT02
6 OR-NOT13
7 OR-NOT24

Matching
0 AND57
1 ?46 ?64 - Identity absent, NOT NOT6, Constant absent, AND absent, OR absent, XOR absent, AND-NOT absent, OR-NOT absent, XOR-NOT absent
2 ?57 ?75 - Identity absent, NOT NOT7, Constant absent, AND absent, OR absent, XOR absent, AND-NOT57, OR-NOT absent, XOR-NOT absent
3 ?60 ?06 - Identity absent, NOT NOT0 NOT6, Constant absent, AND absent, OR absent, XOR absent, AND-NOT absent, OR-NOT absent, XOR-NOT absent
4 ?71 ?17 - Identity absent, NOT NOT1, Constant absent, AND absent, OR absent, XOR absent, AND-NOT absent, OR-NOT absent, XOR-NOT absent
5 OR-NOT02
6 OR-NOT13
7 OR-NOT24

Perfect match
Identity no
NOT yes
Constant no
AND no
OR no
XOR no
AND-NOT no
OR-NOT no
XOR-NOT no

Matched
0 AND57
1 NOT6
2 NOT7
3 NOT0
4 NOT1
5 OR-NOT02
6 OR-NOT13
7 OR-NOT24

Selected
0 CH(7,5,0)
1 NOT6
2 NOT7
3 NOT0
4 NOT1
5 OR-NOT02
6 OR-NOT13
7 OR-NOT24

Applying to 11001000
Input
0 1
1 1
2 0
3 0
4 1
5 0
6 0
7 0
Output
0 CH(7,5,0) = CH(0,0,1) = 1
1 NOT6 = NOT(0) = 1
2 NOT7 = NOT(0) = 1
3 NOT0 = NOT(1) = 0
4 NOT1 = NOT(1) = 0
5 OR-NOT02 = OR(1,NOT(0)) = 1
6 OR-NOT13 = OR(1,NOT(0)) = 1
7 OR-NOT24 = OR(0,NOT(1)) = 0

I will now return the answer in \boxed{}
The answer in \boxed{–} is \boxed{11100110}