We need to deduce the transformation by matching the example outputs.
I will put my final answer inside \boxed{}.

Output 0: 00000100
0 0
1 0
2 0
3 0
4 0
5 1
6 0
7 0

Output 1: 11000011
0 1
1 1
2 0
3 0
4 0
5 0
6 1
7 1

Output 2: 00111110
0 0
1 0
2 1
3 1
4 1
5 1
6 1
7 0

Output 3: 00000101
0 0
1 0
2 0
3 0
4 0
5 1
6 0
7 1

Output 4: 11111101
0 1
1 1
2 1
3 1
4 1
5 1
6 0
7 1

Output 5: 11100110
0 1
1 1
2 1
3 0
4 0
5 1
6 1
7 0

Output 6: 00100000
0 0
1 0
2 1
3 0
4 0
5 0
6 0
7 0

Output 7: 10101011
0 1
1 0
2 1
3 0
4 1
5 0
6 1
7 1

Output bit columns (with bitsum as hash)
0 01001101 4
1 01001100 3
2 00101111 5
3 00101000 2
4 00101001 3
5 10111100 5
6 01100101 4
7 01011001 4

Input 0: 00000001
0 0
1 0
2 0
3 0
4 0
5 0
6 0
7 1

Input 1: 01111111
0 0
1 1
2 1
3 1
4 1
5 1
6 1
7 1

Input 2: 10011100
0 1
1 0
2 0
3 1
4 1
5 1
6 0
7 0

Input 3: 10010011
0 1
1 0
2 0
3 1
4 0
5 0
6 1
7 1

Input 4: 11100011
0 1
1 1
2 1
3 0
4 0
5 0
6 1
7 1

Input 5: 11100101
0 1
1 1
2 1
3 0
4 0
5 1
6 0
7 1

Input 6: 00001001
0 0
1 0
2 0
3 0
4 1
5 0
6 0
7 1

Input 7: 01100110
0 0
1 1
2 1
3 0
4 0
5 1
6 1
7 0

When matching output
x: not in operator
y: wrong position

Identity
0 00111100 4
1 01001101 4 match 0
2 01001101 4 match 0
3 01110000 3
4 01100010 3
5 01100101 4 match 6
6 01011001 4 match 7
7 11011110 6

Matching output
0 1 2
1 absent
2 absent
3 absent
4 absent
5 absent
6 5
7 6

Left
1 2y
2 3x
Best: I1: 1

Right
6 5 4x
Best: I6 5: 2

NOT
0 11000011 4
1 10110010 4
2 10110010 4
3 10001111 5
4 10011101 5
5 10011010 4
6 10100110 4
7 00100001 2

Matching output
0 absent
1 absent
2 absent
3 absent
4 absent
5 absent
6 absent
7 absent

Left
none
Best: none

Right
none
Best: none

Constant
0 00000000 a
1 11111111 a

Matching output
0 absent
1 absent
2 absent
3 absent
4 absent
5 absent
6 absent
7 absent

Left
none
Best: none

Right
none
Best: none

AND
01 10 00001100 2
12 21 01001101 4 match 0
23 32 01000000 1
34 43 01100000 2
45 54 01100000 2
56 65 01000001 2
67 76 01011000 3
70 07 00011100 3

02 20 00001100 2
13 31 01000000 1
24 42 01000000 1
35 53 01100000 2
46 64 01000000 1
57 75 01000100 2
60 06 00011000 2
71 17 01001100 3 match 1

03 30 00110000 2
14 41 01000000 1
25 52 01000101 3
36 63 01010000 2
47 74 01000010 2
50 05 00100100 2
61 16 01001001 3
72 27 01001100 3 match 1

04 40 00100000 1
15 51 01000101 3
26 62 01001001 3
37 73 01010000 2

Matching output
0 12 21
1 71 17 72 27
2 absent
3 absent
4 absent
5 absent
6 absent
7 absent

Left
12 23x
21 32x
Best: AND12: 1

Right
none
Best: none

OR
01 10 01111101 6
12 21 01001101 4 match 0
23 32 01111101 6
34 43 01110010 4
45 54 01100111 5
56 65 01111101 6
67 76 11011111 7
70 07 11111110 7

02 20 01111101 6
13 31 01111101 6
24 42 01101111 6
35 53 01110101 5
46 64 01111011 6
57 75 11111111 a
60 06 01111101 6
71 17 11011111 7

03 30 01111100 5
14 41 01101111 6
25 52 01101101 5
36 63 01111001 5
47 74 11111110 7
50 05 01111101 6
61 16 01011101 5
72 27 11011111 7

04 40 01111110 6
15 51 01101101 5
26 62 01011101 5
37 73 11111110 7

Matching output
0 12 21
1 absent
2 absent
3 absent
4 absent
5 absent
6 absent
7 absent

Left
12 23x
21 32x
Best: OR12: 1

Right
none
Best: none

XOR
01 10 01110001 4
12 21 00000000 a
23 32 00111101 5
34 43 00010010 2
45 54 00000111 3
56 65 00111100 4
67 76 10000111 4
70 07 11100010 4

02 20 01110001 4
13 31 00111101 5
24 42 00101111 5 match 2
35 53 00010101 3
46 64 00111011 5
57 75 10111011 6
60 06 01100101 4 match 6
71 17 10010011 4

03 30 01001100 3 match 1
14 41 00101111 5 match 2
25 52 00101000 2 match 3
36 63 00101001 3 match 4
47 74 10111100 5 match 5
50 05 01011001 4 match 7
61 16 00010100 2
72 27 10010011 4

04 40 01011110 5
15 51 00101000 2 match 3
26 62 00010100 2
37 73 10101110 5

Matching output
0 absent
1 03 30
2 24 42 14 41
3 25 52 15 51
4 36 63
5 47 74
6 60 06
7 50 05

Left
none
Best: none

Right
50 47y
05 74y
Best: XOR50: 1

AND-NOT
01 00110000 2
12 00000000 a
23 00001101 3
34 00010000 1
45 00000010 1
56 00100100 2
67 00000001 1
70 11000010 3

02 00110000 2
13 00001101 3
24 00001101 3
35 00010000 1
46 00100010 2
57 00100001 2
60 01000001 2
71 10010010 3

03 00001100 2
14 00001101 3
25 00001000 1
36 00100000 1
47 00100000 1
50 01000001 2
61 00010000 1
72 10010010 3

04 00011100 3
15 00001000 1
26 00000100 1
37 00100000 1
40 01000010 2
51 00100000 1
62 00010000 1
73 10001110 4

05 00011000 2
16 00000100 1
27 00000001 1
30 01000000 1
41 00100010 2
52 00100000 1
63 00001001 2
74 10011100 4

06 00100100 2
17 00000001 1
20 01000001 2
31 00110000 2
42 00100010 2
53 00000101 2
64 00011001 3
75 10011010 4

07 00100000 1
10 01000001 2
21 00000000 a
32 00110000 2
43 00000010 1
54 00000101 2
65 00011000 2
76 10000110 3

Matching output
0 absent
1 absent
2 absent
3 absent
4 absent
5 absent
6 absent
7 absent

Left
none
Best: none

Right
none
Best: none

OR-NOT
01 10111110 6
12 11111111 a
23 11001111 6
34 11111101 7
45 11111010 6
56 11100111 6
67 01111001 5
70 11011111 7

02 10111110 6
13 11001111 6
24 11011101 6
35 11111010 6
46 11100110 5
57 01100101 4 match 6
60 11011011 6
71 11111110 7

03 10111111 7
14 11011101 6
25 11011111 7
36 11110110 6
47 01100011 4
50 11100111 6
61 11111011 7
72 11111110 7

04 10111101 6
15 11011111 7
26 11101111 7
37 01110001 4
40 11100011 5
51 11110111 7
62 11111011 7
73 11011111 7

05 10111110 6
16 11101111 7
27 01101101 5
30 11110011 6
41 11110010 5
52 11110111 7
63 11011111 7
74 11011111 7

06 10111110 6
17 01101101 5
20 11001111 6
31 11110010 5
42 11110010 5
53 11101111 7
64 11011101 6
75 11011110 6

07 00111101 5
10 11001111 6
21 11111111 a
32 11110010 5
43 11101111 7
54 11111101 7
65 11011011 6
76 11111110 7

Matching output
0 absent
1 absent
2 absent
3 absent
4 absent
5 absent
6 57
7 absent

Left
none
Best: none

Right
none
Best: none

XOR-NOT
01 10001110 4
12 11111111 a
23 11000010 3
34 11101101 6
45 11111000 5
56 11000011 4
67 01111000 4
70 00011101 4

02 10001110 4
13 11000010 3
24 11010000 3
35 11101010 5
46 11000100 3
57 01000100 2
60 10011010 4
71 01101100 4

03 10110011 5
14 11010000 3
25 11010111 6
36 11010110 5
47 01000011 3
50 10100110 4
61 11101011 6
72 01101100 4

04 10100001 3
15 11010111 6
26 11101011 6
37 01010001 3
40 10100001 3
51 11010111 6
62 11101011 6
73 01010001 3

05 10100110 4
16 11101011 6
27 01101100 4
30 10110011 5
41 11010000 3
52 11010111 6
63 11010110 5
74 01000011 3

06 10011010 4
17 01101100 4
20 10001110 4
31 11000010 3
42 11010000 3
53 11101010 5
64 11000100 3
75 01000100 2

07 00011101 4
10 10001110 4
21 11111111 a
32 11000010 3
43 11101101 6
54 11111000 5
65 11000011 4
76 01111000 4

Matching output
0 absent
1 absent
2 absent
3 absent
4 absent
5 absent
6 absent
7 absent

Left
none
Best: none

Right
none
Best: none

Selecting

Lefts
Identity I1: 1
NOT none
Constant none
AND AND12: 1
OR OR12: 1
XOR none
AND-NOT none
OR-NOT none
XOR-NOT none

Rights
Identity I6 5: 2
NOT none
Constant none
AND none
OR none
XOR XOR50: 1
AND-NOT none
OR-NOT none
XOR-NOT none

Left longest: 1
Right longest: 2

Right winner: Identity yes, NOT no, Constant no, AND no, OR no, XOR no, AND-NOT no, OR-NOT no, XOR-NOT no
Left winner: Identity yes, NOT no, Constant no, AND no, OR no, XOR no, AND-NOT no, OR-NOT no, XOR-NOT no

Best right: I6 5: 2
Best left: I1: 1

Truncated right: I6 5: 2
Truncated left: I1: 1

Tentative from right
7 I6
6 I5
5 pending
4 pending
3 pending
2 pending
1 pending
0 pending

Tentative
0 I1
1 pending
2 pending
3 pending
4 pending
5 pending
6 I5
7 I6

Preferred from right
7 I6
6 I5
5 ??4
4 ??3
3 ??2
2 ??1
1 ??0
0 I1

Preferred from left
0 I1
1 ?20
2 ?31
3 ?42
4 ?53
5 ?64
6 I5
7 I6

Preferred
0 I1
1 ?20 ?02
2 ?31 ?13
3 ?42 ?24
4 ?53 ?35
5 ?64 ?46
6 I5
7 I6

Matching
0 I1
1 ?20 ?02 - Identity absent, NOT absent, Constant absent, AND absent, OR absent, XOR absent, AND-NOT absent, OR-NOT absent, XOR-NOT absent
2 ?31 ?13 - Identity absent, NOT absent, Constant absent, AND absent, OR absent, XOR absent, AND-NOT absent, OR-NOT absent, XOR-NOT absent
3 ?42 ?24 - Identity absent, NOT absent, Constant absent, AND absent, OR absent, XOR absent, AND-NOT absent, OR-NOT absent, XOR-NOT absent
4 ?53 ?35 - Identity absent, NOT absent, Constant absent, AND absent, OR absent, XOR absent, AND-NOT absent, OR-NOT absent, XOR-NOT absent
5 ?64 ?46 - Identity absent, NOT absent, Constant absent, AND absent, OR absent, XOR absent, AND-NOT absent, OR-NOT absent, XOR-NOT absent
6 I5
7 I6

Perfect match
Identity no
NOT no
Constant no
AND no
OR no
XOR no
AND-NOT no
OR-NOT no
XOR-NOT no

Matched
0 I1
1 none
2 none
3 none
4 none
5 none
6 I5
7 I6


Reselect (whole-word coverage)
0 I2
1 XOR03
2 XOR14
3 XOR25
4 XOR36
5 XOR47
6 I5
7 I6
Selected
0 I2
1 XOR03
2 XOR14
3 XOR25
4 XOR36
5 XOR47
6 I5
7 I6

Applying to 10100110
Input
0 1
1 0
2 1
3 0
4 0
5 1
6 1
7 0
Output
0 I2 = 1
1 XOR03 = XOR(1,0) = 1
2 XOR14 = XOR(0,0) = 0
3 XOR25 = XOR(1,1) = 0
4 XOR36 = XOR(0,1) = 1
5 XOR47 = XOR(0,0) = 0
6 I5 = 1
7 I6 = 1

I will now return the answer in \boxed{}
The answer in \boxed is
\boxed{11001011}