We need to deduce the transformation by matching the example outputs.
I will put my final answer inside \boxed{}.

Output 0: 00011111
0 0
1 0
2 0
3 1
4 1
5 1
6 1
7 1

Output 1: 00000000
0 0
1 0
2 0
3 0
4 0
5 0
6 0
7 0

Output 2: 11111111
0 1
1 1
2 1
3 1
4 1
5 1
6 1
7 1

Output 3: 01110101
0 0
1 1
2 1
3 1
4 0
5 1
6 0
7 1

Output 4: 11100011
0 1
1 1
2 1
3 0
4 0
5 0
6 1
7 1

Output 5: 10110111
0 1
1 0
2 1
3 1
4 0
5 1
6 1
7 1

Output 6: 11111111
0 1
1 1
2 1
3 1
4 1
5 1
6 1
7 1

Output 7: 10101111
0 1
1 0
2 1
3 0
4 1
5 1
6 1
7 1

Output 8: 10001010
0 1
1 0
2 0
3 0
4 1
5 0
6 1
7 0

Output 9: 00101111
0 0
1 0
2 1
3 0
4 1
5 1
6 1
7 1

Output bit columns (with bitsum as hash)
0 0010111110 6
1 0011101000 4
2 0011111101 7
3 1011011000 5
4 1010001111 6
5 1011011101 7
6 1010111111 8
7 1011111101 8

Input 0: 01110000
0 0
1 1
2 1
3 1
4 0
5 0
6 0
7 0

Input 1: 00000000
0 0
1 0
2 0
3 0
4 0
5 0
6 0
7 0

Input 2: 11001111
0 1
1 1
2 0
3 0
4 1
5 1
6 1
7 1

Input 3: 01000111
0 0
1 1
2 0
3 0
4 0
5 1
6 1
7 1

Input 4: 00001110
0 0
1 0
2 0
3 0
4 1
5 1
6 1
7 0

Input 5: 01011010
0 0
1 1
2 0
3 1
4 1
5 0
6 1
7 0

Input 6: 11111100
0 1
1 1
2 1
3 1
4 1
5 1
6 0
7 0

Input 7: 10111000
0 1
1 0
2 1
3 1
4 1
5 0
6 0
7 0

Input 8: 00101000
0 0
1 0
2 1
3 0
4 1
5 0
6 0
7 0

Input 9: 00110010
0 0
1 0
2 1
3 1
4 0
5 0
6 1
7 0

When matching output
x: not in operator
y: wrong position

Identity
0 0010001100 3
1 1011011000 5 match 3
2 1000001111 5
3 1000011101 5
4 0010111110 6 match 0
5 0011101000 4 match 1
6 0011110001 5
7 0011000000 2

Matching output
0 4
1 5
2 absent
3 1
4 absent
5 absent
6 absent
7 absent

Left
4 5 6x
Best: I4 5: 2

Right
none
Best: none

NOT
0 1101110011 7
1 0100100111 5
2 0111110000 5
3 0111100010 5
4 1101000001 4
5 1100010111 6
6 1100001110 5
7 1100111111 8

Matching output
0 absent
1 absent
2 absent
3 absent
4 absent
5 absent
6 absent
7 absent

Left
none
Best: none

Right
none
Best: none

Constant
0 0000000000 a
1 1111111111 a

Matching output
0 absent
1 absent
2 absent
3 absent
4 absent
5 absent
6 absent
7 absent

Left
none
Best: none

Right
none
Best: none

AND
01 10 0010001000 2
12 21 1000001000 2
23 32 1000001101 4
34 43 0000011100 3
45 54 0010101000 3
56 65 0011100000 3
67 76 0011000000 2
70 07 0010000000 1

02 20 0000001100 2
13 31 1000011000 3
24 42 0000001110 3
35 53 0000001000 1
46 64 0010110000 3
57 75 0011000000 2
60 06 0010000000 1
71 17 0011000000 2

03 30 0000001100 2
14 41 0010011000 3
25 52 0000001000 1
36 63 0000010001 2
47 74 0010000000 1
50 05 0010001000 2
61 16 0011010000 3
72 27 0000000000 a

04 40 0010001100 3
15 51 0011001000 3
26 62 0000000001 1
37 73 0000000000 a

Matching output
0 absent
1 absent
2 absent
3 absent
4 absent
5 absent
6 absent
7 absent

Left
none
Best: none

Right
none
Best: none

OR
01 10 1011011100 6
12 21 1011011111 8
23 32 1000011111 6
34 43 1010111111 8 match 6
45 54 0011111110 7
56 65 0011111001 6
67 76 0011110001 5
70 07 0011001100 4

02 20 1010001111 6 match 4
13 31 1011011101 7 match 5
24 42 1010111111 8 match 6
35 53 1011111101 8 match 7
46 64 0011111111 8
57 75 0011101000 4 match 1
60 06 0011111101 7 match 2
71 17 1011011000 5 match 3

03 30 1010011101 6
14 41 1011111110 8
25 52 1011101111 8
36 63 1011111101 8 match 7
47 74 0011111110 7
50 05 0011101100 5
61 16 1011111001 7
72 27 1011001111 7

04 40 0010111110 6 match 0
15 51 1011111000 6
26 62 1011111111 9
37 73 1011011101 7 match 5

Matching output
0 04 40
1 57 75
2 60 06
3 71 17
4 02 20
5 13 31 37 73
6 34 43 24 42
7 35 53 36 63

Left
04 15x
40 51x
Best: OR04: 1

Right
35 24 13 02 71 60 57 46x
53 42 31 20 17 06 75 64x
36 25x
63 52x
Best: OR35 24 13 02 71 60 57: 7

XOR
01 10 1001010100 4
12 21 0011010111 6
23 32 0000010010 2
34 43 1010100011 5
45 54 0001010110 4
56 65 0000011001 3
67 76 0000110001 3
70 07 0001001100 3

02 20 1010000011 4
13 31 0011000101 4
24 42 1010110001 5
35 53 1011110101 7
46 64 0001001111 5
57 75 0000101000 2
60 06 0001111101 6
71 17 1000011000 3

03 30 1010010001 4
14 41 1001100110 5
25 52 1011100111 7
36 63 1011101100 6
47 74 0001111110 6
50 05 0001100100 3
61 16 1000101001 4
72 27 1011001111 7

04 40 0000110010 3
15 51 1000110000 3
26 62 1011111110 8
37 73 1011011101 7 match 5

Matching output
0 absent
1 absent
2 absent
3 absent
4 absent
5 37 73
6 absent
7 absent

Left
none
Best: none

Right
none
Best: none

AND-NOT
01 0000000100 1
12 0011010000 3
23 0000000010 1
34 1000000001 2
45 0000010110 3
56 0000001000 1
67 0000110001 3
70 0001000000 1

02 0010000000 1
13 0011000000 2
24 1000000001 2
35 1000010101 4
46 0000001110 3
57 0000101000 2
60 0001110001 4
71 0000000000 a

03 0010000000 1
14 1001000000 2
25 1000000111 4
36 1000001100 3
47 0000111110 5
50 0001100000 2
61 0000100001 2
72 0011000000 2

04 0000000000 a
15 1000010000 2
26 1000001110 4
37 1000011101 5
40 0000110010 3
51 0000100000 1
62 0011110000 4
73 0011000000 2

05 0000000100 1
16 1000001000 2
27 1000001111 5
30 1000010001 3
41 0000100110 3
52 0011100000 3
63 0011100000 3
74 0001000000 1

06 0000001100 2
17 1000011000 3
20 1000000011 3
31 0000000101 2
42 0010110000 3
53 0011100000 3
64 0001000001 2
75 0000000000 a

07 0000001100 2
10 1001010000 3
21 0000000111 3
32 0000010000 1
43 0010100010 3
54 0001000000 1
65 0000010001 2
76 0000000000 a

Matching output
0 absent
1 absent
2 absent
3 absent
4 absent
5 absent
6 absent
7 absent

Left
none
Best: none

Right
none
Best: none

OR-NOT
01 0110101111 7
12 1111111000 7
23 1111101111 9
34 1101011101 7
45 1110111111 9
56 1111101110 8
67 1111111111 a
70 1111110011 8

02 0111111100 7
13 1111111010 8
24 1101001111 7
35 1100011111 7
46 1110111110 8
57 1111111111 a
60 1111110011 8
71 0111100111 7

03 0111101110 7
14 1111011001 7
25 1100011111 7
36 1100011111 7
47 1110111111 9
50 1111111011 9
61 0111110111 8
72 0111110000 5

04 1111001101 7
15 1111011111 9
26 1100001111 6
37 1100111111 8
40 1111111111 a
51 0111101111 8
62 0111110001 6
73 0111100010 5

05 1110011111 8
16 1111011110 8
27 1100111111 8
30 1101111111 9
41 0110111111 8
52 0111111000 6
63 0111110011 7
74 1111000001 5

06 1110001110 6
17 1111111111 a
20 1101111111 9
31 1100111111 8
42 0111111110 8
53 0111101010 6
64 1111110001 7
75 1111010111 8

07 1110111111 9
10 1111111011 9
21 1100101111 7
32 1111111101 9
43 0111111110 8
54 1111101001 7
65 1111110111 9
76 1111001110 7

Matching output
0 absent
1 absent
2 absent
3 absent
4 absent
5 absent
6 absent
7 absent

Left
none
Best: none

Right
none
Best: none

XOR-NOT
01 0110101011 6
12 1100101000 4
23 1111101101 8
34 0101011100 5
45 1110101001 6
56 1111100110 7
67 1111001110 7
70 1110110011 7

02 0101111100 6
13 1100111010 6
24 0101001110 5
35 0100001010 3
46 1110110000 5
57 1111010111 8
60 1110000010 4
71 0111100111 7

03 0101101110 6
14 0110011001 5
25 0100011000 3
36 0100010011 4
47 1110000001 4
50 1110011011 7
61 0111010110 6
72 0100110000 3

04 1111001101 7
15 0111001111 7
26 0100000001 2
37 0100100010 3
40 1111001101 7
51 0111001111 7
62 0100000001 2
73 0100100010 3

05 1110011011 7
16 0111010110 6
27 0100110000 3
30 0101101110 6
41 0110011001 5
52 0100011000 3
63 0100010011 4
74 1110000001 4

06 1110000010 4
17 0111100111 7
20 0101111100 6
31 1100111010 6
42 0101001110 5
53 0100001010 3
64 1110110000 5
75 1111010111 8

07 1110110011 7
10 0110101011 6
21 1100101000 4
32 1111101101 8
43 0101011100 5
54 1110101001 6
65 1111100110 7
76 1111001110 7

Matching output
0 absent
1 absent
2 absent
3 absent
4 absent
5 absent
6 absent
7 absent

Left
none
Best: none

Right
none
Best: none

Selecting

Lefts
Identity I4 5: 2
NOT none
Constant none
AND none
OR OR04: 1
XOR none
AND-NOT none
OR-NOT none
XOR-NOT none

Rights
Identity none
NOT none
Constant none
AND none
OR OR35 24 13 02 71 60 57: 7
XOR none
AND-NOT none
OR-NOT none
XOR-NOT none

Left longest: 2
Right longest: 7

Right winner: Identity no, NOT no, Constant no, AND no, OR yes, XOR no, AND-NOT no, OR-NOT no, XOR-NOT no
Left winner: Identity yes, NOT no, Constant no, AND no, OR no, XOR no, AND-NOT no, OR-NOT no, XOR-NOT no

Best right: OR35 24 13 02 71 60 57: 7
Best left: I4 5: 2

Truncated right: OR35 24 13 02 71 60 57: 7
Truncated left: I4: 1 truncated

Tentative from right
7 OR35
6 OR24
5 OR13
4 OR02
3 OR71
2 OR60
1 OR57
0 pending

Tentative
0 I4
1 OR57
2 OR60
3 OR71
4 OR02
5 OR13
6 OR24
7 OR35

Preferred from right
7 OR35
6 OR24
5 OR13
4 OR02
3 OR71
2 OR60
1 OR57
0 I4

Preferred from left
0 I4
1 OR57
2 OR60
3 OR71
4 OR02
5 OR13
6 OR24
7 OR35

Preferred
0 I4
1 OR57
2 OR60
3 OR71
4 OR02
5 OR13
6 OR24
7 OR35

Matching
0 I4
1 OR57
2 OR60
3 OR71
4 OR02
5 OR13
6 OR24
7 OR35

Perfect match
Identity no
NOT no
Constant no
AND no
OR no
XOR no
AND-NOT no
OR-NOT no
XOR-NOT no

Matched
0 I4
1 OR57
2 OR60
3 OR71
4 OR02
5 OR13
6 OR24
7 OR35


Reselect (whole-word coverage)
0 I4
1 I5
2 OR06
3 OR17
4 OR02
5 OR13
6 OR24
7 OR35
Selected
0 I4
1 I5
2 OR06
3 OR17
4 OR02
5 OR13
6 OR24
7 OR35

Applying to 00000011
Input
0 0
1 0
2 0
3 0
4 0
5 0
6 1
7 1
Output
0 I4 = 0
1 I5 = 0
2 OR06 = OR(0,1) = 1
3 OR17 = OR(0,1) = 1
4 OR02 = OR(0,0) = 0
5 OR13 = OR(0,0) = 0
6 OR24 = OR(0,0) = 0
7 OR35 = OR(0,0) = 0

I will now return the answer in \boxed{}
The answer in \boxed is
\boxed{00110000}