We need to deduce the transformation by matching the example outputs.
I will put my final answer inside \boxed{}.

Output 0: 01110000
0 0
1 1
2 1
3 1
4 0
5 0
6 0
7 0

Output 1: 01111000
0 0
1 1
2 1
3 1
4 1
5 0
6 0
7 0

Output 2: 01011100
0 0
1 1
2 0
3 1
4 1
5 1
6 0
7 0

Output 3: 01101101
0 0
1 1
2 1
3 0
4 1
5 1
6 0
7 1

Output 4: 11010101
0 1
1 1
2 0
3 1
4 0
5 1
6 0
7 1

Output 5: 01001001
0 0
1 1
2 0
3 0
4 1
5 0
6 0
7 1

Output 6: 01101100
0 0
1 1
2 1
3 0
4 1
5 1
6 0
7 0

Output bit columns (with bitsum as hash)
0 0000100 1
1 1111111 a
2 1101001 4
3 1110100 4
4 0111011 5
5 0011101 4
6 0000000 a
7 0001110 3

Input 0: 10000111
0 1
1 0
2 0
3 0
4 0
5 1
6 1
7 1

Input 1: 11000111
0 1
1 1
2 0
3 0
4 0
5 1
6 1
7 1

Input 2: 11100010
0 1
1 1
2 1
3 0
4 0
5 0
6 1
7 0

Input 3: 01101011
0 0
1 1
2 1
3 0
4 1
5 0
6 1
7 1

Input 4: 10101110
0 1
1 0
2 1
3 0
4 1
5 1
6 1
7 0

Input 5: 01001010
0 0
1 1
2 0
3 0
4 1
5 0
6 1
7 0

Input 6: 01100011
0 0
1 1
2 1
3 0
4 0
5 0
6 1
7 1

When matching output
x: not in operator
y: wrong position

Identity
0 1110100 4 match 3
1 0111011 5 match 4
2 0011101 4 match 5
3 0000000 a match 6
4 0001110 3 match 7
5 1100100 3
6 1111111 a match 1
7 1101001 4 match 2

Matching output
0 absent
1 6
2 7
3 0
4 1
5 2
6 3
7 4

Left
none
Best: none

Right
4 3 2 1 0 7 6 5x
Best: I4 3 2 1 0 7 6: 7

NOT
0 0001011 3
1 1000100 2
2 1100010 3
3 1111111 a match 1
4 1110001 4
5 0011011 4
6 0000000 a match 6
7 0010110 3

Matching output
0 absent
1 3
2 absent
3 absent
4 absent
5 absent
6 6
7 absent

Left
none
Best: none

Right
none
Best: none

Constant
0 0000000 a match 6
1 1111111 a match 1

Matching output
0 absent
1 C1
2 absent
3 absent
4 absent
5 absent
6 C0
7 absent

Left
none
Best: none

Right
none
Best: none

AND
01 10 0110000 2
12 21 0011001 3
23 32 0000000 a match 6
34 43 0000000 a match 6
45 54 0000100 1 match 0
56 65 1100100 3
67 76 1101001 4 match 2
70 07 1100000 2

02 20 0010100 2
13 31 0000000 a match 6
24 42 0001100 2
35 53 0000000 a match 6
46 64 0001110 3 match 7
57 75 1100000 2
60 06 1110100 4 match 3
71 17 0101001 3

03 30 0000000 a match 6
14 41 0001010 2
25 52 0000100 1 match 0
36 63 0000000 a match 6
47 74 0001000 1
50 05 1100100 3
61 16 0111011 5 match 4
72 27 0001001 2

04 40 0000100 1 match 0
15 51 0100000 1
26 62 0011101 4 match 5
37 73 0000000 a match 6

Matching output
0 45 54 25 52 04 40
1 absent
2 67 76
3 60 06
4 61 16
5 26 62
6 23 32 34 43 13 31 35 53 03 30 36 63 37 73
7 46 64

Left
45 56x
54 65x
25 36y
52 63y
04 15x
40 51x
Best: AND45: 1

Right
46 35 24x
64 53 42x
Best: AND46 35: 2

OR
01 10 1111111 a match 1
12 21 0111111 6
23 32 0011101 4 match 5
34 43 0001110 3 match 7
45 54 1101110 5
56 65 1111111 a match 1
67 76 1111111 a match 1
70 07 1111101 6

02 20 1111101 6
13 31 0111011 5 match 4
24 42 0011111 5
35 53 1100100 3
46 64 1111111 a match 1
57 75 1101101 5
60 06 1111111 a match 1
71 17 1111011 6

03 30 1110100 4 match 3
14 41 0111111 6
25 52 1111101 6
36 63 1111111 a match 1
47 74 1101111 6
50 05 1110100 4 match 3
61 16 1111111 a match 1
72 27 1111101 6

04 40 1111110 6
15 51 1111111 a match 1
26 62 1111111 a match 1
37 73 1101001 4 match 2

Matching output
0 absent
1 01 10 56 65 67 76 46 64 60 06 36 63 61 16 15 51 26 62
2 37 73
3 03 30 50 05
4 13 31
5 23 32
6 absent
7 34 43

Left
none
Best: none

Right
34 23y
43 32y
Best: OR34: 1

XOR
01 10 1001111 5
12 21 0100110 3
23 32 0011101 4 match 5
34 43 0001110 3 match 7
45 54 1101010 4
56 65 0011011 4
67 76 0010110 3
70 07 0011101 4 match 5

02 20 1101001 4 match 2
13 31 0111011 5 match 4
24 42 0010011 3
35 53 1100100 3
46 64 1110001 4
57 75 0001101 3
60 06 0001011 3
71 17 1010010 3

03 30 1110100 4 match 3
14 41 0110101 4
25 52 1111001 5
36 63 1111111 a match 1
47 74 1100111 5
50 05 0010000 1
61 16 1000100 2
72 27 1110100 4 match 3

04 40 1111010 5
15 51 1011111 6
26 62 1100010 3
37 73 1101001 4 match 2

Matching output
0 absent
1 36 63
2 02 20 37 73
3 03 30 72 27
4 13 31
5 23 32 70 07
6 absent
7 34 43

Left
none
Best: none

Right
34 23y
43 32y
Best: XOR34: 1

AND-NOT
01 1000100 2
12 0100010 2
23 0011101 4 match 5
34 0000000 a match 6
45 0001010 2
56 0000000 a match 6
67 0010110 3
70 0001001 2

02 1100000 2
13 0111011 5 match 4
24 0010001 2
35 0000000 a match 6
46 0000000 a match 6
57 0000100 1 match 0
60 0001011 3
71 1000000 1

03 1110100 4 match 3
14 0110001 3
25 0011001 3
36 0000000 a match 6
47 0000110 2
50 0000000 a match 6
61 1000100 2
72 1100000 2

04 1110000 3
15 0011011 4
26 0000000 a match 6
37 0000000 a match 6
40 0001010 2
51 1000100 2
62 1100010 3
73 1101001 4 match 2

05 0010000 1
16 0000000 a match 6
27 0010100 2
30 0000000 a match 6
41 0000100 1 match 0
52 1100000 2
63 1111111 a match 1
74 1100001 3

06 0000000 a match 6
17 0010010 2
20 0001001 2
31 0000000 a match 6
42 0000010 1
53 1100100 3
64 1110001 4
75 0001001 2

07 0010100 2
10 0001011 3
21 0000100 1 match 0
32 0000000 a match 6
43 0001110 3 match 7
54 1100000 2
65 0011011 4
76 0000000 a match 6

Matching output
0 57 41 21
1 63
2 73
3 03
4 13
5 23
6 34 56 35 46 36 50 26 37 16 30 06 31 32 76
7 43

Left
57 60x
41 52x
21 32y
Best: AND-NOT57: 1

Right
43 32 21y
Best: AND-NOT43 32: 2

OR-NOT
01 1110100 4 match 3
12 1111011 6
23 1111111 a match 1
34 1110001 4
45 0011111 5
56 1100100 3
67 1111111 a match 1
70 1101011 5

02 1110110 5
13 1111111 a match 1
24 1111101 6
35 0011011 4
46 0001110 3 match 7
57 1110110 5
60 1111111 a match 1
71 1101101 5

03 1111111 a match 1
14 1111011 6
25 0011111 5
36 0000000 a match 6
47 0011110 4
50 1101111 6
61 1111111 a match 1
72 1101011 5

04 1110101 5
15 0111011 5 match 4
26 0011101 4 match 5
37 0010110 3
40 0001111 4
51 1100100 3
62 1111111 a match 1
73 1111111 a match 1

05 1111111 a match 1
16 0111011 5 match 4
27 0011111 5
30 0001011 3
41 1001110 4
52 1100110 4
63 1111111 a match 1
74 1111001 5

06 1110100 4 match 3
17 0111111 6
20 0011111 5
31 1000100 2
42 1101110 5
53 1111111 a match 1
64 1111111 a match 1
75 1111011 6

07 1110110 5
10 0111011 5 match 4
21 1011101 5
32 1100010 3
43 1111111 a match 1
54 1110101 5
65 1111111 a match 1
76 1101001 4 match 2

Matching output
0 absent
1 23 67 13 60 03 61 62 73 05 63 53 64 43 65
2 76
3 01 06
4 15 16 10
5 26
6 36
7 46

Left
none
Best: none

Right
46 35x
Best: OR-NOT46: 1

XOR-NOT
01 0110000 2
12 1011001 4
23 1100010 3
34 1110001 4
45 0010101 3
56 1100100 3
67 1101001 4 match 2
70 1100010 3

02 0010110 3
13 1000100 2
24 1101100 4
35 0011011 4
46 0001110 3 match 7
57 1110010 4
60 1110100 4 match 3
71 0101101 4

03 0001011 3
14 1001010 3
25 0000110 2
36 0000000 a match 6
47 0011000 2
50 1101111 6
61 0111011 5 match 4
72 0001011 3

04 0000101 2
15 0100000 1
26 0011101 4 match 5
37 0010110 3
40 0000101 2
51 0100000 1
62 0011101 4 match 5
73 0010110 3

05 1101111 6
16 0111011 5 match 4
27 0001011 3
30 0001011 3
41 1001010 3
52 0000110 2
63 0000000 a match 6
74 0011000 2

06 1110100 4 match 3
17 0101101 4
20 0010110 3
31 1000100 2
42 1101100 4
53 0011011 4
64 0001110 3 match 7
75 1110010 4

07 1100010 3
10 0110000 2
21 1011001 4
32 1100010 3
43 1110001 4
54 0010101 3
65 1100100 3
76 1101001 4 match 2

Matching output
0 absent
1 absent
2 67 76
3 60 06
4 61 16
5 26 62
6 36 63
7 46 64

Left
none
Best: none

Right
46 35x
64 53x
Best: XOR-NOT46: 1

Selecting

Lefts
Identity none
NOT none
Constant none
AND AND45: 1
OR none
XOR none
AND-NOT AND-NOT57: 1
OR-NOT none
XOR-NOT none

Rights
Identity I4 3 2 1 0 7 6: 7
NOT none
Constant none
AND AND46 35: 2
OR OR34: 1
XOR XOR34: 1
AND-NOT AND-NOT43 32: 2
OR-NOT OR-NOT46: 1
XOR-NOT XOR-NOT46: 1

Left longest: 1
Right longest: 7

Right winner: Identity yes, NOT no, Constant no, AND no, OR no, XOR no, AND-NOT no, OR-NOT no, XOR-NOT no
Left winner: Identity no, NOT no, Constant no, AND yes, OR no, XOR no, AND-NOT no, OR-NOT no, XOR-NOT no

Best right: I4 3 2 1 0 7 6: 7
Best left: AND45: 1

Truncated right: I4 3 2 1 0 7 6: 7
Truncated left: AND45: 1

Tentative from right
7 I4
6 I3
5 I2
4 I1
3 I0
2 I7
1 I6
0 pending

Tentative
0 AND45
1 I6
2 I7
3 I0
4 I1
5 I2
6 I3
7 I4

Preferred from right
7 I4
6 I3
5 I2
4 I1
3 I0
2 I7
1 I6
0 AND45

Preferred from left
0 AND45
1 I6
2 I7
3 I0
4 I1
5 I2
6 I3
7 I4

Preferred
0 AND45
1 I6
2 I7
3 I0
4 I1
5 I2
6 I3
7 I4

Matching
0 AND45
1 I6
2 I7
3 I0
4 I1
5 I2
6 I3
7 I4

Perfect match
Identity no
NOT no
Constant no
AND no
OR no
XOR no
AND-NOT no
OR-NOT no
XOR-NOT no

Matched
0 AND45
1 I6
2 I7
3 I0
4 I1
5 I2
6 I3
7 I4

Selected
0 CH(7,3,5)
1 I6
2 I7
3 I0
4 I1
5 I2
6 I3
7 I4

Applying to 11000100
Input
0 1
1 1
2 0
3 0
4 0
5 1
6 0
7 0
Output
0 CH(7,3,5) = CH(0,0,1) = 1
1 I6 = 0
2 I7 = 0
3 I0 = 1
4 I1 = 1
5 I2 = 0
6 I3 = 0
7 I4 = 0

I will now return the answer in \boxed{}
The answer in \boxed{–} is \boxed{10011000}