We need to deduce the transformation by matching the example outputs.
I will put my final answer inside \boxed{}.

Output 0: 00000001
0 0
1 0
2 0
3 0
4 0
5 0
6 0
7 1

Output 1: 00000000
0 0
1 0
2 0
3 0
4 0
5 0
6 0
7 0

Output 2: 00000000
0 0
1 0
2 0
3 0
4 0
5 0
6 0
7 0

Output 3: 11100000
0 1
1 1
2 1
3 0
4 0
5 0
6 0
7 0

Output 4: 11100001
0 1
1 1
2 1
3 0
4 0
5 0
6 0
7 1

Output 5: 11000001
0 1
1 1
2 0
3 0
4 0
5 0
6 0
7 1

Output 6: 01000000
0 0
1 1
2 0
3 0
4 0
5 0
6 0
7 0

Output 7: 10000000
0 1
1 0
2 0
3 0
4 0
5 0
6 0
7 0

Output bit columns (with bitsum as hash)
0 00011101 4
1 00011110 4
2 00011000 2
3 00000000 a
4 00000000 a
5 00000000 a
6 00000000 a
7 10001100 3

Input 0: 11000000
0 1
1 1
2 0
3 0
4 0
5 0
6 0
7 0

Input 1: 00110000
0 0
1 0
2 1
3 1
4 0
5 0
6 0
7 0

Input 2: 00000000
0 0
1 0
2 0
3 0
4 0
5 0
6 0
7 0

Input 3: 01110111
0 0
1 1
2 1
3 1
4 0
5 1
6 1
7 1

Input 4: 11101111
0 1
1 1
2 1
3 0
4 1
5 1
6 1
7 1

Input 5: 10001110
0 1
1 0
2 0
3 0
4 1
5 1
6 1
7 0

Input 6: 00101010
0 0
1 0
2 1
3 0
4 1
5 0
6 1
7 0

Input 7: 01100100
0 0
1 1
2 1
3 0
4 0
5 1
6 0
7 0

When matching output
x: not in operator
y: wrong position

Identity
0 10001100 3 match 7
1 10011001 4
2 01011011 5
3 01010000 2
4 00001110 3
5 00011101 4 match 0
6 00011110 4 match 1
7 00011000 2 match 2

Matching output
0 5
1 6
2 7
3 absent
4 absent
5 absent
6 absent
7 0

Left
5 6 7 0y
Best: I5 6 7: 3

Right
0 7y
Best: I0: 1

NOT
0 01110011 5
1 01100110 4
2 10100100 3
3 10101111 6
4 11110001 5
5 11100010 4
6 11100001 4
7 11100111 6

Matching output
0 absent
1 absent
2 absent
3 absent
4 absent
5 absent
6 absent
7 absent

Left
none
Best: none

Right
none
Best: none

Constant
0 00000000 a match 3 4 5 6
1 11111111 a

Matching output
0 absent
1 absent
2 absent
3 C0
4 C0
5 C0
6 C0
7 absent

Left
none
Best: none

Right
none
Best: none

AND
01 10 10001000 2
12 21 00011001 3
23 32 01010000 2
34 43 00000000 a match 3 4 5 6
45 54 00001100 2
56 65 00011100 3
67 76 00011000 2 match 2
70 07 00001000 1

02 20 00001000 1
13 31 00010000 1
24 42 00001010 2
35 53 00010000 1
46 64 00001110 3
57 75 00011000 2 match 2
60 06 00001100 2
71 17 00011000 2 match 2

03 30 00000000 a match 3 4 5 6
14 41 00001000 1
25 52 00011001 3
36 63 00010000 1
47 74 00001000 1
50 05 00001100 2
61 16 00011000 2 match 2
72 27 00011000 2 match 2

04 40 00001100 2
15 51 00011001 3
26 62 00011010 3
37 73 00010000 1

Matching output
0 absent
1 absent
2 67 76 57 75 71 17 61 16 72 27
3 34 43 03 30
4 34 43 03 30
5 34 43 03 30
6 34 43 03 30
7 absent

Left
none
Best: none

Right
none
Best: none

OR
01 10 10011101 5
12 21 11011011 6
23 32 01011011 5
34 43 01011110 5
45 54 00011111 5
56 65 00011111 5
67 76 00011110 4 match 1
70 07 10011100 4

02 20 11011111 7
13 31 11011001 5
24 42 01011111 6
35 53 01011101 5
46 64 00011110 4 match 1
57 75 00011101 4 match 0
60 06 10011110 5
71 17 10011001 4

03 30 11011100 5
14 41 10011111 6
25 52 01011111 6
36 63 01011110 5
47 74 00011110 4 match 1
50 05 10011101 5
61 16 10011111 6
72 27 01011011 5

04 40 10001110 4
15 51 10011101 5
26 62 01011111 6
37 73 01011000 3

Matching output
0 57 75
1 67 76 46 64 47 74
2 absent
3 absent
4 absent
5 absent
6 absent
7 absent

Left
57 60x
75 06x
Best: OR57: 1

Right
none
Best: none

XOR
01 10 00010101 3
12 21 11000010 3
23 32 00001011 3
34 43 01011110 5
45 54 00010011 3
56 65 00000011 2
67 76 00000110 2
70 07 10010100 3

02 20 11010111 6
13 31 11001001 4
24 42 01010101 4
35 53 01001101 4
46 64 00010000 1
57 75 00000101 2
60 06 10010010 3
71 17 10000001 2

03 30 11011100 5
14 41 10010111 5
25 52 01000110 3
36 63 01001110 4
47 74 00010110 3
50 05 10010001 3
61 16 10000111 4
72 27 01000011 3

04 40 10000010 2
15 51 10000100 2
26 62 01000101 3
37 73 01001000 2

Matching output
0 absent
1 absent
2 absent
3 absent
4 absent
5 absent
6 absent
7 absent

Left
none
Best: none

Right
none
Best: none

AND-NOT
01 00000100 1
12 10000000 1
23 00001011 3
34 01010000 2
45 00000010 1
56 00000001 1
67 00000110 2
70 00010000 1

02 10000100 2
13 10001001 3
24 01010001 3
35 01000000 1
46 00000000 a match 3 4 5 6
57 00000101 2
60 00010010 2
71 00000000 a match 3 4 5 6

03 10001100 3 match 7
14 10010001 3
25 01000010 2
36 01000000 1
47 00000110 2
50 00010001 2
61 00000110 2
72 00000000 a match 3 4 5 6

04 10000000 1
15 10000000 1
26 01000001 2
37 01000000 1
40 00000010 1
51 00000100 1
62 00000100 1
73 00001000 1

05 10000000 1
16 10000001 2
27 01000011 3
30 01010000 2
41 00000110 2
52 00000100 1
63 00001110 3
74 00010000 1

06 10000000 1
17 10000001 2
20 01010011 4
31 01000000 1
42 00000100 1
53 00001101 3
64 00010000 1
75 00000000 a match 3 4 5 6

07 10000100 2
10 00010001 2
21 01000010 2
32 00000000 a match 3 4 5 6
43 00001110 3
54 00010001 2
65 00000010 1
76 00000000 a match 3 4 5 6

Matching output
0 absent
1 absent
2 absent
3 46 71 72 75 32 76
4 46 71 72 75 32 76
5 46 71 72 75 32 76
6 46 71 72 75 32 76
7 03

Left
none
Best: none

Right
03 72 61x
Best: AND-NOT03 72: 2

OR-NOT
01 11101110 6
12 10111101 6
23 11111111 a
34 11110001 5
45 11101110 6
56 11111101 7
67 11111111 a
70 01111011 6

02 10101100 4
13 10111111 7
24 11111011 7
35 11110010 5
46 11101111 7
57 11111111 a
60 01111111 7
71 01111110 6

03 10101111 6
14 11111001 6
25 11111011 7
36 11110001 5
47 11101111 7
50 01111111 7
61 01111110 6
72 10111100 5

04 11111101 7
15 11111011 7
26 11111011 7
37 11110111 7
40 01111111 7
51 01111111 7
62 10111110 6
73 10111111 7

05 11101110 6
16 11111001 6
27 11111111 a
30 01110011 5
41 01101110 5
52 10111101 6
63 10111111 7
74 11111001 6

06 11101101 6
17 11111111 a
20 01111011 6
31 01110110 5
42 10101110 5
53 10111111 7
64 11111111 a
75 11111010 6

07 11101111 7
10 11111011 7
21 01111111 7
32 11110100 5
43 10101111 6
54 11111101 7
65 11111110 7
76 11111001 6

Matching output
0 absent
1 absent
2 absent
3 absent
4 absent
5 absent
6 absent
7 absent

Left
none
Best: none

Right
none
Best: none

XOR-NOT
01 11101010 5
12 00111101 5
23 11110100 5
34 10100001 3
45 11101100 5
56 11111100 6
67 11111001 6
70 01101011 5

02 00101000 2
13 00110110 4
24 10101010 4
35 10110010 4
46 11101111 7
57 11111010 6
60 01101101 5
71 01111110 6

03 00100011 3
14 01101000 3
25 10111001 5
36 10110001 4
47 11101001 5
50 01101110 5
61 01111000 4
72 10111100 5

04 01111101 6
15 01111011 6
26 10111010 5
37 10110111 6
40 01111101 6
51 01111011 6
62 10111010 5
73 10110111 6

05 01101110 5
16 01111000 4
27 10111100 5
30 00100011 3
41 01101000 3
52 10111001 5
63 10110001 4
74 11101001 5

06 01101101 5
17 01111110 6
20 00101000 2
31 00110110 4
42 10101010 4
53 10110010 4
64 11101111 7
75 11111010 6

07 01101011 5
10 11101010 5
21 00111101 5
32 11110100 5
43 10100001 3
54 11101100 5
65 11111100 6
76 11111001 6

Matching output
0 absent
1 absent
2 absent
3 absent
4 absent
5 absent
6 absent
7 absent

Left
none
Best: none

Right
none
Best: none

Selecting

Lefts
Identity I5 6 7: 3
NOT none
Constant none
AND none
OR OR57: 1
XOR none
AND-NOT none
OR-NOT none
XOR-NOT none

Rights
Identity I0: 1
NOT none
Constant none
AND none
OR none
XOR none
AND-NOT AND-NOT03 72: 2
OR-NOT none
XOR-NOT none

Left longest: 3
Right longest: 2

Left winner: Identity yes, NOT no, Constant no, AND no, OR no, XOR no, AND-NOT no, OR-NOT no, XOR-NOT no
Right winner: Identity no, NOT no, Constant no, AND no, OR no, XOR no, AND-NOT yes, OR-NOT no, XOR-NOT no

Best left: I5 6 7: 3
Best right: AND-NOT03 72: 2

Truncated left: I5 6 7: 3
Truncated right: AND-NOT03 72: 2

Tentative from right
7 AND-NOT03
6 AND-NOT72
5 pending
4 pending
3 pending
2 pending
1 pending
0 pending

Tentative
0 I5
1 I6
2 I7
3 pending
4 pending
5 pending
6 AND-NOT72
7 AND-NOT03

Preferred from left
0 I5
1 I6
2 I7
3 ?0?
4 ?1?
5 ?2?
6 AND-NOT72
7 AND-NOT03

Preferred from right
7 AND-NOT03
6 AND-NOT72
5 ?2?
4 ?1?
3 ?0?
2 I7
1 I6
0 I5

Preferred
0 I5
1 I6
2 I7
3 ?0?
4 ?1?
5 ?2?
6 AND-NOT72
7 AND-NOT03

Matching
0 I5
1 I6
2 I7
3 ?0? - Identity absent, NOT absent, Constant C0, AND03, OR absent, XOR absent, AND-NOT absent, OR-NOT absent, XOR-NOT absent
4 ?1? - Identity absent, NOT absent, Constant C0, AND absent, OR absent, XOR absent, AND-NOT absent, OR-NOT absent, XOR-NOT absent
5 ?2? - Identity absent, NOT absent, Constant C0, AND absent, OR absent, XOR absent, AND-NOT absent, OR-NOT absent, XOR-NOT absent
6 AND-NOT72
7 AND-NOT03

Perfect match
Identity no
NOT no
Constant yes
AND no
OR no
XOR no
AND-NOT no
OR-NOT no
XOR-NOT no

Matched
0 I5
1 I6
2 I7
3 C0
4 C0
5 C0
6 AND-NOT72
7 AND-NOT03


Reselect (whole-word coverage)
0 I5
1 I6
2 I7
3 C0
4 C0
5 C0
6 C0
7 I0
Selected
0 I5
1 I6
2 I7
3 C0
4 C0
5 C0
6 C0
7 I0

Applying to 01010101
Input
0 0
1 1
2 0
3 1
4 0
5 1
6 0
7 1
Output
0 I5 = 1
1 I6 = 0
2 I7 = 1
3 C0 = 0
4 C0 = 0
5 C0 = 0
6 C0 = 0
7 I0 = 0

I will now return the answer in \boxed{}
The answer in \boxed{–} is \boxed{10100000}